framenum,queue density
1,0.260052
2,0.255295
3,0.252656
4,0.248542
5,0.244271
6,0.244028
7,0.244583
8,0.248958
9,0.250174
10,0.258576
11,0.266927
12,0.271997
13,0.281372
14,0.290868
15,0.293594
16,0.300365
17,0.307222
18,0.308524
19,0.315399
20,0.314045
21,0.317378
22,0.323003
23,0.326476
24,0.32941
25,0.32849
26,0.327656
27,0.328056
28,0.323958
29,0.32309
30,0.322483
31,0.319844
32,0.320625
33,0.320538
34,0.319045
35,0.321233
36,0.322413
37,0.320208
38,0.322639
39,0.325
40,0.323507
41,0.325347
42,0.325156
43,0.322674
44,0.320538
45,0.308628
46,0.309462
47,0.306146
48,0.306111
49,0.304826
50,0.303403
51,0.304601
52,0.301424
53,0.301458
54,0.299323
55,0.298819
56,0.298785
57,0.297656
58,0.29809
59,0.298177
60,0.299427
61,0.297969
62,0.298993
63,0.297917
64,0.298056
65,0.298229
66,0.297205
67,0.297448
68,0.295851
69,0.295938
70,0.290538
71,0.29158
72,0.292674
73,0.293854
74,0.295972
75,0.29625
76,0.298021
77,0.297118
78,0.297205
79,0.295729
80,0.297066
81,0.298438
82,0.299549
83,0.302118
84,0.303785
85,0.308333
86,0.314653
87,0.317569
88,0.325764
89,0.334358
90,0.33691
91,0.343351
92,0.349514
93,0.351163
94,0.359635
95,0.368021
96,0.370625
97,0.376753
98,0.382378
99,0.388681
100,0.393385
101,0.398056
102,0.400799
103,0.406389
104,0.407656
105,0.408038
106,0.407344
107,0.407639
108,0.407274
109,0.406858
110,0.403125
111,0.405139
112,0.40033
113,0.399479
114,0.398663
115,0.396823
116,0.396215
117,0.394132
118,0.391389
119,0.390833
120,0.38217
121,0.38599
122,0.390868
123,0.392795
124,0.398073
125,0.403003
126,0.40467
127,0.409253
128,0.413316
129,0.414115
130,0.417326
131,0.420938
132,0.422639
133,0.425625
134,0.427535
135,0.427812
136,0.431042
137,0.433628
138,0.432135
139,0.433021
140,0.430399
141,0.431823
142,0.430052
143,0.429948
144,0.429566
145,0.419601
146,0.419132
147,0.419635
148,0.419288
149,0.418281
150,0.416649
151,0.414149
152,0.411545
153,0.409653
154,0.407118
155,0.402569
156,0.399531
157,0.397917
158,0.393611
159,0.392865
160,0.389635
161,0.388247
162,0.386684
163,0.384931
164,0.381875
165,0.380955
166,0.378785
167,0.377014
168,0.376684
169,0.377569
170,0.36934
171,0.370799
172,0.369635
173,0.367118
174,0.36592
175,0.364201
176,0.364184
177,0.363611
178,0.364323
179,0.36309
180,0.362483
181,0.361649
182,0.361875
183,0.359653
184,0.361701
185,0.360556
186,0.361076
187,0.358819
188,0.357708
189,0.358056
190,0.357951
191,0.356319
192,0.355382
193,0.35474
194,0.354549
195,0.350799
196,0.351024
197,0.350799
198,0.350573
199,0.350642
200,0.350417
201,0.350573
202,0.350295
203,0.350313
204,0.35059
205,0.349983
206,0.349983
207,0.349983
208,0.349774
209,0.350104
210,0.350156
211,0.350816
212,0.350243
213,0.350469
214,0.350191
215,0.350451
216,0.350851
217,0.350556
218,0.350503
219,0.350503
220,0.351007
221,0.351719
222,0.352031
223,0.352101
224,0.351632
225,0.351823
226,0.351076
227,0.351597
228,0.351302
229,0.35125
230,0.350868
231,0.35092
232,0.350122
233,0.350469
234,0.349653
235,0.349913
236,0.350625
237,0.350538
238,0.349757
239,0.348854
240,0.348316
241,0.348003
242,0.348941
243,0.34809
244,0.348403
245,0.348455
246,0.348837
247,0.34908
248,0.349201
249,0.350069
250,0.351024
251,0.350417
252,0.350278
253,0.350208
254,0.350017
255,0.349861
256,0.350538
257,0.351406
258,0.351111
259,0.350712
260,0.350868
261,0.350955
262,0.350365
263,0.350191
264,0.349531
265,0.349132
266,0.348715
267,0.34875
268,0.348299
269,0.348038
270,0.343472
271,0.343125
272,0.343351
273,0.342882
274,0.342951
275,0.342743
276,0.341771
277,0.341528
278,0.340938
279,0.340625
280,0.340747
281,0.34191
282,0.342795
283,0.344271
284,0.34526
285,0.345486
286,0.346111
287,0.347431
288,0.347587
289,0.347813
290,0.347292
291,0.346701
292,0.34625
293,0.345174
294,0.344479
295,0.340521
296,0.34
297,0.339792
298,0.338368
299,0.337448
300,0.337118
301,0.336476
302,0.336753
303,0.33651
304,0.33658
305,0.336597
306,0.337031
307,0.337691
308,0.337674
309,0.337917
310,0.338646
311,0.338368
312,0.338177
313,0.337569
314,0.338333
315,0.338542
316,0.338628
317,0.338438
318,0.338559
319,0.338403
320,0.34033
321,0.341493
322,0.341233
323,0.341146
324,0.341458
325,0.34151
326,0.342031
327,0.34224
328,0.341927
329,0.34217
330,0.341771
331,0.342274
332,0.3425
333,0.342778
334,0.342743
335,0.34276
336,0.342865
337,0.34309
338,0.342795
339,0.342865
340,0.343438
341,0.343472
342,0.343611
343,0.345399
344,0.347708
345,0.350313
346,0.353455
347,0.35566
348,0.356997
349,0.360382
350,0.362049
351,0.362656
352,0.365208
353,0.367101
354,0.368108
355,0.369601
356,0.371319
357,0.372309
358,0.374306
359,0.375885
360,0.376042
361,0.377448
362,0.378385
363,0.378594
364,0.378194
365,0.377604
366,0.376997
367,0.37691
368,0.375486
369,0.37467
370,0.36908
371,0.369323
372,0.369375
373,0.369288
374,0.368333
375,0.367448
376,0.367014
377,0.366615
378,0.365434
379,0.364583
380,0.363594
381,0.362934
382,0.3625
383,0.361493
384,0.361233
385,0.361736
386,0.363611
387,0.362552
388,0.365451
389,0.367066
390,0.368264
391,0.372361
392,0.376424
393,0.378038
394,0.381719
395,0.379288
396,0.381337
397,0.38474
398,0.388576
399,0.388924
400,0.39092
401,0.392743
402,0.394149
403,0.396094
404,0.39691
405,0.397934
406,0.399115
407,0.402465
408,0.402865
409,0.407934
410,0.41099
411,0.412431
412,0.414462
413,0.418038
414,0.41901
415,0.424549
416,0.427135
417,0.428472
418,0.431354
419,0.434479
420,0.432587
421,0.439774
422,0.441545
423,0.442656
424,0.449809
425,0.454462
426,0.456736
427,0.463142
428,0.467847
429,0.471094
430,0.476198
431,0.481441
432,0.485295
433,0.491806
434,0.497847
435,0.498385
436,0.504115
437,0.508368
438,0.510903
439,0.516424
440,0.519427
441,0.523802
442,0.527309
443,0.529757
444,0.530451
445,0.538628
446,0.540608
447,0.541198
448,0.545712
449,0.548837
450,0.549687
451,0.553698
452,0.555017
453,0.554705
454,0.556128
455,0.559549
456,0.558854
457,0.561181
458,0.563715
459,0.564896
460,0.56691
461,0.569601
462,0.571319
463,0.572674
464,0.575937
465,0.576632
466,0.578802
467,0.579479
468,0.579983
469,0.580191
470,0.595156
471,0.596875
472,0.596875
473,0.597049
474,0.597361
475,0.597535
476,0.598177
477,0.598837
478,0.599844
479,0.601788
480,0.601302
481,0.60375
482,0.603056
483,0.602413
484,0.602622
485,0.60375
486,0.602812
487,0.601944
488,0.602274
489,0.60375
490,0.603229
491,0.603646
492,0.603594
493,0.604653
494,0.605573
495,0.602535
496,0.602708
497,0.604028
498,0.603611
499,0.604115
500,0.60342
501,0.603212
502,0.603854
503,0.602934
504,0.60342
505,0.602552
506,0.601962
507,0.60033
508,0.601285
509,0.600972
510,0.599688
511,0.600712
512,0.600608
513,0.600833
514,0.603437
515,0.605538
516,0.607101
517,0.614514
518,0.621302
519,0.625816
520,0.644271
521,0.645208
522,0.65
523,0.657257
524,0.665469
525,0.670556
526,0.67474
527,0.678385
528,0.681823
529,0.682951
530,0.687135
531,0.688229
532,0.691059
533,0.689063
534,0.690556
535,0.692656
536,0.692031
537,0.691458
538,0.692326
539,0.692656
540,0.692205
541,0.693646
542,0.695382
543,0.695312
544,0.696302
545,0.709306
546,0.708993
547,0.708073
548,0.706736
549,0.705417
550,0.705451
551,0.704601
552,0.705174
553,0.705382
554,0.704236
555,0.702778
556,0.701875
557,0.701128
558,0.70151
559,0.700174
560,0.700174
561,0.700017
562,0.700573
563,0.700851
564,0.701632
565,0.701198
566,0.701215
567,0.701736
568,0.700851
569,0.701285
570,0.695191
571,0.695868
572,0.693576
573,0.694045
574,0.694757
575,0.69434
576,0.693802
577,0.693507
578,0.693715
579,0.693524
580,0.693385
581,0.693108
582,0.692639
583,0.692431
584,0.693142
585,0.692326
586,0.692587
587,0.692917
588,0.693646
589,0.693889
590,0.693889
591,0.693663
592,0.694271
593,0.697951
594,0.699028
595,0.717778
596,0.721562
597,0.724601
598,0.731042
599,0.732361
600,0.735503
601,0.736458
602,0.73717
603,0.7375
604,0.739323
605,0.739497
606,0.739774
607,0.742726
608,0.748073
609,0.750122
610,0.756042
611,0.75783
612,0.759271
613,0.760399
614,0.761319
615,0.763368
616,0.763403
617,0.764566
618,0.764809
619,0.76408
620,0.784618
621,0.78342
622,0.783264
623,0.783281
624,0.783351
625,0.782934
626,0.782899
627,0.784115
628,0.783281
629,0.784444
630,0.785556
631,0.791215
632,0.793003
633,0.796111
634,0.798507
635,0.798628
636,0.800069
637,0.801354
638,0.802465
639,0.806146
640,0.806337
641,0.805608
642,0.807587
643,0.807309
644,0.807014
645,0.81717
646,0.818472
647,0.819288
648,0.816944
649,0.81816
650,0.817778
651,0.818767
652,0.818698
653,0.81809
654,0.823385
655,0.826094
656,0.82691
657,0.826233
658,0.826823
659,0.824774
660,0.824514
661,0.824653
662,0.822812
663,0.826458
664,0.824705
665,0.823785
666,0.82316
667,0.823559
668,0.822882
669,0.821562
670,0.820191
671,0.819479
672,0.820139
673,0.820243
674,0.819635
675,0.817726
676,0.819757
677,0.818681
678,0.819705
679,0.819219
680,0.817569
681,0.818403
682,0.819167
683,0.818229
684,0.817326
685,0.816667
686,0.81599
687,0.814705
688,0.814462
689,0.813368
690,0.811875
691,0.81033
692,0.810955
693,0.811979
694,0.811267
695,0.816736
696,0.81408
697,0.813559
698,0.814236
699,0.813316
700,0.811094
701,0.811024
702,0.813941
703,0.812101
704,0.817587
705,0.817118
706,0.820243
707,0.819635
708,0.822569
709,0.822431
710,0.825122
711,0.825781
712,0.827101
713,0.827413
714,0.828385
715,0.828819
716,0.829115
717,0.829462
718,0.829514
719,0.83033
720,0.837101
721,0.837483
722,0.83901
723,0.839132
724,0.838333
725,0.838507
726,0.838559
727,0.838802
728,0.839375
729,0.839878
730,0.839705
731,0.840208
732,0.840295
733,0.840035
734,0.839844
735,0.840191
736,0.839705
737,0.839601
738,0.839653
739,0.839323
740,0.839653
741,0.839688
742,0.839722
743,0.839809
744,0.840052
745,0.840677
746,0.840747
747,0.840677
748,0.840521
749,0.840122
750,0.840521
751,0.840712
752,0.840538
753,0.84
754,0.840226
755,0.839983
756,0.840417
757,0.840816
758,0.841285
759,0.841406
760,0.841198
761,0.841198
762,0.840781
763,0.841441
764,0.841736
765,0.842431
766,0.842604
767,0.843003
768,0.843247
769,0.843229
770,0.847309
771,0.846788
772,0.846649
773,0.846528
774,0.846771
775,0.84724
776,0.847153
777,0.847569
778,0.847101
779,0.847396
780,0.847517
781,0.847396
782,0.846823
783,0.846562
784,0.846615
785,0.846181
786,0.846337
787,0.846476
788,0.846493
789,0.846424
790,0.846267
791,0.846476
792,0.846146
793,0.845469
794,0.845156
795,0.844132
796,0.843316
797,0.843316
798,0.843142
799,0.843681
800,0.843733
801,0.842986
802,0.841962
803,0.842135
804,0.842517
805,0.842378
806,0.842309
807,0.842118
808,0.842587
809,0.842031
810,0.841892
811,0.840972
812,0.841059
813,0.842205
814,0.842326
815,0.843889
816,0.844236
817,0.844427
818,0.844462
819,0.844479
820,0.845938
821,0.84526
822,0.844913
823,0.845885
824,0.846372
825,0.84684
826,0.847205
827,0.847847
828,0.848559
829,0.848299
830,0.848663
831,0.849045
832,0.848941
833,0.849462
834,0.849479
835,0.849271
836,0.84967
837,0.849688
838,0.849653
839,0.849948
840,0.849861
841,0.849774
842,0.849792
843,0.850017
844,0.850538
845,0.850625
846,0.849931
847,0.850816
848,0.851024
849,0.85099
850,0.850417
851,0.85066
852,0.850677
853,0.850538
854,0.850608
855,0.850677
856,0.850642
857,0.850521
858,0.850226
859,0.850156
860,0.849809
861,0.849479
862,0.850208
863,0.85026
864,0.850226
865,0.850451
866,0.850642
867,0.850642
868,0.850556
869,0.850833
870,0.849201
871,0.849063
872,0.848646
873,0.848698
874,0.848194
875,0.848212
876,0.848333
877,0.848646
878,0.848976
879,0.848802
880,0.849375
881,0.848872
882,0.849115
883,0.849271
884,0.849219
885,0.849635
886,0.849844
887,0.849965
888,0.849983
889,0.850208
890,0.850469
891,0.85
892,0.850243
893,0.850243
894,0.850503
895,0.850573
896,0.851128
897,0.850868
898,0.851111
899,0.851042
900,0.851007
901,0.851042
902,0.851163
903,0.851111
904,0.851128
905,0.851458
906,0.851632
907,0.851493
908,0.851493
909,0.851684
910,0.852014
911,0.85217
912,0.851875
913,0.851944
914,0.852292
915,0.85224
916,0.852274
917,0.851962
918,0.851406
919,0.851181
920,0.851181
921,0.851562
922,0.851493
923,0.851632
924,0.851788
925,0.852083
926,0.852066
927,0.851944
928,0.851927
929,0.851771
930,0.849965
931,0.849635
932,0.849844
933,0.84974
934,0.849705
935,0.849722
936,0.849618
937,0.849184
938,0.849097
939,0.848681
940,0.848507
941,0.848385
942,0.848194
943,0.848108
944,0.848056
945,0.848264
946,0.848681
947,0.848264
948,0.848472
949,0.848715
950,0.848542
951,0.848785
952,0.848611
953,0.848628
954,0.848715
955,0.850417
956,0.849566
957,0.849809
958,0.849358
959,0.849392
960,0.848993
961,0.849236
962,0.849601
963,0.84967
964,0.849913
965,0.850382
966,0.850226
967,0.850573
968,0.850903
969,0.851111
970,0.850712
971,0.850347
972,0.850382
973,0.849792
974,0.849531
975,0.849306
976,0.849306
977,0.848681
978,0.848837
979,0.848281
980,0.846788
981,0.846962
982,0.847309
983,0.847812
984,0.848299
985,0.848924
986,0.84967
987,0.849462
988,0.849566
989,0.84967
990,0.84967
991,0.84934
992,0.849219
993,0.849236
994,0.849201
995,0.849253
996,0.848854
997,0.848715
998,0.848802
999,0.848941
1000,0.849653
1001,0.85
1002,0.850226
1003,0.850313
1004,0.850243
1005,0.850208
1006,0.849983
1007,0.849358
1008,0.849705
1009,0.849618
1010,0.849653
1011,0.847361
1012,0.846615
1013,0.846736
1014,0.847205
1015,0.847222
1016,0.847431
1017,0.847691
1018,0.847795
1019,0.848437
1020,0.84875
1021,0.849167
1022,0.849045
1023,0.848351
1024,0.848299
1025,0.84783
1026,0.84776
1027,0.847934
1028,0.847639
1029,0.847344
1030,0.847691
1031,0.848038
1032,0.847934
1033,0.847812
1034,0.84776
1035,0.847899
1036,0.848177
1037,0.847969
1038,0.847951
1039,0.847222
1040,0.847135
1041,0.847604
1042,0.847865
1043,0.847743
1044,0.848038
1045,0.848038
1046,0.848455
1047,0.848108
1048,0.848194
1049,0.848056
1050,0.847917
1051,0.848281
1052,0.848299
1053,0.84875
1054,0.848368
1055,0.848351
1056,0.848056
1057,0.848038
1058,0.848333
1059,0.848576
1060,0.848663
1061,0.847135
1062,0.847014
1063,0.846858
1064,0.846875
1065,0.847517
1066,0.84776
1067,0.84776
1068,0.847743
1069,0.847674
1070,0.847951
1071,0.848073
1072,0.848507
1073,0.848316
1074,0.848229
1075,0.848802
1076,0.848594
1077,0.848542
1078,0.848785
1079,0.84875
1080,0.848698
1081,0.848472
1082,0.848299
1083,0.848403
1084,0.848663
1085,0.848524
1086,0.846736
1087,0.84658
1088,0.846337
1089,0.846424
1090,0.846458
1091,0.846997
1092,0.846649
1093,0.846632
1094,0.846684
1095,0.846736
1096,0.847292
1097,0.847135
1098,0.846719
1099,0.847361
1100,0.847153
1101,0.847049
1102,0.846771
1103,0.846319
1104,0.846528
1105,0.846997
1106,0.846771
1107,0.84658
1108,0.84691
1109,0.846753
1110,0.846788
1111,0.847187
1112,0.846476
1113,0.84717
1114,0.847309
1115,0.847413
1116,0.847274
1117,0.847205
1118,0.846823
1119,0.847517
1120,0.848125
1121,0.848038
1122,0.848403
1123,0.84842
1124,0.848403
1125,0.848316
1126,0.848385
1127,0.84776
1128,0.847049
1129,0.847014
1130,0.846701
1131,0.846389
1132,0.846719
1133,0.847049
1134,0.846267
1135,0.84651
1136,0.84684
1137,0.846667
1138,0.84684
1139,0.84592
1140,0.846146
1141,0.846684
1142,0.847083
1143,0.846163
1144,0.846979
1145,0.846597
1146,0.846493
1147,0.846094
1148,0.846441
1149,0.846927
1150,0.846528
1151,0.846944
1152,0.847656
1153,0.848437
1154,0.848524
1155,0.848212
1156,0.848212
1157,0.847882
1158,0.847917
1159,0.847812
1160,0.847882
1161,0.845747
1162,0.845521
1163,0.845521
1164,0.844844
1165,0.845208
1166,0.845764
1167,0.845122
1168,0.845816
1169,0.845955
1170,0.846597
1171,0.847396
1172,0.848125
1173,0.847656
1174,0.848247
1175,0.848889
1176,0.848229
1177,0.84842
1178,0.84875
1179,0.848524
1180,0.847587
1181,0.848229
1182,0.848142
1183,0.847917
1184,0.847951
1185,0.84809
1186,0.847847
1187,0.847656
1188,0.847865
1189,0.847865
1190,0.847899
1191,0.847986
1192,0.84776
1193,0.84816
1194,0.848594
1195,0.848611
1196,0.848542
1197,0.848559
1198,0.848524
1199,0.848698
1200,0.847691
1201,0.847361
1202,0.847743
1203,0.84783
1204,0.848125
1205,0.847552
1206,0.84776
1207,0.847847
1208,0.847812
1209,0.847882
1210,0.847847
1211,0.850417
1212,0.849566
1213,0.849028
1214,0.849097
1215,0.849063
1216,0.848958
1217,0.848681
1218,0.849132
1219,0.849167
1220,0.849132
1221,0.84901
1222,0.848958
1223,0.849063
1224,0.848837
1225,0.848611
1226,0.848715
1227,0.849375
1228,0.848906
1229,0.84908
1230,0.849444
1231,0.848976
1232,0.848976
1233,0.848229
1234,0.848056
1235,0.847743
1236,0.846198
1237,0.845486
1238,0.845885
1239,0.845521
1240,0.845764
1241,0.845417
1242,0.845226
1243,0.846094
1244,0.84599
1245,0.84566
1246,0.846458
1247,0.846997
1248,0.846997
1249,0.847274
1250,0.846684
1251,0.847205
1252,0.847118
1253,0.847031
1254,0.846944
1255,0.847604
1256,0.847812
1257,0.847917
1258,0.847378
1259,0.847118
1260,0.84724
1261,0.847431
1262,0.84684
1263,0.846597
1264,0.84658
1265,0.846771
1266,0.846858
1267,0.846753
1268,0.846649
1269,0.846389
1270,0.846892
1271,0.846667
1272,0.847274
1273,0.846806
1274,0.846545
1275,0.847344
1276,0.847656
1277,0.848003
1278,0.848108
1279,0.848299
1280,0.848142
1281,0.848559
1282,0.848681
1283,0.848941
1284,0.848837
1285,0.848663
1286,0.847118
1287,0.846701
1288,0.846267
1289,0.846424
1290,0.846024
1291,0.846267
1292,0.846215
1293,0.846406
1294,0.846476
1295,0.846962
1296,0.846649
1297,0.845833
1298,0.845903
1299,0.846753
1300,0.846667
1301,0.846667
1302,0.847187
1303,0.847396
1304,0.847552
1305,0.847604
1306,0.847378
1307,0.84783
1308,0.848212
1309,0.847899
1310,0.847257
1311,0.847274
1312,0.847257
1313,0.846892
1314,0.846736
1315,0.846372
1316,0.846337
1317,0.846285
1318,0.846753
1319,0.846632
1320,0.846823
1321,0.846528
1322,0.846927
1323,0.847031
1324,0.847396
1325,0.847274
1326,0.847014
1327,0.847083
1328,0.847448
1329,0.847014
1330,0.8475
1331,0.847465
1332,0.847639
1333,0.84724
1334,0.847413
1335,0.847917
1336,0.847847
1337,0.847778
1338,0.847135
1339,0.847656
1340,0.847535
1341,0.847743
1342,0.847517
1343,0.847326
1344,0.8475
1345,0.847101
1346,0.847552
1347,0.847934
1348,0.8475
1349,0.84717
1350,0.846528
1351,0.846875
1352,0.847205
1353,0.84717
1354,0.846858
1355,0.846875
1356,0.847153
1357,0.847257
1358,0.847309
1359,0.846962
1360,0.847292
1361,0.84691
1362,0.846771
1363,0.846875
1364,0.846753
1365,0.846545
1366,0.845451
1367,0.845313
1368,0.845538
1369,0.845
1370,0.84474
1371,0.845747
1372,0.847135
1373,0.847101
1374,0.846649
1375,0.847066
1376,0.846892
1377,0.847135
1378,0.847101
1379,0.846875
1380,0.846788
1381,0.847187
1382,0.84684
1383,0.846875
1384,0.846979
1385,0.847431
1386,0.846719
1387,0.846597
1388,0.846858
1389,0.847118
1390,0.846736
1391,0.847101
1392,0.848247
1393,0.84776
1394,0.848229
1395,0.848351
1396,0.84901
1397,0.848542
1398,0.849201
1399,0.849219
1400,0.849688
1401,0.849149
1402,0.849201
1403,0.849497
1404,0.849809
1405,0.849878
1406,0.850313
1407,0.850556
1408,0.850903
1409,0.851007
1410,0.851562
1411,0.85158
1412,0.851788
1413,0.85191
1414,0.851667
1415,0.851545
1416,0.851684
1417,0.851458
1418,0.851719
1419,0.851701
1420,0.851615
1421,0.852066
1422,0.851545
1423,0.85191
1424,0.852708
1425,0.852882
1426,0.852396
1427,0.852726
1428,0.853403
1429,0.853142
1430,0.85276
1431,0.851406
1432,0.851146
1433,0.852101
1434,0.851163
1435,0.851823
1436,0.853142
1437,0.854913
1438,0.85375
1439,0.854375
1440,0.854306
1441,0.854149
1442,0.853038
1443,0.853767
1444,0.855069
1445,0.856372
1446,0.855521
1447,0.857222
1448,0.856424
1449,0.856927
1450,0.857274
1451,0.856024
1452,0.856944
1453,0.856476
1454,0.857326
1455,0.857865
1456,0.856962
1457,0.855226
1458,0.855712
1459,0.855191
1460,0.856563
1461,0.857847
1462,0.856476
1463,0.856649
1464,0.856667
1465,0.858125
1466,0.859688
1467,0.859184
1468,0.859722
1469,0.860226
1470,0.858819
1471,0.862274
1472,0.861007
1473,0.860469
1474,0.86276
1475,0.862587
1476,0.863559
1477,0.863403
1478,0.866441
1479,0.863993
1480,0.862448
1481,0.862274
1482,0.867066
1483,0.866753
1484,0.866389
1485,0.867361
1486,0.867101
1487,0.868472
1488,0.869896
1489,0.868437
1490,0.869792
1491,0.87158
1492,0.874635
1493,0.874826
1494,0.876076
1495,0.879115
1496,0.879236
1497,0.880226
1498,0.879236
1499,0.876233
1500,0.875382
1501,0.872257
1502,0.871962
1503,0.86967
1504,0.867361
1505,0.867934
1506,0.866927
1507,0.867378
1508,0.866701
1509,0.865781
1510,0.866059
1511,0.869514
1512,0.868108
1513,0.870399
1514,0.869826
1515,0.873385
1516,0.872101
1517,0.872951
1518,0.873003
1519,0.873837
1520,0.874219
1521,0.873976
1522,0.871319
1523,0.871354
1524,0.872604
1525,0.872934
1526,0.874774
1527,0.876528
1528,0.877222
1529,0.878021
1530,0.877344
1531,0.878021
1532,0.877309
1533,0.878073
1534,0.878108
1535,0.879149
1536,0.87724
1537,0.87592
1538,0.873594
1539,0.873507
1540,0.87191
1541,0.872726
1542,0.872986
1543,0.872656
1544,0.87375
1545,0.872778
1546,0.874306
1547,0.875903
1548,0.875122
1549,0.877014
1550,0.875382
1551,0.876181
1552,0.876545
1553,0.87776
1554,0.878125
1555,0.883472
1556,0.882292
1557,0.882274
1558,0.882188
1559,0.88342
1560,0.883403
1561,0.882049
1562,0.879028
1563,0.880069
1564,0.873785
1565,0.87441
1566,0.874479
1567,0.873437
1568,0.875955
1569,0.874306
1570,0.87776
1571,0.877812
1572,0.876406
1573,0.877309
1574,0.877483
1575,0.876875
1576,0.87875
1577,0.87724
1578,0.876458
1579,0.876771
1580,0.880399
1581,0.879427
1582,0.878681
1583,0.880851
1584,0.884306
1585,0.884896
1586,0.883351
1587,0.885139
1588,0.884757
1589,0.885035
1590,0.882031
1591,0.882569
1592,0.881319
1593,0.878872
1594,0.87276
1595,0.872309
1596,0.867622
1597,0.865503
1598,0.86408
1599,0.859479
1600,0.857934
1601,0.857344
1602,0.857969
1603,0.857604
1604,0.859722
1605,0.858316
1606,0.858507
1607,0.861493
1608,0.858819
1609,0.859566
1610,0.857812
1611,0.863524
1612,0.862031
1613,0.860278
1614,0.867014
1615,0.86717
1616,0.866806
1617,0.866684
1618,0.864549
1619,0.866233
1620,0.862014
1621,0.860521
1622,0.858802
1623,0.865278
1624,0.867413
1625,0.8675
1626,0.865938
1627,0.864931
1628,0.864983
1629,0.865069
1630,0.863993
1631,0.864722
1632,0.863212
1633,0.860868
1634,0.86092
1635,0.860764
1636,0.86224
1637,0.863611
1638,0.865139
1639,0.866024
1640,0.866632
1641,0.865451
1642,0.869115
1643,0.865365
1644,0.866528
1645,0.865694
1646,0.865747
1647,0.865503
1648,0.863889
1649,0.862465
1650,0.857396
1651,0.862917
1652,0.86092
1653,0.859826
1654,0.855104
1655,0.856007
1656,0.854045
1657,0.851319
1658,0.849253
1659,0.847413
1660,0.84908
1661,0.85066
1662,0.854236
1663,0.856528
1664,0.856337
1665,0.85316
1666,0.855399
1667,0.854913
1668,0.855729
1669,0.855903
1670,0.857656
1671,0.860868
1672,0.858368
1673,0.861736
1674,0.862535
1675,0.861024
1676,0.861406
1677,0.857083
1678,0.854948
1679,0.856128
1680,0.852674
1681,0.847795
1682,0.844479
1683,0.841111
1684,0.838212
1685,0.834878
1686,0.829462
1687,0.835156
1688,0.833316
1689,0.835417
1690,0.835712
1691,0.835955
1692,0.837604
1693,0.841233
1694,0.843767
1695,0.839427
1696,0.837031
1697,0.834063
1698,0.838073
1699,0.837118
1700,0.833819
1701,0.830556
1702,0.830937
1703,0.828281
1704,0.828576
1705,0.831094
1706,0.833455
1707,0.838038
1708,0.841597
1709,0.843819
1710,0.846389
1711,0.845451
1712,0.84375
1713,0.844792
1714,0.837934
1715,0.83842
1716,0.835052
1717,0.831441
1718,0.833212
1719,0.833038
1720,0.833247
1721,0.835243
1722,0.833872
1723,0.835486
1724,0.835382
1725,0.841753
1726,0.846181
1727,0.847708
1728,0.850313
1729,0.853455
1730,0.85684
1731,0.856302
1732,0.849115
1733,0.845087
1734,0.831649
1735,0.82375
1736,0.798281
1737,0.800174
1738,0.797587
1739,0.794236
1740,0.788316
1741,0.779392
1742,0.778819
1743,0.775903
1744,0.761024
1745,0.759618
1746,0.759236
1747,0.766267
1748,0.717535
1749,0.71474
1750,0.716562
1751,0.71526
1752,0.711059
1753,0.666684
1754,0.662622
1755,0.654253
1756,0.649045
1757,0.64658
1758,0.641788
1759,0.635243
1760,0.631406
1761,0.62066
1762,0.612344
1763,0.609566
1764,0.597014
1765,0.590538
1766,0.588507
1767,0.60342
1768,0.61158
1769,0.61533
1770,0.622986
1771,0.631042
1772,0.642708
1773,0.653125
1774,0.657951
1775,0.66309
1776,0.678576
1777,0.686545
1778,0.695417
1779,0.698385
1780,0.704288
1781,0.705521
1782,0.700608
1783,0.697135
1784,0.694097
1785,0.684983
1786,0.684844
1787,0.687483
1788,0.687465
1789,0.681597
1790,0.677674
1791,0.668733
1792,0.66217
1793,0.659826
1794,0.650208
1795,0.641441
1796,0.636094
1797,0.630208
1798,0.622587
1799,0.623646
1800,0.619774
1801,0.62151
1802,0.621701
1803,0.622552
1804,0.626701
1805,0.628958
1806,0.630625
1807,0.631788
1808,0.635226
1809,0.63408
1810,0.630885
1811,0.618924
1812,0.623906
1813,0.621146
1814,0.619844
1815,0.621944
1816,0.619045
1817,0.618611
1818,0.613073
1819,0.606059
1820,0.602865
1821,0.597726
1822,0.587708
1823,0.583889
1824,0.58125
1825,0.577535
1826,0.572535
1827,0.564861
1828,0.554514
1829,0.550747
1830,0.543958
1831,0.544375
1832,0.543333
1833,0.538142
1834,0.532292
1835,0.526771
1836,0.509462
1837,0.515538
1838,0.517083
1839,0.520972
1840,0.525747
1841,0.523767
1842,0.52842
1843,0.527778
1844,0.527795
1845,0.528767
1846,0.532882
1847,0.532066
1848,0.537726
1849,0.53941
1850,0.539913
1851,0.540625
1852,0.539965
1853,0.537882
1854,0.533038
1855,0.52184
1856,0.517344
1857,0.509045
1858,0.505434
1859,0.50151
1860,0.496094
1861,0.489115
1862,0.487969
1863,0.488576
1864,0.48375
1865,0.480156
1866,0.465417
1867,0.457639
1868,0.453767
1869,0.448351
1870,0.446719
1871,0.446372
1872,0.451736
1873,0.455243
1874,0.459688
1875,0.466285
1876,0.474184
1877,0.475191
1878,0.486215
1879,0.494844
1880,0.496111
1881,0.500313
1882,0.511389
1883,0.500226
1884,0.489705
1885,0.492014
1886,0.48592
1887,0.489948
1888,0.49408
1889,0.5
1890,0.508177
1891,0.516215
1892,0.517135
1893,0.530174
1894,0.541007
1895,0.545295
1896,0.543941
1897,0.538316
1898,0.526007
1899,0.523368
1900,0.526354
1901,0.527222
1902,0.544288
1903,0.555625
1904,0.56441
1905,0.580521
1906,0.613455
1907,0.628559
1908,0.650833
1909,0.66809
1910,0.679271
1911,0.68375
1912,0.69066
1913,0.696389
1914,0.705799
1915,0.713628
1916,0.715278
1917,0.726319
1918,0.740399
1919,0.742535
1920,0.745226
1921,0.752708
1922,0.752274
1923,0.753368
1924,0.753299
1925,0.719045
1926,0.709063
1927,0.697326
1928,0.689132
1929,0.670816
1930,0.651806
1931,0.644965
1932,0.62533
1933,0.546649
1934,0.53151
1935,0.512465
1936,0.474826
1937,0.47066
1938,0.457795
1939,0.444063
1940,0.433333
1941,0.425
1942,0.421128
1943,0.427847
1944,0.424618
1945,0.418993
1946,0.416806
1947,0.402378
1948,0.39158
1949,0.390243
1950,0.378385
1951,0.373194
1952,0.368646
1953,0.362795
1954,0.358281
1955,0.360243
1956,0.356476
1957,0.349931
1958,0.346163
1959,0.339757
1960,0.335122
1961,0.334531
1962,0.330139
1963,0.328038
1964,0.326354
1965,0.319861
1966,0.315382
1967,0.314063
1968,0.3075
1969,0.302882
1970,0.299149
1971,0.290747
1972,0.279358
1973,0.272656
1974,0.254375
1975,0.242726
1976,0.237083
1977,0.229045
1978,0.222413
1979,0.219531
1980,0.214896
1981,0.210295
1982,0.207448
1983,0.202674
1984,0.200278
1985,0.197344
1986,0.175625
1987,0.174167
1988,0.174948
1989,0.173906
1990,0.174236
1991,0.174115
1992,0.173663
1993,0.173455
1994,0.173299
1995,0.172691
1996,0.173108
1997,0.171319
1998,0.168715
1999,0.168542
2000,0.166615
2001,0.165972
2002,0.171215
2003,0.175434
2004,0.182031
2005,0.193403
2006,0.20191
2007,0.213472
2008,0.22651
2009,0.235087
2010,0.25401
2011,0.266719
2012,0.271788
2013,0.305955
2014,0.324722
2015,0.354878
2016,0.382622
2017,0.401042
2018,0.427066
2019,0.455
2020,0.466545
2021,0.468524
2022,0.483403
2023,0.499271
2024,0.511892
2025,0.542917
2026,0.574948
2027,0.590903
2028,0.621858
2029,0.651701
2030,0.661458
2031,0.683281
2032,0.683628
2033,0.68191
2034,0.682309
2035,0.67967
2036,0.689965
2037,0.701042
2038,0.685139
2039,0.692708
2040,0.69651
2041,0.697361
2042,0.65901
2043,0.641684
2044,0.579427
2045,0.562517
2046,0.532292
2047,0.508142
2048,0.495104
2049,0.476858
2050,0.455451
2051,0.445382
2052,0.431753
2053,0.41026
2054,0.404427
2055,0.385434
2056,0.374635
2057,0.365712
2058,0.349635
2059,0.334271
2060,0.32533
2061,0.298247
2062,0.287674
2063,0.2825
2064,0.281858
2065,0.278368
2066,0.27559
2067,0.270694
2068,0.269705
2069,0.270937
2070,0.272118
2071,0.272778
2072,0.272604
2073,0.27276
2074,0.266337
2075,0.263715
2076,0.258194
2077,0.246927
2078,0.243715
2079,0.226788
2080,0.215
2081,0.209653
2082,0.198281
2083,0.188785
2084,0.184757
2085,0.179722
2086,0.167344
2087,0.167465
2088,0.168316
2089,0.168021
2090,0.16783
2091,0.167483
2092,0.167344
2093,0.167604
2094,0.166997
2095,0.167361
2096,0.167743
2097,0.168038
2098,0.167708
2099,0.167865
2100,0.169219
2101,0.172153
2102,0.175069
2103,0.18026
2104,0.186233
2105,0.189965
2106,0.197031
2107,0.20533
2108,0.20934
2109,0.218906
2110,0.233264
2111,0.240486
2112,0.264184
2113,0.290694
2114,0.297604
2115,0.338767
2116,0.358021
2117,0.38809
2118,0.428628
2119,0.482292
2120,0.50059
2121,0.541545
2122,0.56559
2123,0.610295
2124,0.656389
2125,0.679392
2126,0.69941
2127,0.732917
2128,0.777188
2129,0.794774
2130,0.811215
2131,0.825816
2132,0.83691
2133,0.849115
2134,0.856007
2135,0.859462
2136,0.886979
2137,0.889705
2138,0.89125
2139,0.892118
2140,0.891701
2141,0.892552
2142,0.889931
2143,0.889062
2144,0.884878
2145,0.884531
2146,0.883594
2147,0.88401
2148,0.885278
2149,0.890365
2150,0.890694
2151,0.886615
2152,0.858385
2153,0.854965
2154,0.81283
2155,0.782639
2156,0.774549
2157,0.736875
2158,0.711372
2159,0.702917
2160,0.689948
2161,0.645278
2162,0.64809
2163,0.648906
2164,0.648299
2165,0.648993
2166,0.650625
2167,0.64908
2168,0.647622
2169,0.645243
2170,0.644635
2171,0.643333
2172,0.636858
2173,0.637014
2174,0.635139
2175,0.631181
2176,0.583767
2177,0.570677
2178,0.54901
2179,0.52191
2180,0.484115
2181,0.442604
2182,0.414931
2183,0.405382
2184,0.390764
2185,0.361944
2186,0.316076
2187,0.307118
2188,0.30059
2189,0.299288
2190,0.288524
2191,0.277205
2192,0.27441
2193,0.266997
2194,0.257726
2195,0.252743
2196,0.245312
2197,0.235278
2198,0.232552
2199,0.226962
2200,0.219826
2201,0.21625
2202,0.207587
2203,0.202517
2204,0.199427
2205,0.196302
2206,0.195174
2207,0.19408
2208,0.192934
2209,0.190139
2210,0.18875
2211,0.177795
2212,0.173003
2213,0.171858
2214,0.168698
2215,0.167135
2216,0.165503
2217,0.164236
2218,0.162118
2219,0.162222
2220,0.162587
2221,0.162049
2222,0.16217
2223,0.161892
2224,0.160087
2225,0.160955
2226,0.161024
2227,0.161337
2228,0.161337
2229,0.162083
2230,0.161076
2231,0.160694
2232,0.16151
2233,0.161719
2234,0.16158
2235,0.162083
2236,0.161094
2237,0.160312
2238,0.162101
2239,0.161615
2240,0.162361
2241,0.163663
2242,0.162899
2243,0.162795
2244,0.16191
2245,0.163316
2246,0.163854
2247,0.164878
2248,0.165417
2249,0.164219
2250,0.164097
2251,0.165243
2252,0.16526
2253,0.166632
2254,0.166597
2255,0.166372
2256,0.165538
2257,0.165208
2258,0.165937
2259,0.167066
2260,0.167274
2261,0.166319
2262,0.165503
2263,0.167083
2264,0.167674
2265,0.168299
2266,0.169444
2267,0.169809
2268,0.173056
2269,0.181615
2270,0.185035
2271,0.195434
2272,0.203837
2273,0.208368
2274,0.21724
2275,0.227813
2276,0.233351
2277,0.246337
2278,0.256545
2279,0.261146
2280,0.270937
2281,0.278177
2282,0.281389
2283,0.288073
2284,0.291684
2285,0.293073
2286,0.292049
2287,0.29625
2288,0.299323
2289,0.302917
2290,0.30191
2291,0.301719
2292,0.300556
2293,0.298455
2294,0.292986
2295,0.286406
2296,0.278889
2297,0.278021
2298,0.270937
2299,0.266927
2300,0.268906
2301,0.273247
2302,0.275486
2303,0.277344
2304,0.279757
2305,0.285816
2306,0.288385
2307,0.288715
2308,0.28842
2309,0.288385
2310,0.285694
2311,0.278889
2312,0.278594
2313,0.275469
2314,0.275469
2315,0.276701
2316,0.272083
2317,0.270191
2318,0.270347
2319,0.270399
2320,0.268924
2321,0.267587
2322,0.264271
2323,0.256979
2324,0.254601
2325,0.252049
2326,0.250035
2327,0.248628
2328,0.242726
2329,0.23816
2330,0.234271
2331,0.227604
2332,0.220312
2333,0.215885
2334,0.207986
2335,0.202101
2336,0.195399
2337,0.190677
2338,0.186875
2339,0.183299
2340,0.182431
2341,0.182344
2342,0.182413
2343,0.178854
2344,0.178385
2345,0.178003
2346,0.177101
2347,0.176181
2348,0.17441
2349,0.174392
2350,0.175642
2351,0.177778
2352,0.180747
2353,0.186493
2354,0.19151
2355,0.195712
2356,0.200347
2357,0.203003
2358,0.204375
2359,0.205781
2360,0.205677
2361,0.195885
2362,0.190868
2363,0.18691
2364,0.183403
2365,0.183038
2366,0.178368
2367,0.177708
2368,0.176042
2369,0.175191
2370,0.173559
2371,0.169497
2372,0.168941
2373,0.165313
2374,0.165104
2375,0.165295
2376,0.164635
2377,0.165087
2378,0.164306
2379,0.162014
2380,0.161372
2381,0.160816
2382,0.16125
2383,0.161997
2384,0.163872
2385,0.173698
2386,0.179444
2387,0.186128
2388,0.19875
2389,0.222118
2390,0.231563
2391,0.249896
2392,0.283108
2393,0.295451
2394,0.316424
2395,0.361181
2396,0.371007
2397,0.393785
2398,0.41283
2399,0.421233
2400,0.428767
2401,0.435
2402,0.437101
2403,0.44026
2404,0.43592
2405,0.434757
2406,0.435486
2407,0.433715
2408,0.432726
2409,0.429045
2410,0.386597
2411,0.358733
2412,0.356319
2413,0.358455
2414,0.340382
2415,0.314306
2416,0.302674
2417,0.294427
2418,0.29092
2419,0.267014
2420,0.259844
2421,0.247292
2422,0.231528
2423,0.224028
2424,0.213733
2425,0.202847
2426,0.197726
2427,0.19033
2428,0.18217
2429,0.177587
2430,0.17092
2431,0.165087
2432,0.163073
2433,0.158576
2434,0.164653
2435,0.168073
2436,0.175816
2437,0.188889
2438,0.194427
2439,0.207431
2440,0.217448
2441,0.223628
2442,0.232465
2443,0.238056
2444,0.240521
2445,0.241701
2446,0.238924
2447,0.237535
2448,0.23092
2449,0.225677
2450,0.223247
2451,0.21533
2452,0.205747
2453,0.199913
2454,0.188142
2455,0.185017
2456,0.185608
2457,0.187465
2458,0.192326
2459,0.193333
2460,0.196406
2461,0.193819
2462,0.196962
2463,0.195816
2464,0.19092
2465,0.190243
2466,0.186927
2467,0.184688
2468,0.184583
2469,0.184167
2470,0.183802
2471,0.182413
2472,0.177604
2473,0.172361
2474,0.170538
2475,0.168247
2476,0.165313
2477,0.164531
2478,0.165642
2479,0.168802
2480,0.171285
2481,0.17533
2482,0.181476
2483,0.185955
2484,0.191233
2485,0.192222
2486,0.19092
2487,0.192622
2488,0.186094
2489,0.183611
2490,0.179184
2491,0.178264
2492,0.177326
2493,0.177726
2494,0.176806
2495,0.17625
2496,0.174497
2497,0.172413
2498,0.172153
2499,0.16974
2500,0.168455
2501,0.167708
2502,0.16651
2503,0.166997
2504,0.168125
2505,0.168056
2506,0.168003
2507,0.167986
2508,0.168559
2509,0.172187
2510,0.17566
2511,0.179809
2512,0.18816
2513,0.194566
2514,0.208802
2515,0.223108
2516,0.229497
2517,0.241684
2518,0.2525
2519,0.258264
2520,0.273472
2521,0.285
2522,0.289792
2523,0.311997
2524,0.325521
2525,0.329288
2526,0.33974
2527,0.349983
2528,0.353958
2529,0.355642
2530,0.35408
2531,0.356059
2532,0.354809
2533,0.353108
2534,0.349358
2535,0.340052
2536,0.329253
2537,0.327934
2538,0.324792
2539,0.316285
2540,0.313021
2541,0.298958
2542,0.288785
2543,0.284653
2544,0.27592
2545,0.273958
2546,0.262656
2547,0.24309
2548,0.236563
2549,0.235399
2550,0.232726
2551,0.233455
2552,0.234358
2553,0.234983
2554,0.23408
2555,0.233906
2556,0.235434
2557,0.230347
2558,0.227361
2559,0.220347
2560,0.211632
2561,0.193715
2562,0.187569
2563,0.17974
2564,0.176632
2565,0.17026
2566,0.164219
2567,0.162066
2568,0.157951
2569,0.152674
2570,0.150521
2571,0.147413
2572,0.145399
2573,0.144531
2574,0.143108
2575,0.142691
2576,0.14276
2577,0.14283
2578,0.142552
2579,0.142726
2580,0.142795
2581,0.142674
2582,0.142691
2583,0.142639
2584,0.142778
2585,0.142934
2586,0.141979
2587,0.141979
2588,0.142326
2589,0.142431
2590,0.142674
2591,0.14276
2592,0.142726
2593,0.142708
2594,0.142674
2595,0.142691
2596,0.14283
2597,0.14283
2598,0.142691
2599,0.142326
2600,0.142396
2601,0.142014
2602,0.142205
2603,0.142413
2604,0.142413
2605,0.142448
2606,0.1425
2607,0.142517
2608,0.142552
2609,0.142656
2610,0.142587
2611,0.14217
2612,0.14191
2613,0.142448
2614,0.142344
2615,0.14224
2616,0.142292
2617,0.142066
2618,0.142066
2619,0.141997
2620,0.142153
2621,0.142222
2622,0.142483
2623,0.142361
2624,0.142448
2625,0.143385
2626,0.150486
2627,0.155191
2628,0.165729
2629,0.176406
2630,0.181372
2631,0.191979
2632,0.201302
2633,0.205677
2634,0.213125
2635,0.21625
2636,0.21526
2637,0.21849
2638,0.219653
2639,0.221736
2640,0.226319
2641,0.239323
2642,0.244149
2643,0.258507
2644,0.271545
2645,0.282118
2646,0.307587
2647,0.328802
2648,0.335174
2649,0.357969
2650,0.370851
2651,0.376997
2652,0.414705
2653,0.43658
2654,0.443958
2655,0.456927
2656,0.474323
2657,0.484566
2658,0.501806
2659,0.510885
2660,0.508594
2661,0.51684
2662,0.521302
2663,0.527743
2664,0.522049
2665,0.515677
2666,0.511753
2667,0.506076
2668,0.500781
2669,0.498698
2670,0.495955
2671,0.497066
2672,0.49691
2673,0.481076
2674,0.47224
2675,0.479635
2676,0.456927
2677,0.44717
2678,0.443247
2679,0.435538
2680,0.432188
2681,0.415712
2682,0.401997
2683,0.394115
2684,0.390104
2685,0.388333
2686,0.359896
2687,0.360312
2688,0.365486
2689,0.365556
2690,0.372691
2691,0.373819
2692,0.378542
2693,0.379688
2694,0.382674
2695,0.385903
2696,0.38349
2697,0.376962
2698,0.369167
2699,0.364705
2700,0.353663
2701,0.345122
2702,0.340035
2703,0.328594
2704,0.31934
2705,0.314757
2706,0.305365
2707,0.295243
2708,0.290243
2709,0.283056
2710,0.279462
2711,0.271319
2712,0.272483
2713,0.273698
2714,0.273837
2715,0.274062
2716,0.273507
2717,0.27276
2718,0.273542
2719,0.273785
2720,0.269375
2721,0.264167
2722,0.25842
2723,0.254861
2724,0.250521
2725,0.247917
2726,0.245972
2727,0.24401
2728,0.243542
2729,0.244948
2730,0.247743
2731,0.25059
2732,0.252535
2733,0.257674
2734,0.262552
2735,0.258073
2736,0.24592
2737,0.251424
2738,0.253681
2739,0.258316
2740,0.264479
2741,0.265503
2742,0.270417
2743,0.27191
2744,0.273333
2745,0.275764
2746,0.274167
2747,0.27533
2748,0.274271
2749,0.276476
2750,0.277049
2751,0.276979
2752,0.277517
2753,0.278594
2754,0.275365
2755,0.27724
2756,0.277587
2757,0.27658
2758,0.274983
2759,0.27691
2760,0.274566
2761,0.26941
2762,0.270503
2763,0.269514
2764,0.269722
2765,0.268976
2766,0.267448
2767,0.268229
2768,0.266997
2769,0.267066
2770,0.265069
2771,0.266181
2772,0.265764
2773,0.266771
2774,0.265382
2775,0.262865
2776,0.263038
2777,0.262118
2778,0.260035
2779,0.259653
2780,0.258681
2781,0.258872
2782,0.258576
2783,0.257326
2784,0.255799
2785,0.255191
2786,0.251649
2787,0.251354
2788,0.250521
2789,0.249896
2790,0.247986
2791,0.247274
2792,0.247726
2793,0.245347
2794,0.244549
2795,0.245833
2796,0.243299
2797,0.243576
2798,0.241042
2799,0.241736
2800,0.24151
2801,0.240521
2802,0.238281
2803,0.238073
2804,0.237014
2805,0.237622
2806,0.23724
2807,0.238455
2808,0.238455
2809,0.239514
2810,0.23967
2811,0.236979
2812,0.236233
2813,0.237101
2814,0.237726
2815,0.238056
2816,0.23875
2817,0.238646
2818,0.238889
2819,0.238229
2820,0.238437
2821,0.238715
2822,0.238507
2823,0.238576
2824,0.238247
2825,0.238576
2826,0.238212
2827,0.237569
2828,0.237326
2829,0.237083
2830,0.236181
2831,0.236163
2832,0.23599
2833,0.235434
2834,0.235747
2835,0.235278
2836,0.23474
2837,0.234358
2838,0.234774
2839,0.234913
2840,0.235052
2841,0.235069
2842,0.23559
2843,0.235694
2844,0.235642
2845,0.235608
2846,0.235729
2847,0.235417
2848,0.235365
2849,0.235764
2850,0.23533
2851,0.235955
2852,0.235955
2853,0.236736
2854,0.236701
2855,0.236441
2856,0.236337
2857,0.23566
2858,0.236076
2859,0.236528
2860,0.236545
2861,0.235399
2862,0.235868
2863,0.236163
2864,0.23625
2865,0.237083
2866,0.237344
2867,0.237656
2868,0.238681
2869,0.238767
2870,0.238854
2871,0.23908
2872,0.238906
2873,0.238906
2874,0.238889
2875,0.238299
2876,0.237969
2877,0.237222
2878,0.236563
2879,0.236615
2880,0.239184
2881,0.244062
2882,0.247031
2883,0.252344
2884,0.256111
2885,0.257344
2886,0.261163
2887,0.263368
2888,0.264097
2889,0.265486
2890,0.266285
2891,0.267049
2892,0.266198
2893,0.26559
2894,0.264358
2895,0.260417
2896,0.259809
2897,0.260885
2898,0.259774
2899,0.257934
2900,0.257413
2901,0.255469
2902,0.254462
2903,0.253924
2904,0.253385
2905,0.252326
2906,0.252292
2907,0.252413
2908,0.252951
2909,0.252812
2910,0.253455
2911,0.250955
2912,0.251111
2913,0.250799
2914,0.251406
2915,0.251667
2916,0.251094
2917,0.250937
2918,0.250712
2919,0.250417
2920,0.250035
2921,0.249948
2922,0.25066
2923,0.251233
2924,0.251076
2925,0.25125
2926,0.251007
2927,0.250608
2928,0.250122
2929,0.251024
2930,0.251701
2931,0.253819
2932,0.254774
2933,0.255694
2934,0.255573
2935,0.254618
2936,0.252622
2937,0.252049
2938,0.251302
2939,0.25059
2940,0.251806
2941,0.251944
2942,0.252153
2943,0.252153
2944,0.253177
2945,0.253264
2946,0.25401
2947,0.257344
2948,0.258628
2949,0.262413
2950,0.266997
2951,0.269097
2952,0.274601
2953,0.27809
2954,0.278941
2955,0.287014
2956,0.295208
2957,0.297361
2958,0.318177
2959,0.329792
2960,0.354444
2961,0.407205
2962,0.413715
2963,0.417309
2964,0.447622
2965,0.467847
2966,0.477622
2967,0.490469
2968,0.541007
2969,0.554149
2970,0.566962
2971,0.583073
2972,0.593437
2973,0.616285
2974,0.64592
2975,0.658559
2976,0.668767
2977,0.678663
2978,0.683264
2979,0.690556
2980,0.693646
2981,0.694931
2982,0.70599
2983,0.735851
2984,0.747847
2985,0.754635
2986,0.801701
2987,0.803715
2988,0.805382
2989,0.806788
2990,0.813854
2991,0.82691
2992,0.833906
2993,0.840868
2994,0.842969
2995,0.845799
2996,0.847083
2997,0.846285
2998,0.855191
2999,0.858108
3000,0.861476
3001,0.86283
3002,0.86467
3003,0.867309
3004,0.868854
3005,0.870243
3006,0.87158
3007,0.872431
3008,0.874184
3009,0.87342
3010,0.86967
3011,0.879323
3012,0.875764
3013,0.874149
3014,0.872639
3015,0.87125
3016,0.872378
3017,0.873316
3018,0.874045
3019,0.873073
3020,0.87342
3021,0.873941
3022,0.87467
3023,0.874444
3024,0.872847
3025,0.876042
3026,0.874514
3027,0.877135
3028,0.878611
3029,0.879583
3030,0.879948
3031,0.881267
3032,0.879757
3033,0.882257
3034,0.880677
3035,0.880885
3036,0.888455
3037,0.890139
3038,0.889774
3039,0.890017
3040,0.890729
3041,0.890017
3042,0.891042
3043,0.889566
3044,0.889167
3045,0.889826
3046,0.889149
3047,0.889288
3048,0.890035
3049,0.888507
3050,0.888437
3051,0.888663
3052,0.887517
3053,0.885451
3054,0.886354
3055,0.886632
3056,0.887309
3057,0.887795
3058,0.886615
3059,0.885469
3060,0.885
3061,0.888056
3062,0.88901
3063,0.888455
3064,0.886372
3065,0.887188
3066,0.883976
3067,0.882726
3068,0.879323
3069,0.878785
3070,0.878958
3071,0.878646
3072,0.877639
3073,0.876163
3074,0.875833
3075,0.875087
3076,0.873941
3077,0.873611
3078,0.872656
3079,0.871684
3080,0.871337
3081,0.871927
3082,0.871493
3083,0.870625
3084,0.871389
3085,0.871146
3086,0.873854
3087,0.873715
3088,0.873559
3089,0.873264
3090,0.870399
3091,0.872899
3092,0.874132
3093,0.872153
3094,0.872917
3095,0.873038
3096,0.872326
3097,0.872778
3098,0.873316
3099,0.871701
3100,0.871979
3101,0.872101
3102,0.872812
3103,0.87316
3104,0.872535
3105,0.872604
3106,0.873194
3107,0.871875
3108,0.871684
3109,0.87092
3110,0.870608
3111,0.871372
3112,0.871788
3113,0.869149
3114,0.870503
3115,0.870191
3116,0.868403
3117,0.869201
3118,0.869462
3119,0.87
3120,0.87
3121,0.869028
3122,0.868698
3123,0.866701
3124,0.866997
3125,0.86717
3126,0.865764
3127,0.867743
3128,0.868299
3129,0.868507
3130,0.869253
3131,0.869444
3132,0.868715
3133,0.86974
3134,0.869549
3135,0.869253
3136,0.86941
3137,0.868212
3138,0.867517
3139,0.866563
3140,0.86533
3141,0.865174
3142,0.865486
3143,0.864826
3144,0.863976
3145,0.86349
3146,0.862674
3147,0.863767
3148,0.862691
3149,0.862309
3150,0.861823
3151,0.861042
3152,0.859583
3153,0.859358
3154,0.858958
3155,0.859323
3156,0.85842
3157,0.857969
3158,0.858437
3159,0.857639
3160,0.857535
3161,0.85816
3162,0.857726
3163,0.858368
3164,0.857951
3165,0.85816
3166,0.858021
3167,0.858299
3168,0.858628
3169,0.858038
3170,0.859097
3171,0.858038
3172,0.858646
3173,0.858507
3174,0.857326
3175,0.858003
3176,0.857986
3177,0.856458
3178,0.857014
3179,0.857517
3180,0.857743
3181,0.857743
3182,0.857431
3183,0.855538
3184,0.855087
3185,0.854948
3186,0.854497
3187,0.85526
3188,0.85467
3189,0.855017
3190,0.854635
3191,0.854358
3192,0.852656
3193,0.852882
3194,0.851441
3195,0.851042
3196,0.851163
3197,0.851146
3198,0.850052
3199,0.850295
3200,0.849913
3201,0.848333
3202,0.849219
3203,0.849149
3204,0.849306
3205,0.849132
3206,0.848212
3207,0.848837
3208,0.848681
3209,0.848854
3210,0.84849
3211,0.849045
3212,0.848785
3213,0.849115
3214,0.848785
3215,0.848837
3216,0.84816
3217,0.84776
3218,0.847361
3219,0.847031
3220,0.847378
3221,0.847344
3222,0.847413
3223,0.847812
3224,0.847917
3225,0.847917
3226,0.847778
3227,0.847726
3228,0.847118
3229,0.84691
3230,0.847101
3231,0.847344
3232,0.84684
3233,0.846233
3234,0.845868
3235,0.845747
3236,0.846302
3237,0.845799
3238,0.84658
3239,0.845799
3240,0.845608
3241,0.845764
3242,0.845486
3243,0.845243
3244,0.844497
3245,0.844288
3246,0.844323
3247,0.843767
3248,0.843941
3249,0.843958
3250,0.844132
3251,0.843924
3252,0.84401
3253,0.844392
3254,0.844392
3255,0.844583
3256,0.844601
3257,0.844497
3258,0.844566
3259,0.844132
3260,0.844097
3261,0.846372
3262,0.846042
3263,0.845556
3264,0.846302
3265,0.846458
3266,0.846076
3267,0.846128
3268,0.84592
3269,0.845764
3270,0.845781
3271,0.845399
3272,0.844931
3273,0.844774
3274,0.844583
3275,0.844705
3276,0.844983
3277,0.845833
3278,0.845469
3279,0.845799
3280,0.845764
3281,0.846354
3282,0.847049
3283,0.847135
3284,0.847292
3285,0.847378
3286,0.850712
3287,0.850729
3288,0.850382
3289,0.851372
3290,0.851024
3291,0.850868
3292,0.851163
3293,0.850608
3294,0.850035
3295,0.850156
3296,0.849983
3297,0.85033
3298,0.850104
3299,0.85
3300,0.849809
3301,0.849844
3302,0.849583
3303,0.849288
3304,0.849271
3305,0.849115
3306,0.849219
3307,0.848681
3308,0.848819
3309,0.848611
3310,0.848681
3311,0.849931
3312,0.849983
3313,0.848611
3314,0.848073
3315,0.848524
3316,0.848698
3317,0.849097
3318,0.849444
3319,0.85
3320,0.849965
3321,0.850174
3322,0.850295
3323,0.850174
3324,0.850208
3325,0.850017
3326,0.851233
3327,0.851736
3328,0.851719
3329,0.851701
3330,0.852483
3331,0.852326
3332,0.852014
3333,0.851979
3334,0.852257
3335,0.852448
3336,0.852656
3337,0.852431
3338,0.852431
3339,0.852309
3340,0.852222
3341,0.852465
3342,0.852535
3343,0.852691
3344,0.852118
3345,0.851997
3346,0.851163
3347,0.851146
3348,0.851007
3349,0.850139
3350,0.850035
3351,0.850035
3352,0.849913
3353,0.850104
3354,0.85033
3355,0.850885
3356,0.851128
3357,0.850833
3358,0.851163
3359,0.850938
3360,0.851372
3361,0.85375
3362,0.853733
3363,0.853576
3364,0.85342
3365,0.853472
3366,0.853837
3367,0.853507
3368,0.853698
3369,0.853594
3370,0.853194
3371,0.852587
3372,0.853177
3373,0.853472
3374,0.853368
3375,0.853542
3376,0.853247
3377,0.853108
3378,0.852917
3379,0.852917
3380,0.853125
3381,0.85316
3382,0.853125
3383,0.853385
3384,0.85342
3385,0.853542
3386,0.853003
3387,0.853073
3388,0.85309
3389,0.853316
3390,0.853177
3391,0.85316
3392,0.85309
3393,0.852743
3394,0.852604
3395,0.852257
3396,0.852014
3397,0.851354
3398,0.851389
3399,0.851354
3400,0.851215
3401,0.851302
3402,0.851302
3403,0.851146
3404,0.85092
3405,0.850694
3406,0.850972
3407,0.850851
3408,0.850903
3409,0.850938
3410,0.850851
3411,0.854028
3412,0.853941
3413,0.853767
3414,0.853542
3415,0.853368
3416,0.852986
3417,0.853264
3418,0.853073
3419,0.853229
3420,0.853368
3421,0.853299
3422,0.853559
3423,0.853385
3424,0.853333
3425,0.853368
3426,0.852986
3427,0.853038
3428,0.853003
3429,0.853021
3430,0.852917
3431,0.852865
3432,0.85276
3433,0.853681
3434,0.853715
3435,0.853906
3436,0.859792
3437,0.859271
3438,0.859306
3439,0.859462
3440,0.858906
3441,0.858993
3442,0.859132
3443,0.859045
3444,0.858976
3445,0.859236
3446,0.85934
3447,0.859288
3448,0.859253
3449,0.859375
3450,0.858906
3451,0.858837
3452,0.859271
3453,0.859271
3454,0.859219
3455,0.859497
3456,0.859323
3457,0.858785
3458,0.859167
3459,0.858993
3460,0.858663
3461,0.860816
3462,0.860851
3463,0.860642
3464,0.860677
3465,0.860538
3466,0.860382
3467,0.860069
3468,0.860486
3469,0.860052
3470,0.86026
3471,0.85974
3472,0.859774
3473,0.859531
3474,0.859601
3475,0.859323
3476,0.859566
3477,0.859479
3478,0.859271
3479,0.859566
3480,0.85974
3481,0.860052
3482,0.85967
3483,0.859792
3484,0.859618
3485,0.859479
3486,0.860382
3487,0.860104
3488,0.860313
3489,0.859705
3490,0.859219
3491,0.859566
3492,0.859566
3493,0.859531
3494,0.859288
3495,0.859219
3496,0.858872
3497,0.859236
3498,0.859288
3499,0.859028
3500,0.858854
3501,0.858976
3502,0.859358
3503,0.859062
3504,0.858715
3505,0.858194
3506,0.85842
3507,0.85842
3508,0.858281
3509,0.858368
3510,0.858351
3511,0.859375
3512,0.859826
3513,0.859531
3514,0.85967
3515,0.859253
3516,0.859288
3517,0.859306
3518,0.858941
3519,0.859149
3520,0.859201
3521,0.859028
3522,0.858733
3523,0.858542
3524,0.858264
3525,0.858646
3526,0.858611
3527,0.858611
3528,0.85901
3529,0.858958
3530,0.859028
3531,0.859184
3532,0.858785
3533,0.858837
3534,0.858802
3535,0.858715
3536,0.859115
3537,0.858524
3538,0.858681
3539,0.858698
3540,0.858663
3541,0.858889
3542,0.858559
3543,0.858368
3544,0.858385
3545,0.858368
3546,0.858368
3547,0.858437
3548,0.858108
3549,0.85809
3550,0.858038
3551,0.857899
3552,0.85783
3553,0.857708
3554,0.857622
3555,0.85776
3556,0.857795
3557,0.857639
3558,0.857396
3559,0.857083
3560,0.857135
3561,0.85816
3562,0.857969
3563,0.857847
3564,0.857569
3565,0.857431
3566,0.857448
3567,0.85717
3568,0.857344
3569,0.857639
3570,0.859288
3571,0.858889
3572,0.859323
3573,0.859531
3574,0.859653
3575,0.85934
3576,0.858559
3577,0.858368
3578,0.858611
3579,0.858785
3580,0.858681
3581,0.858646
3582,0.858507
3583,0.858681
3584,0.858229
3585,0.858559
3586,0.857847
3587,0.857778
3588,0.858108
3589,0.85809
3590,0.857743
3591,0.857812
3592,0.857708
3593,0.857986
3594,0.857934
3595,0.858663
3596,0.858906
3597,0.858837
3598,0.858698
3599,0.858646
3600,0.858594
3601,0.859062
3602,0.858767
3603,0.858993
3604,0.858802
3605,0.85875
3606,0.858594
3607,0.858542
3608,0.858785
3609,0.858767
3610,0.858819
3611,0.858646
3612,0.859115
3613,0.859444
3614,0.860035
3615,0.860382
3616,0.86092
3617,0.861076
3618,0.861389
3619,0.861424
3620,0.863038
3621,0.863229
3622,0.863733
3623,0.863594
3624,0.862917
3625,0.863021
3626,0.862899
3627,0.863264
3628,0.863802
3629,0.863611
3630,0.863455
3631,0.863351
3632,0.862899
3633,0.862986
3634,0.862882
3635,0.862309
3636,0.861979
3637,0.86151
3638,0.860799
3639,0.860799
3640,0.860694
3641,0.860295
3642,0.859705
3643,0.860052
3644,0.859878
3645,0.85901
3646,0.858281
3647,0.858038
3648,0.857778
3649,0.857587
3650,0.857309
3651,0.85717
3652,0.8575
3653,0.857917
3654,0.858229
3655,0.858073
3656,0.857778
3657,0.858229
3658,0.858281
3659,0.858316
3660,0.858247
3661,0.858038
3662,0.858021
3663,0.858316
3664,0.858264
3665,0.858212
3666,0.858333
3667,0.858142
3668,0.858264
3669,0.857969
3670,0.858472
3671,0.858646
3672,0.85842
3673,0.858559
3674,0.858576
3675,0.858194
3676,0.858819
3677,0.859878
3678,0.860313
3679,0.860434
3680,0.860451
3681,0.861007
3682,0.861024
3683,0.861007
3684,0.860955
3685,0.860729
3686,0.860521
3687,0.860365
3688,0.860313
3689,0.860417
3690,0.860382
3691,0.860677
3692,0.860642
3693,0.860556
3694,0.860503
3695,0.860399
3696,0.860174
3697,0.860243
3698,0.858229
3699,0.859253
3700,0.859497
3701,0.859583
3702,0.859688
3703,0.860434
3704,0.86033
3705,0.860313
3706,0.860139
3707,0.860139
3708,0.859479
3709,0.860069
3710,0.858906
3711,0.859479
3712,0.858628
3713,0.85849
3714,0.85842
3715,0.85776
3716,0.858368
3717,0.858021
3718,0.858247
3719,0.857465
3720,0.857292
3721,0.857101
3722,0.857014
3723,0.856024
3724,0.856649
3725,0.856649
3726,0.856146
3727,0.855799
3728,0.855938
3729,0.856354
3730,0.856024
3731,0.856181
3732,0.856372
3733,0.856128
3734,0.856111
3735,0.856441
3736,0.856302
3737,0.855538
3738,0.856024
3739,0.854583
3740,0.855556
3741,0.854566
3742,0.854375
3743,0.855087
3744,0.854722
3745,0.854306
3746,0.85467
3747,0.853281
3748,0.853559
3749,0.854358
3750,0.852569
3751,0.852812
3752,0.85408
3753,0.854097
3754,0.85283
3755,0.851875
3756,0.852604
3757,0.852951
3758,0.852465
3759,0.852326
3760,0.852431
3761,0.852361
3762,0.851667
3763,0.851389
3764,0.851007
3765,0.850729
3766,0.85026
3767,0.847951
3768,0.849271
3769,0.849549
3770,0.850694
3771,0.851285
3772,0.850347
3773,0.85184
3774,0.852326
3775,0.852118
3776,0.852483
3777,0.852083
3778,0.852431
3779,0.852431
3780,0.85217
3781,0.852465
3782,0.852535
3783,0.852257
3784,0.851979
3785,0.852031
3786,0.851476
3787,0.851545
3788,0.851406
3789,0.851059
3790,0.851458
3791,0.851111
3792,0.85125
3793,0.851146
3794,0.850781
3795,0.852049
3796,0.852153
3797,0.852865
3798,0.85191
3799,0.852361
3800,0.851806
3801,0.851615
3802,0.851111
3803,0.850868
3804,0.85059
3805,0.85066
3806,0.850399
3807,0.850278
3808,0.849444
3809,0.851146
3810,0.850382
3811,0.850538
3812,0.850642
3813,0.850243
3814,0.85099
3815,0.851181
3816,0.852431
3817,0.851042
3818,0.851267
3819,0.851719
3820,0.859149
3821,0.859236
3822,0.859115
3823,0.858958
3824,0.859149
3825,0.858681
3826,0.858472
3827,0.858351
3828,0.858507
3829,0.858785
3830,0.85875
3831,0.858819
3832,0.859358
3833,0.859288
3834,0.859306
3835,0.859514
3836,0.859288
3837,0.859444
3838,0.85934
3839,0.859497
3840,0.859306
3841,0.859358
3842,0.859497
3843,0.859566
3844,0.859549
3845,0.858056
3846,0.858073
3847,0.858194
3848,0.85849
3849,0.858837
3850,0.859149
3851,0.859045
3852,0.858767
3853,0.858976
3854,0.858802
3855,0.858142
3856,0.858715
3857,0.858906
3858,0.857951
3859,0.857847
3860,0.857622
3861,0.858177
3862,0.85816
3863,0.858403
3864,0.858854
3865,0.858646
3866,0.858698
3867,0.858229
3868,0.858038
3869,0.858333
3870,0.858681
3871,0.858715
3872,0.858646
3873,0.859306
3874,0.859549
3875,0.859288
3876,0.859774
3877,0.859965
3878,0.86033
3879,0.860104
3880,0.860087
3881,0.860174
3882,0.860694
3883,0.859184
3884,0.859878
3885,0.859635
3886,0.859705
3887,0.85967
3888,0.859514
3889,0.859531
3890,0.859688
3891,0.859427
3892,0.859062
3893,0.858976
3894,0.85875
3895,0.860503
3896,0.85974
3897,0.859132
3898,0.859427
3899,0.85934
3900,0.857535
3901,0.856128
3902,0.856684
3903,0.857726
3904,0.857986
3905,0.858785
3906,0.859566
3907,0.858767
3908,0.85901
3909,0.858837
3910,0.858403
3911,0.858941
3912,0.858819
3913,0.858611
3914,0.85901
3915,0.85783
3916,0.857743
3917,0.858108
3918,0.857951
3919,0.857726
3920,0.858976
3921,0.859271
3922,0.859931
3923,0.859653
3924,0.860156
3925,0.860104
3926,0.859913
3927,0.860156
3928,0.859948
3929,0.859965
3930,0.859913
3931,0.860278
3932,0.858576
3933,0.859896
3934,0.859722
3935,0.859618
3936,0.860729
3937,0.860556
3938,0.860694
3939,0.860625
3940,0.860486
3941,0.860712
3942,0.860069
3943,0.860052
3944,0.86026
3945,0.860365
3946,0.860521
3947,0.86033
3948,0.86099
3949,0.86099
3950,0.860434
3951,0.859948
3952,0.86
3953,0.86026
3954,0.860087
3955,0.859948
3956,0.860365
3957,0.860174
3958,0.860382
3959,0.860278
3960,0.860295
3961,0.860035
3962,0.859392
3963,0.859045
3964,0.859201
3965,0.858177
3966,0.858924
3967,0.859566
3968,0.859601
3969,0.85974
3970,0.860885
3971,0.861042
3972,0.861094
3973,0.860938
3974,0.861146
3975,0.861024
3976,0.861337
3977,0.861267
3978,0.861319
3979,0.861372
3980,0.86158
3981,0.861128
3982,0.85934
3983,0.859531
3984,0.856285
3985,0.856146
3986,0.854948
3987,0.856753
3988,0.856545
3989,0.858125
3990,0.860122
3991,0.860451
3992,0.860816
3993,0.860747
3994,0.860747
3995,0.860781
3996,0.860608
3997,0.860747
3998,0.860799
3999,0.860903
4000,0.860851
4001,0.860347
4002,0.860313
4003,0.859896
4004,0.85934
4005,0.859601
4006,0.859618
4007,0.859549
4008,0.86
4009,0.859844
4010,0.860035
4011,0.860017
4012,0.860087
4013,0.860278
4014,0.860156
4015,0.860365
4016,0.859983
4017,0.860052
4018,0.859948
4019,0.860035
4020,0.861285
4021,0.860799
4022,0.859965
4023,0.860903
4024,0.860104
4025,0.858802
4026,0.859774
4027,0.859653
4028,0.858212
4029,0.857483
4030,0.857674
4031,0.857431
4032,0.857066
4033,0.857153
4034,0.857917
4035,0.858333
4036,0.858455
4037,0.858264
4038,0.859149
4039,0.85816
4040,0.857552
4041,0.859479
4042,0.859323
4043,0.859028
4044,0.859132
4045,0.859479
4046,0.860174
4047,0.860295
4048,0.860139
4049,0.859497
4050,0.859497
4051,0.859635
4052,0.859931
4053,0.859722
4054,0.859583
4055,0.85967
4056,0.859757
4057,0.859618
4058,0.859497
4059,0.858958
4060,0.859062
4061,0.859097
4062,0.859236
4063,0.859149
4064,0.859531
4065,0.859549
4066,0.859531
4067,0.859705
4068,0.86
4069,0.859774
4070,0.860764
4071,0.860313
4072,0.860035
4073,0.859826
4074,0.859444
4075,0.860087
4076,0.860694
4077,0.860191
4078,0.860347
4079,0.860799
4080,0.860521
4081,0.860104
4082,0.860451
4083,0.860347
4084,0.860382
4085,0.86033
4086,0.860191
4087,0.860278
4088,0.860347
4089,0.859913
4090,0.860139
4091,0.859983
4092,0.859497
4093,0.859323
4094,0.859184
4095,0.861788
4096,0.861701
4097,0.861597
4098,0.861493
4099,0.861424
4100,0.861024
4101,0.861267
4102,0.861076
4103,0.859844
4104,0.859774
4105,0.860174
4106,0.86026
4107,0.860434
4108,0.859913
4109,0.859062
4110,0.859201
4111,0.859444
4112,0.858819
4113,0.858646
4114,0.858056
4115,0.857569
4116,0.858003
4117,0.857726
4118,0.857587
4119,0.857656
4120,0.859774
4121,0.858819
4122,0.858906
4123,0.859149
4124,0.859392
4125,0.85967
4126,0.859288
4127,0.859149
4128,0.859375
4129,0.859236
4130,0.858785
4131,0.858646
4132,0.858212
4133,0.858108
4134,0.857656
4135,0.85724
4136,0.857309
4137,0.857292
4138,0.856962
4139,0.856858
4140,0.856979
4141,0.857014
4142,0.856563
4143,0.856875
4144,0.856771
4145,0.858854
4146,0.857969
4147,0.858333
4148,0.858767
4149,0.858177
4150,0.857934
4151,0.857969
4152,0.858403
4153,0.858212
4154,0.856858
4155,0.856944
4156,0.857205
4157,0.856927
4158,0.856563
4159,0.855747
4160,0.856181
4161,0.856024
4162,0.854826
4163,0.854392
4164,0.853924
4165,0.854045
4166,0.852899
4167,0.853524
4168,0.854514
4169,0.853472
4170,0.852986
4171,0.852274
4172,0.851545
4173,0.851771
4174,0.850868
4175,0.851128
4176,0.850052
4177,0.850694
4178,0.850469
4179,0.84934
4180,0.849444
4181,0.850069
4182,0.851944
4183,0.852014
4184,0.856007
4185,0.856285
4186,0.858889
4187,0.859601
4188,0.859132
4189,0.858385
4190,0.863247
4191,0.863576
4192,0.864774
4193,0.864306
4194,0.864948
4195,0.868281
4196,0.868351
4197,0.869306
4198,0.872865
4199,0.873247
4200,0.872726
4201,0.873785
4202,0.873576
4203,0.87217
4204,0.870278
4205,0.8675
4206,0.865781
4207,0.865347
4208,0.863628
4209,0.864028
4210,0.86408
4211,0.862483
4212,0.862899
4213,0.862604
4214,0.863542
4215,0.862465
4216,0.863993
4217,0.864028
4218,0.863542
4219,0.86592
4220,0.864896
4221,0.866476
4222,0.870278
4223,0.875243
4224,0.876892
4225,0.87684
4226,0.877587
4227,0.879062
4228,0.880017
4229,0.881493
4230,0.883003
4231,0.886615
4232,0.889132
4233,0.892743
4234,0.89375
4235,0.895521
4236,0.895833
4237,0.896684
4238,0.899792
4239,0.898698
4240,0.900104
4241,0.898611
4242,0.897656
4243,0.898212
4244,0.902517
4245,0.906163
4246,0.902708
4247,0.89967
4248,0.899219
4249,0.894306
4250,0.891024
4251,0.891424
4252,0.886441
4253,0.887986
4254,0.885642
4255,0.884757
4256,0.880712
4257,0.880174
4258,0.876146
4259,0.877135
4260,0.8775
4261,0.875972
4262,0.871528
4263,0.873212
4264,0.873056
4265,0.871858
4266,0.873142
4267,0.876198
4268,0.876424
4269,0.877292
4270,0.874288
4271,0.876615
4272,0.875694
4273,0.882483
4274,0.883767
4275,0.886372
4276,0.887222
4277,0.889184
4278,0.886563
4279,0.887205
4280,0.888281
4281,0.889358
4282,0.892344
4283,0.897587
4284,0.899444
4285,0.902726
4286,0.905885
4287,0.905017
4288,0.908646
4289,0.907222
4290,0.91151
4291,0.912083
4292,0.915868
4293,0.912795
4294,0.909219
4295,0.905174
4296,0.904358
4297,0.90283
4298,0.901597
4299,0.90099
4300,0.89658
4301,0.894931
4302,0.896007
4303,0.893368
4304,0.891163
4305,0.890556
4306,0.88717
4307,0.885347
4308,0.882969
4309,0.884253
4310,0.886007
4311,0.886701
4312,0.888559
4313,0.890503
4314,0.890781
4315,0.891059
4316,0.887865
4317,0.886997
4318,0.882014
4319,0.876493
4320,0.875781
4321,0.871094
4322,0.871528
4323,0.868299
4324,0.866302
4325,0.860486
4326,0.861337
4327,0.86125
4328,0.863507
4329,0.861563
4330,0.864444
4331,0.866493
4332,0.865
4333,0.866823
4334,0.865764
4335,0.864062
4336,0.864375
4337,0.858542
4338,0.855104
4339,0.850642
4340,0.847604
4341,0.846753
4342,0.844549
4343,0.845156
4344,0.846267
4345,0.835486
4346,0.831198
4347,0.828559
4348,0.829132
4349,0.823715
4350,0.824479
4351,0.823663
4352,0.824618
4353,0.82224
4354,0.822448
4355,0.822847
4356,0.818785
4357,0.818872
4358,0.819288
4359,0.818264
4360,0.821302
4361,0.823299
4362,0.825451
4363,0.827031
4364,0.831545
4365,0.831701
4366,0.834861
4367,0.838681
4368,0.839531
4369,0.843038
4370,0.845642
4371,0.847535
4372,0.850538
4373,0.851233
4374,0.851562
4375,0.857726
4376,0.86
4377,0.858333
4378,0.859062
4379,0.853194
4380,0.851424
4381,0.857257
4382,0.857795
4383,0.857795
4384,0.860313
4385,0.860608
4386,0.858611
4387,0.862847
4388,0.861059
4389,0.864653
4390,0.866667
4391,0.863715
4392,0.865851
4393,0.865816
4394,0.855538
4395,0.856007
4396,0.855347
4397,0.855243
4398,0.855
4399,0.853681
4400,0.854462
4401,0.853316
4402,0.850469
4403,0.846042
4404,0.845278
4405,0.84283
4406,0.839497
4407,0.837656
4408,0.825747
4409,0.797778
4410,0.795104
4411,0.78151
4412,0.775451
4413,0.768958
4414,0.777795
4415,0.781198
4416,0.780816
4417,0.79276
4418,0.802986
4419,0.80342
4420,0.818785
4421,0.836684
4422,0.837153
4423,0.844514
4424,0.846892
4425,0.846233
4426,0.841302
4427,0.841736
4428,0.840486
4429,0.836267
4430,0.831753
4431,0.830729
4432,0.823837
4433,0.826615
4434,0.827205
4435,0.824931
4436,0.822517
4437,0.819323
4438,0.813073
4439,0.80809
4440,0.809132
4441,0.806753
4442,0.803316
4443,0.800816
4444,0.799271
4445,0.796111
4446,0.794236
4447,0.792882
4448,0.789549
4449,0.790243
4450,0.787292
4451,0.784149
4452,0.783559
4453,0.776372
4454,0.766927
4455,0.762708
4456,0.758403
4457,0.752396
4458,0.749288
4459,0.738854
4460,0.733889
4461,0.730799
4462,0.732361
4463,0.730208
4464,0.7275
4465,0.728628
4466,0.723802
4467,0.726684
4468,0.729601
4469,0.734479
4470,0.726927
4471,0.731354
4472,0.731424
4473,0.734774
4474,0.737639
4475,0.741163
4476,0.738316
4477,0.744045
4478,0.745
4479,0.739392
4480,0.732917
4481,0.735469
4482,0.735295
4483,0.726302
4484,0.732465
4485,0.732535
4486,0.737049
4487,0.730781
4488,0.730399
4489,0.731684
4490,0.736979
4491,0.740885
4492,0.745747
4493,0.749618
4494,0.751545
4495,0.747587
4496,0.761372
4497,0.762934
4498,0.77026
4499,0.77809
4500,0.781076
4501,0.781285
4502,0.787726
4503,0.785851
4504,0.800399
4505,0.815174
4506,0.820972
4507,0.837934
4508,0.842292
4509,0.844566
4510,0.855434
4511,0.858247
4512,0.85934
4513,0.873403
4514,0.876059
4515,0.878212
4516,0.891111
4517,0.895035
4518,0.896059
4519,0.895851
4520,0.906719
4521,0.904948
4522,0.903108
4523,0.900851
4524,0.897778
4525,0.897708
4526,0.895625
4527,0.895191
4528,0.893733
4529,0.897066
4530,0.89901
4531,0.899097
4532,0.896285
4533,0.894288
4534,0.89467
4535,0.89474
4536,0.895191
4537,0.894514
4538,0.897309
4539,0.898351
4540,0.895972
4541,0.89934
4542,0.898611
4543,0.899844
4544,0.901892
4545,0.900469
4546,0.898142
4547,0.892188
4548,0.890399
4549,0.884878
4550,0.883611
4551,0.879705
4552,0.877517
4553,0.872552
4554,0.869531
4555,0.864444
4556,0.858924
4557,0.858802
4558,0.851892
4559,0.849792
4560,0.850903
4561,0.842587
4562,0.841962
4563,0.841267
4564,0.8375
4565,0.831997
4566,0.83375
4567,0.833993
4568,0.839306
4569,0.842674
4570,0.848524
4571,0.848715
4572,0.851181
4573,0.851406
4574,0.846111
4575,0.845503
4576,0.843576
4577,0.838819
4578,0.830243
4579,0.824983
4580,0.818854
4581,0.816337
4582,0.813524
4583,0.812813
4584,0.814444
4585,0.80783
4586,0.805781
4587,0.806753
4588,0.807344
4589,0.808299
4590,0.809705
4591,0.810937
4592,0.817344
4593,0.822431
4594,0.824063
4595,0.833455
4596,0.835851
4597,0.840625
4598,0.84434
4599,0.844462
4600,0.843993
4601,0.83566
4602,0.832986
4603,0.827014
4604,0.822917
4605,0.820729
4606,0.814514
4607,0.813663
4608,0.808351
4609,0.808524
4610,0.809878
4611,0.812274
4612,0.815451
4613,0.822691
4614,0.822431
4615,0.825972
4616,0.829931
4617,0.830955
4618,0.831771
4619,0.831319
4620,0.82908
4621,0.830365
4622,0.834028
4623,0.834253
4624,0.82224
4625,0.818247
4626,0.817726
4627,0.814497
4628,0.80684
4629,0.803559
4630,0.797639
4631,0.791562
4632,0.790868
4633,0.783333
4634,0.776024
4635,0.774288
4636,0.770208
4637,0.768351
4638,0.769479
4639,0.772135
4640,0.774306
4641,0.776649
4642,0.779948
4643,0.781736
4644,0.78342
4645,0.791337
4646,0.796146
4647,0.796389
4648,0.798924
4649,0.801094
4650,0.799132
4651,0.803872
4652,0.80349
4653,0.80276
4654,0.807483
4655,0.810677
4656,0.812049
4657,0.818264
4658,0.823715
4659,0.82599
4660,0.827969
4661,0.833073
4662,0.836146
4663,0.839253
4664,0.841111
4665,0.844861
4666,0.844253
4667,0.846597
4668,0.845208
4669,0.844878
4670,0.838628
4671,0.834896
4672,0.832986
4673,0.827882
4674,0.827153
4675,0.818003
4676,0.805625
4677,0.802674
4678,0.799427
4679,0.796406
4680,0.776337
4681,0.760399
4682,0.752743
4683,0.746875
4684,0.742413
4685,0.72125
4686,0.714688
4687,0.701736
4688,0.694444
4689,0.69026
4690,0.684531
4691,0.681684
4692,0.68125
4693,0.681788
4694,0.684549
4695,0.68026
4696,0.683021
4697,0.683472
4698,0.684861
4699,0.688247
4700,0.689358
4701,0.68875
4702,0.695625
4703,0.699462
4704,0.70184
4705,0.70941
4706,0.711458
4707,0.715694
4708,0.721354
4709,0.727031
4710,0.725833
4711,0.738073
4712,0.751024
4713,0.753819
4714,0.776319
4715,0.780365
4716,0.778542
4717,0.778403
4718,0.785712
4719,0.787292
4720,0.811944
4721,0.812899
4722,0.810833
4723,0.808003
4724,0.807726
4725,0.809601
4726,0.809844
4727,0.818299
4728,0.818594
4729,0.824045
4730,0.827396
4731,0.824913
4732,0.826615
4733,0.83783
4734,0.836059
4735,0.841823
4736,0.844028
4737,0.845903
4738,0.854931
4739,0.855052
4740,0.855556
4741,0.85658
4742,0.860434
4743,0.860903
4744,0.859722
4745,0.860573
4746,0.839653
4747,0.822587
4748,0.817604
4749,0.809219
4750,0.734462
4751,0.718021
4752,0.712587
4753,0.690764
4754,0.632743
4755,0.617535
4756,0.58967
4757,0.559392
4758,0.549913
4759,0.531007
4760,0.470486
4761,0.457083
4762,0.439618
4763,0.424878
4764,0.418698
4765,0.40724
4766,0.39559
4767,0.386562
4768,0.373698
4769,0.36908
4770,0.347517
4771,0.342257
4772,0.335608
4773,0.335556
4774,0.334132
4775,0.328038
4776,0.323385
4777,0.315903
4778,0.311441
4779,0.307014
4780,0.303559
4781,0.298108
4782,0.295399
4783,0.29026
4784,0.285017
4785,0.281649
4786,0.271354
4787,0.264253
4788,0.26
4789,0.250833
4790,0.241736
4791,0.236563
4792,0.229705
4793,0.219653
4794,0.216059
4795,0.206563
4796,0.202274
4797,0.200712
4798,0.196476
4799,0.192587
4800,0.190573
4801,0.186892
4802,0.185434
4803,0.185486
4804,0.185781
4805,0.186094
4806,0.186181
4807,0.185955
4808,0.186215
4809,0.186372
4810,0.184635
4811,0.182917
4812,0.180694
4813,0.177431
4814,0.174618
4815,0.171823
4816,0.171476
4817,0.170365
4818,0.16967
4819,0.168715
4820,0.155417
4821,0.154965
4822,0.155312
4823,0.155486
4824,0.155486
4825,0.155538
4826,0.155469
4827,0.155486
4828,0.155851
4829,0.155625
4830,0.155764
4831,0.155781
4832,0.155851
4833,0.155486
4834,0.15408
4835,0.154115
4836,0.15441
4837,0.154618
4838,0.154774
4839,0.154583
4840,0.154497
4841,0.154479
4842,0.154236
4843,0.154462
4844,0.15434
4845,0.154809
4846,0.154635
4847,0.154549
4848,0.154462
4849,0.154583
4850,0.154549
4851,0.154705
4852,0.154635
4853,0.155
4854,0.154688
4855,0.155243
4856,0.155243
4857,0.154861
4858,0.155191
4859,0.155382
4860,0.155538
4861,0.15559
4862,0.155625
4863,0.155469
4864,0.155156
4865,0.155122
4866,0.15467
4867,0.154948
4868,0.155208
4869,0.15526
4870,0.155469
4871,0.155486
4872,0.155417
4873,0.155156
4874,0.155208
4875,0.155295
4876,0.155139
4877,0.155139
4878,0.154965
4879,0.155122
4880,0.155174
4881,0.155069
4882,0.154983
4883,0.154896
4884,0.152431
4885,0.152344
4886,0.152639
4887,0.152622
4888,0.1525
4889,0.152656
4890,0.152795
4891,0.152622
4892,0.152708
4893,0.153142
4894,0.15276
4895,0.152569
4896,0.152118
4897,0.151701
4898,0.151389
4899,0.151632
4900,0.151198
4901,0.151215
4902,0.151354
4903,0.15099
4904,0.150938
4905,0.151389
4906,0.151337
4907,0.151337
4908,0.151181
4909,0.152049
4910,0.152066
4911,0.152691
4912,0.152639
4913,0.152535
4914,0.152656
4915,0.152465
4916,0.152778
4917,0.154427
4918,0.163177
4919,0.168872
4920,0.182031
4921,0.195052
4922,0.203385
4923,0.21934
4924,0.232413
4925,0.236788
4926,0.244201
4927,0.252778
4928,0.256632
4929,0.264149
4930,0.265747
4931,0.264358
4932,0.265642
4933,0.287934
4934,0.296701
4935,0.307604
4936,0.333142
4937,0.34033
4938,0.352292
4939,0.397396
4940,0.406458
4941,0.429132
4942,0.446649
4943,0.454045
4944,0.458785
4945,0.467986
4946,0.470885
4947,0.477882
4948,0.481858
4949,0.483941
4950,0.474271
4951,0.462969
4952,0.457378
4953,0.45066
4954,0.44184
4955,0.43849
4956,0.419236
4957,0.401424
4958,0.394045
4959,0.360556
4960,0.346076
4961,0.338368
4962,0.325885
4963,0.315937
4964,0.310451
4965,0.290608
4966,0.267188
4967,0.256128
4968,0.247413
4969,0.24724
4970,0.245625
4971,0.251181
4972,0.256146
4973,0.260451
4974,0.270642
4975,0.281372
4976,0.286667
4977,0.295486
4978,0.306181
4979,0.309358
4980,0.314931
4981,0.316215
4982,0.316997
4983,0.313038
4984,0.306771
4985,0.310278
4986,0.308247
4987,0.303576
4988,0.30099
4989,0.298125
4990,0.290573
4991,0.28526
4992,0.275139
4993,0.275139
4994,0.27191
4995,0.261372
4996,0.259167
4997,0.252691
4998,0.245972
4999,0.246719
5000,0.247396
5001,0.245174
5002,0.240937
5003,0.243194
5004,0.241875
5005,0.24066
5006,0.238351
5007,0.238767
5008,0.241649
5009,0.236719
5010,0.236128
5011,0.232292
5012,0.232413
5013,0.22559
5014,0.221684
5015,0.221493
5016,0.218038
5017,0.213646
5018,0.211997
5019,0.206667
5020,0.20066
5021,0.200642
5022,0.197517
5023,0.196042
5024,0.198264
5025,0.201563
5026,0.205816
5027,0.208056
5028,0.210347
5029,0.207865
5030,0.207361
5031,0.204306
5032,0.199878
5033,0.196059
5034,0.182344
5035,0.181892
5036,0.182344
5037,0.180972
5038,0.179635
5039,0.178924
5040,0.178229
5041,0.176667
5042,0.173958
5043,0.172135
5044,0.170694
5045,0.169323
5046,0.170521
5047,0.173056
5048,0.175382
5049,0.180816
5050,0.186649
5051,0.190747
5052,0.19684
5053,0.203316
5054,0.207118
5055,0.217413
5056,0.228715
5057,0.234549
5058,0.24441
5059,0.26875
5060,0.273438
5061,0.285972
5062,0.29875
5063,0.318993
5064,0.343906
5065,0.362083
5066,0.369045
5067,0.378194
5068,0.390278
5069,0.395156
5070,0.406372
5071,0.423767
5072,0.43224
5073,0.448941
5074,0.46783
5075,0.476806
5076,0.496927
5077,0.513681
5078,0.519479
5079,0.530573
5080,0.54099
5081,0.546615
5082,0.554688
5083,0.558889
5084,0.565243
5085,0.568438
5086,0.553455
5087,0.552743
5088,0.543976
5089,0.498264
5090,0.480816
5091,0.459358
5092,0.385694
5093,0.377153
5094,0.360052
5095,0.346372
5096,0.34099
5097,0.330799
5098,0.323437
5099,0.319479
5100,0.307153
5101,0.297396
5102,0.289201
5103,0.272153
5104,0.25434
5105,0.245104
5106,0.224931
5107,0.216927
5108,0.210191
5109,0.191892
5110,0.191111
5111,0.191163
5112,0.194861
5113,0.196493
5114,0.198924
5115,0.202031
5116,0.206233
5117,0.207344
5118,0.207899
5119,0.204896
5120,0.205903
5121,0.202535
5122,0.192101
5123,0.188281
5124,0.17783
5125,0.165868
5126,0.160885
5127,0.151753
5128,0.145139
5129,0.14217
5130,0.136753
5131,0.131372
5132,0.130312
5133,0.130503
5134,0.129618
5135,0.129913
5136,0.129913
5137,0.129705
5138,0.130017
5139,0.130087
5140,0.129931
5141,0.129913
5142,0.130122
5143,0.130069
5144,0.129948
5145,0.130278
5146,0.13033
5147,0.130382
5148,0.130347
5149,0.130365
5150,0.130347
5151,0.130104
5152,0.130521
5153,0.13059
5154,0.130799
5155,0.130642
5156,0.130694
5157,0.130556
5158,0.130503
5159,0.130868
5160,0.130955
5161,0.131163
5162,0.131094
5163,0.131163
5164,0.131094
5165,0.131215
5166,0.131493
5167,0.131562
5168,0.131597
5169,0.131684
5170,0.131719
5171,0.131823
5172,0.13191
5173,0.131892
5174,0.131979
5175,0.132083
5176,0.131927
5177,0.132066
5178,0.131944
5179,0.131927
5180,0.132101
5181,0.132135
5182,0.132135
5183,0.132031
5184,0.130642
5185,0.130694
5186,0.131094
5187,0.131215
5188,0.131181
5189,0.131319
5190,0.131215
5191,0.131389
5192,0.131337
5193,0.131354
5194,0.13125
5195,0.131059
5196,0.131024
5197,0.131753
5198,0.132049
5199,0.131771
5200,0.131753
5201,0.13158
5202,0.131649
5203,0.131684
5204,0.131285
5205,0.131215
5206,0.131128
5207,0.131319
5208,0.131476
5209,0.131528
5210,0.131788
5211,0.13191
5212,0.131979
5213,0.132049
5214,0.13191
5215,0.131771
5216,0.131788
5217,0.131858
5218,0.131753
5219,0.131632
5220,0.130677
5221,0.130816
5222,0.131181
5223,0.130955
5224,0.130851
5225,0.130955
5226,0.131233
5227,0.131198
5228,0.131215
5229,0.131094
5230,0.131354
5231,0.131528
5232,0.131597
5233,0.131528
5234,0.131649
5235,0.13158
5236,0.131736
5237,0.131753
5238,0.131649
5239,0.13158
5240,0.131562
5241,0.131753
5242,0.131771
5243,0.131858
5244,0.131927
5245,0.129271
5246,0.129323
5247,0.129809
5248,0.129809
5249,0.129653
5250,0.129722
5251,0.129358
5252,0.129497
5253,0.129444
5254,0.129427
5255,0.129497
5256,0.129705
5257,0.130017
5258,0.13401
5259,0.138628
5260,0.147813
5261,0.158368
5262,0.163698
5263,0.173247
5264,0.18283
5265,0.18809
5266,0.198455
5267,0.212326
5268,0.217743
5269,0.232031
5270,0.252795
5271,0.255625
5272,0.265538
5273,0.271562
5274,0.275851
5275,0.283819
5276,0.292066
5277,0.295035
5278,0.299514
5279,0.303976
5280,0.306372
5281,0.306337
5282,0.306545
5283,0.305851
5284,0.303594
5285,0.302135
5286,0.302274
5287,0.299635
5288,0.296563
5289,0.295417
5290,0.296111
5291,0.298715
5292,0.300608
5293,0.304028
5294,0.309722
5295,0.309045
5296,0.320208
5297,0.343524
5298,0.351233
5299,0.370434
5300,0.386406
5301,0.394184
5302,0.407569
5303,0.444132
5304,0.452135
5305,0.470764
5306,0.484774
5307,0.494531
5308,0.506823
5309,0.522378
5310,0.527205
5311,0.537413
5312,0.546944
5313,0.554097
5314,0.563941
5315,0.570677
5316,0.574167
5317,0.583264
5318,0.587257
5319,0.592083
5320,0.608559
5321,0.614045
5322,0.614115
5323,0.616181
5324,0.614115
5325,0.61283
5326,0.611389
5327,0.609028
5328,0.610174
5329,0.609601
5330,0.604896
5331,0.60474
5332,0.600868
5333,0.596337
5334,0.592118
5335,0.587639
5336,0.583212
5337,0.580521
5338,0.57842
5339,0.573247
5340,0.571997
5341,0.571424
5342,0.568038
5343,0.567257
5344,0.566979
5345,0.536632
5346,0.540556
5347,0.545694
5348,0.548576
5349,0.549566
5350,0.550069
5351,0.551163
5352,0.552569
5353,0.556059
5354,0.562396
5355,0.56158
5356,0.565035
5357,0.567413
5358,0.568472
5359,0.56816
5360,0.571215
5361,0.572986
5362,0.573524
5363,0.539479
5364,0.539149
5365,0.538125
5366,0.53783
5367,0.535382
5368,0.511198
5369,0.502795
5370,0.489983
5371,0.493819
5372,0.498038
5373,0.498472
5374,0.49691
5375,0.497413
5376,0.496528
5377,0.491128
5378,0.490382
5379,0.489583
5380,0.489392
5381,0.486979
5382,0.48309
5383,0.475885
5384,0.469115
5385,0.463385
5386,0.458368
5387,0.453681
5388,0.451076
5389,0.448316
5390,0.447378
5391,0.446302
5392,0.445608
5393,0.44066
5394,0.440243
5395,0.437135
5396,0.439132
5397,0.441441
5398,0.448576
5399,0.453785
5400,0.454167
5401,0.458715
5402,0.462326
5403,0.464184
5404,0.470729
5405,0.47592
5406,0.475747
5407,0.480677
5408,0.484618
5409,0.485503
5410,0.490243
5411,0.492535
5412,0.491788
5413,0.49467
5414,0.497639
5415,0.497951
5416,0.498403
5417,0.501111
5418,0.502326
5419,0.506597
5420,0.501163
5421,0.504514
5422,0.507812
5423,0.512448
5424,0.51467
5425,0.522014
5426,0.528472
5427,0.527396
5428,0.532743
5429,0.53474
5430,0.536545
5431,0.539757
5432,0.542153
5433,0.542899
5434,0.543698
5435,0.546858
5436,0.54691
5437,0.546233
5438,0.549462
5439,0.550069
5440,0.556302
5441,0.557674
5442,0.55875
5443,0.562014
5444,0.565191
5445,0.56408
5446,0.567587
5447,0.568455
5448,0.570799
5449,0.57441
5450,0.57842
5451,0.58066
5452,0.585017
5453,0.587031
5454,0.588108
5455,0.589514
5456,0.589375
5457,0.591632
5458,0.59191
5459,0.592604
5460,0.593056
5461,0.593507
5462,0.595399
5463,0.599809
5464,0.605365
5465,0.610069
5466,0.614184
5467,0.615747
5468,0.616146
5469,0.618681
5470,0.637431
5471,0.638559
5472,0.639878
5473,0.641545
5474,0.641458
5475,0.642031
5476,0.641927
5477,0.642101
5478,0.64184
5479,0.64401
5480,0.643993
5481,0.644132
5482,0.646406
5483,0.648993
5484,0.648385
5485,0.650017
5486,0.648681
5487,0.648837
5488,0.649722
5489,0.650191
5490,0.650295
5491,0.651424
5492,0.651094
5493,0.650781
5494,0.651319
5495,0.669549
5496,0.672135
5497,0.675451
5498,0.677448
5499,0.685868
5500,0.698976
5501,0.707778
5502,0.721042
5503,0.731649
5504,0.740747
5505,0.741163
5506,0.746979
5507,0.764045
5508,0.770226
5509,0.774618
5510,0.777326
5511,0.78125
5512,0.791997
5513,0.792708
5514,0.794497
5515,0.798681
5516,0.802222
5517,0.804635
5518,0.803316
5519,0.805851
5520,0.824844
5521,0.825955
5522,0.823351
5523,0.821337
5524,0.823663
5525,0.824635
5526,0.823837
5527,0.825885
5528,0.825122
5529,0.825608
5530,0.827187
5531,0.826736
5532,0.829566
5533,0.828681
5534,0.828628
5535,0.829306
5536,0.82875
5537,0.828854
5538,0.828976
5539,0.826615
5540,0.827396
5541,0.825833
5542,0.82599
5543,0.826319
5544,0.825937
5545,0.832517
5546,0.832309
5547,0.832101
5548,0.832483
5549,0.832795
5550,0.832483
5551,0.832535
5552,0.833194
5553,0.832708
5554,0.833142
5555,0.832674
5556,0.831701
5557,0.83217
5558,0.831059
5559,0.830885
5560,0.830365
5561,0.830556
5562,0.831788
5563,0.831094
5564,0.830399
5565,0.830208
5566,0.82974
5567,0.829774
5568,0.830538
5569,0.829913
5570,0.825781
5571,0.824271
5572,0.822135
5573,0.82092
5574,0.819705
5575,0.819722
5576,0.819184
5577,0.819965
5578,0.81849
5579,0.818681
5580,0.818733
5581,0.817813
5582,0.817101
5583,0.817535
5584,0.816354
5585,0.816736
5586,0.817222
5587,0.819306
5588,0.820451
5589,0.82059
5590,0.82125
5591,0.822483
5592,0.820937
5593,0.822101
5594,0.822795
5595,0.825087
5596,0.823472
5597,0.82283
5598,0.822951
5599,0.821007
5600,0.822187
5601,0.822743
5602,0.821684
5603,0.821615
5604,0.821927
5605,0.822413
5606,0.821562
5607,0.821701
5608,0.821285
5609,0.820747
5610,0.821007
5611,0.819965
5612,0.819306
5613,0.819635
5614,0.819809
5615,0.819983
5616,0.819514
5617,0.81776
5618,0.816528
5619,0.814792
5620,0.812726
5621,0.812986
5622,0.812708
5623,0.812483
5624,0.81092
5625,0.811372
5626,0.810764
5627,0.81059
5628,0.810434
5629,0.81059
5630,0.81
5631,0.809774
5632,0.809045
5633,0.809063
5634,0.808976
5635,0.810087
5636,0.81092
5637,0.811667
5638,0.811042
5639,0.8125
5640,0.811806
5641,0.812587
5642,0.812378
5643,0.813785
5644,0.81349
5645,0.815937
5646,0.816233
5647,0.816562
5648,0.815885
5649,0.816042
5650,0.816146
5651,0.815833
5652,0.814566
5653,0.812986
5654,0.810347
5655,0.811163
5656,0.808767
5657,0.808906
5658,0.808542
5659,0.808698
5660,0.808559
5661,0.807778
5662,0.809306
5663,0.809635
5664,0.809236
5665,0.809097
5666,0.808733
5667,0.808646
5668,0.808507
5669,0.809479
5670,0.805903
5671,0.805903
5672,0.806094
5673,0.805833
5674,0.80566
5675,0.805642
5676,0.806233
5677,0.806424
5678,0.806302
5679,0.805642
5680,0.806319
5681,0.80691
5682,0.806302
5683,0.80651
5684,0.805434
5685,0.806024
5686,0.805556
5687,0.805226
5688,0.805087
5689,0.805868
5690,0.805521
5691,0.805694
5692,0.806146
5693,0.805972
5694,0.806319
5695,0.810174
5696,0.810503
5697,0.810451
5698,0.810486
5699,0.810729
5700,0.810556
5701,0.808351
5702,0.807292
5703,0.805885
5704,0.805816
5705,0.80592
5706,0.805521
5707,0.805399
5708,0.805608
5709,0.805365
5710,0.805521
5711,0.806233
5712,0.805625
5713,0.804809
5714,0.804497
5715,0.805486
5716,0.80658
5717,0.806076
5718,0.806493
5719,0.806146
5720,0.808056
5721,0.808611
5722,0.808385
