framenum,queue density
1,0.241211
2,0.236328
3,0.234375
4,0.22998
5,0.225586
6,0.226562
7,0.223877
8,0.229492
9,0.22876
10,0.236084
11,0.249023
12,0.25293
13,0.257568
14,0.269775
15,0.271973
16,0.278809
17,0.281738
18,0.287354
19,0.293213
20,0.295166
21,0.29834
22,0.301758
23,0.30957
24,0.312988
25,0.311279
26,0.30835
27,0.309814
28,0.306396
29,0.304199
30,0.304199
31,0.300293
32,0.303467
33,0.303467
34,0.300537
35,0.304443
36,0.302979
37,0.298828
38,0.305664
39,0.30542
40,0.302246
41,0.311768
42,0.311768
43,0.306885
44,0.305176
45,0.289551
46,0.290527
47,0.290527
48,0.286865
49,0.288818
50,0.288086
51,0.287109
52,0.284668
53,0.290283
54,0.286621
55,0.283936
56,0.283691
57,0.282959
58,0.287842
59,0.287354
60,0.284912
61,0.282715
62,0.283691
63,0.281738
64,0.282715
65,0.282959
66,0.280518
67,0.281494
68,0.28125
69,0.283203
70,0.271484
71,0.272217
72,0.272705
73,0.276855
74,0.277344
75,0.278809
76,0.279541
77,0.27832
78,0.28125
79,0.278809
80,0.277588
81,0.282227
82,0.283447
83,0.286377
84,0.289062
85,0.293701
86,0.298828
87,0.297363
88,0.307861
89,0.317627
90,0.320312
91,0.324707
92,0.335449
93,0.336914
94,0.346191
95,0.360107
96,0.363281
97,0.367188
98,0.374512
99,0.378174
100,0.388184
101,0.393066
102,0.392334
103,0.396729
104,0.398193
105,0.398926
106,0.401123
107,0.399902
108,0.398682
109,0.396484
110,0.394531
111,0.391602
112,0.386475
113,0.38916
114,0.385498
115,0.381104
116,0.386475
117,0.37793
118,0.379639
119,0.373535
120,0.369629
121,0.370361
122,0.376221
123,0.380615
124,0.387207
125,0.39624
126,0.394287
127,0.399658
128,0.401367
129,0.403809
130,0.403809
131,0.408203
132,0.41626
133,0.412109
134,0.411133
135,0.411865
136,0.418701
137,0.419678
138,0.418701
139,0.420898
140,0.416016
141,0.415527
142,0.418457
143,0.41626
144,0.415527
145,0.403076
146,0.410889
147,0.414307
148,0.408936
149,0.410156
150,0.406738
151,0.401367
152,0.39502
153,0.395508
154,0.393555
155,0.38916
156,0.388428
157,0.383057
158,0.379395
159,0.377686
160,0.373291
161,0.373535
162,0.371582
163,0.369873
164,0.368408
165,0.365723
166,0.361328
167,0.361572
168,0.362549
169,0.360596
170,0.364258
171,0.363281
172,0.36499
173,0.36377
174,0.359863
175,0.358154
176,0.355469
177,0.353516
178,0.356445
179,0.352051
180,0.351318
181,0.349365
182,0.351807
183,0.350342
184,0.352051
185,0.349854
186,0.349121
187,0.347412
188,0.345215
189,0.345947
190,0.345947
191,0.344482
192,0.344482
193,0.344971
194,0.34375
195,0.344971
196,0.343018
197,0.343262
198,0.343506
199,0.34375
200,0.343262
201,0.342773
202,0.344238
203,0.345459
204,0.345459
205,0.344238
206,0.342285
207,0.3396
208,0.338867
209,0.340332
210,0.3396
211,0.339111
212,0.339111
213,0.338135
214,0.337402
215,0.337891
216,0.339355
217,0.337646
218,0.338623
219,0.338623
220,0.343018
221,0.342285
222,0.341797
223,0.341553
224,0.342285
225,0.342773
226,0.342285
227,0.342285
228,0.341309
229,0.341064
230,0.340088
231,0.339111
232,0.338135
233,0.337402
234,0.339111
235,0.34082
236,0.341309
237,0.340576
238,0.340576
239,0.339355
240,0.3396
241,0.338623
242,0.339844
243,0.336426
244,0.336182
245,0.338379
246,0.338867
247,0.339844
248,0.339844
249,0.340088
250,0.340088
251,0.339844
252,0.339844
253,0.338867
254,0.338379
255,0.336914
256,0.338623
257,0.338867
258,0.339111
259,0.3396
260,0.3396
261,0.338379
262,0.339111
263,0.338623
264,0.337646
265,0.337646
266,0.337891
267,0.337891
268,0.338379
269,0.338867
270,0.335938
271,0.334717
272,0.333984
273,0.333252
274,0.333252
275,0.331787
276,0.330566
277,0.332031
278,0.332275
279,0.331055
280,0.331299
281,0.332275
282,0.331787
283,0.332764
284,0.335449
285,0.334473
286,0.33252
287,0.334229
288,0.335449
289,0.337646
290,0.338135
291,0.337158
292,0.336182
293,0.335938
294,0.335693
295,0.333252
296,0.335693
297,0.334229
298,0.333984
299,0.332764
300,0.332764
301,0.331299
302,0.331543
303,0.330322
304,0.32959
305,0.327637
306,0.327393
307,0.328125
308,0.328369
309,0.327881
310,0.327881
311,0.328125
312,0.328125
313,0.327148
314,0.328613
315,0.328369
316,0.329102
317,0.328125
318,0.328857
319,0.327881
320,0.333496
321,0.334961
322,0.333984
323,0.33374
324,0.334473
325,0.334961
326,0.334229
327,0.333252
328,0.331055
329,0.331787
330,0.331543
331,0.331543
332,0.333252
333,0.332764
334,0.33374
335,0.333008
336,0.333496
337,0.333496
338,0.332275
339,0.332764
340,0.335693
341,0.334961
342,0.334717
343,0.336182
344,0.337891
345,0.339355
346,0.342529
347,0.346924
348,0.346924
349,0.350342
350,0.351074
351,0.353027
352,0.354736
353,0.356689
354,0.358887
355,0.358643
356,0.361328
357,0.360352
358,0.364258
359,0.365479
360,0.368164
361,0.368896
362,0.369629
363,0.370117
364,0.369385
365,0.368652
366,0.366211
367,0.368896
368,0.365967
369,0.364014
370,0.358398
371,0.358643
372,0.359863
373,0.358643
374,0.35791
375,0.357422
376,0.356445
377,0.356201
378,0.35376
379,0.352783
380,0.354492
381,0.352783
382,0.352295
383,0.351807
384,0.351318
385,0.352295
386,0.354492
387,0.353516
388,0.354736
389,0.359619
390,0.357422
391,0.362549
392,0.365967
393,0.366699
394,0.373047
395,0.37207
396,0.375732
397,0.379395
398,0.382324
399,0.383057
400,0.383789
401,0.38501
402,0.384033
403,0.387451
404,0.38916
405,0.38916
406,0.38916
407,0.391357
408,0.393555
409,0.396484
410,0.401855
411,0.401123
412,0.40332
413,0.408447
414,0.408447
415,0.415039
416,0.418945
417,0.418945
418,0.42334
419,0.428223
420,0.42334
421,0.435303
422,0.437744
423,0.437012
424,0.441895
425,0.449707
426,0.447266
427,0.453613
428,0.45874
429,0.462891
430,0.470459
431,0.475342
432,0.478516
433,0.484375
434,0.493652
435,0.493652
436,0.493896
437,0.500977
438,0.505859
439,0.511963
440,0.516357
441,0.514893
442,0.523193
443,0.521973
444,0.52417
445,0.528809
446,0.53125
447,0.532959
448,0.539307
449,0.541748
450,0.542969
451,0.546387
452,0.548096
453,0.546143
454,0.551025
455,0.551025
456,0.554199
457,0.548828
458,0.558838
459,0.559814
460,0.558105
461,0.559814
462,0.564941
463,0.560547
464,0.56665
465,0.564941
466,0.570068
467,0.571289
468,0.570312
469,0.571533
470,0.591064
471,0.59082
472,0.593262
473,0.592285
474,0.593018
475,0.59375
476,0.591797
477,0.593994
478,0.589355
479,0.595947
480,0.59375
481,0.597656
482,0.593506
483,0.590088
484,0.592041
485,0.5896
486,0.590576
487,0.592773
488,0.594482
489,0.596191
490,0.597412
491,0.595459
492,0.594238
493,0.597412
494,0.60083
495,0.599121
496,0.599121
497,0.598633
498,0.59668
499,0.599854
500,0.599609
501,0.60083
502,0.598145
503,0.596924
504,0.595703
505,0.594971
506,0.593994
507,0.592773
508,0.594482
509,0.592285
510,0.591797
511,0.588867
512,0.5896
513,0.589355
514,0.591553
515,0.593262
516,0.598389
517,0.603516
518,0.608887
519,0.617432
520,0.635254
521,0.638184
522,0.642334
523,0.646484
524,0.656006
525,0.659668
526,0.668457
527,0.667969
528,0.672119
529,0.679443
530,0.678711
531,0.683105
532,0.684082
533,0.681152
534,0.682617
535,0.682129
536,0.686035
537,0.684082
538,0.683105
539,0.685303
540,0.685059
541,0.687744
542,0.688232
543,0.686768
544,0.685303
545,0.698975
546,0.699463
547,0.699707
548,0.697754
549,0.694092
550,0.694824
551,0.691406
552,0.695557
553,0.696777
554,0.691406
555,0.692383
556,0.687744
557,0.688721
558,0.687988
559,0.684326
560,0.685791
561,0.684326
562,0.686768
563,0.685547
564,0.686279
565,0.688965
566,0.691895
567,0.695068
568,0.694336
569,0.691895
570,0.690186
571,0.688477
572,0.689453
573,0.688232
574,0.689941
575,0.685303
576,0.687256
577,0.684326
578,0.686035
579,0.685791
580,0.686523
581,0.685547
582,0.687988
583,0.686279
584,0.684814
585,0.684326
586,0.683594
587,0.683838
588,0.682861
589,0.684082
590,0.684326
591,0.68335
592,0.681152
593,0.686279
594,0.688232
595,0.707764
596,0.713379
597,0.715576
598,0.72168
599,0.726562
600,0.728027
601,0.731445
602,0.730957
603,0.732666
604,0.733398
605,0.734131
606,0.73291
607,0.734863
608,0.737793
609,0.739502
610,0.74707
611,0.748291
612,0.748779
613,0.751465
614,0.751221
615,0.755371
616,0.755371
617,0.756104
618,0.756592
619,0.755127
620,0.778809
621,0.778564
622,0.778076
623,0.777344
624,0.773926
625,0.779785
626,0.773926
627,0.777344
628,0.776611
629,0.778564
630,0.778076
631,0.780518
632,0.787354
633,0.790039
634,0.792725
635,0.793213
636,0.797607
637,0.800293
638,0.802002
639,0.806885
640,0.808105
641,0.807861
642,0.807617
643,0.804688
644,0.807617
645,0.820557
646,0.818359
647,0.816895
648,0.816895
649,0.816406
650,0.812988
651,0.816406
652,0.815186
653,0.814941
654,0.819824
655,0.821533
656,0.823486
657,0.823486
658,0.824463
659,0.818848
660,0.817383
661,0.817871
662,0.815918
663,0.821777
664,0.819092
665,0.817627
666,0.81543
667,0.818359
668,0.819336
669,0.817627
670,0.81665
671,0.813477
672,0.813477
673,0.8125
674,0.812256
675,0.814453
676,0.812744
677,0.814697
678,0.813965
679,0.810303
680,0.810059
681,0.808838
682,0.812012
683,0.807373
684,0.807373
685,0.810791
686,0.808105
687,0.808838
688,0.806885
689,0.807373
690,0.806641
691,0.806885
692,0.803467
693,0.801758
694,0.801758
695,0.8125
696,0.810303
697,0.809814
698,0.80957
699,0.8125
700,0.811523
701,0.811523
702,0.809814
703,0.808838
704,0.812744
705,0.813232
706,0.813477
707,0.811523
708,0.814209
709,0.81543
710,0.818848
711,0.820801
712,0.818604
713,0.821777
714,0.823975
715,0.825928
716,0.823486
717,0.822754
718,0.82251
719,0.824707
720,0.839111
721,0.838623
722,0.838623
723,0.838623
724,0.83667
725,0.838623
726,0.8396
727,0.839111
728,0.839844
729,0.840576
730,0.84082
731,0.838379
732,0.836914
733,0.83667
734,0.836914
735,0.838867
736,0.837646
737,0.836426
738,0.836914
739,0.835449
740,0.837158
741,0.837402
742,0.838867
743,0.837646
744,0.838379
745,0.841309
746,0.840332
747,0.837891
748,0.839844
749,0.841553
750,0.841797
751,0.839355
752,0.838623
753,0.838379
754,0.837646
755,0.837402
756,0.836182
757,0.835938
758,0.834229
759,0.834717
760,0.834717
761,0.835938
762,0.834717
763,0.834473
764,0.834961
765,0.836182
766,0.835693
767,0.835205
768,0.836426
769,0.835938
770,0.842773
771,0.842773
772,0.842285
773,0.841797
774,0.843018
775,0.843262
776,0.843994
777,0.84375
778,0.842529
779,0.841797
780,0.842041
781,0.840576
782,0.841064
783,0.840576
784,0.840088
785,0.8396
786,0.839355
787,0.8396
788,0.839111
789,0.838379
790,0.838623
791,0.838379
792,0.839111
793,0.838379
794,0.838379
795,0.841309
796,0.843262
797,0.842285
798,0.842773
799,0.843018
800,0.841553
801,0.838867
802,0.83667
803,0.838623
804,0.840088
805,0.84082
806,0.841309
807,0.839355
808,0.841797
809,0.841309
810,0.839355
811,0.83667
812,0.838379
813,0.839111
814,0.840088
815,0.839355
816,0.839355
817,0.839111
818,0.837158
819,0.837646
820,0.84082
821,0.841309
822,0.841309
823,0.842041
824,0.842285
825,0.843262
826,0.843506
827,0.843506
828,0.844238
829,0.843262
830,0.842529
831,0.842529
832,0.841797
833,0.842773
834,0.843018
835,0.842285
836,0.843262
837,0.843994
838,0.845215
839,0.844727
840,0.84375
841,0.844238
842,0.845215
843,0.845947
844,0.845703
845,0.846436
846,0.847412
847,0.8479
848,0.8479
849,0.848145
850,0.847412
851,0.847656
852,0.846924
853,0.8479
854,0.848145
855,0.848877
856,0.848389
857,0.847656
858,0.846924
859,0.846924
860,0.844971
861,0.844482
862,0.844727
863,0.846191
864,0.845459
865,0.845703
866,0.846924
867,0.845459
868,0.845703
869,0.845947
870,0.842041
871,0.842529
872,0.841797
873,0.842041
874,0.842285
875,0.843994
876,0.844727
877,0.843506
878,0.843018
879,0.843262
880,0.844727
881,0.845947
882,0.84668
883,0.847168
884,0.847168
885,0.84668
886,0.8479
887,0.848389
888,0.848389
889,0.847168
890,0.846924
891,0.845703
892,0.84668
893,0.845459
894,0.847656
895,0.84668
896,0.847656
897,0.848633
898,0.847412
899,0.846924
900,0.847656
901,0.848145
902,0.848877
903,0.849854
904,0.849121
905,0.847656
906,0.848389
907,0.847412
908,0.84668
909,0.847412
910,0.84668
911,0.847412
912,0.847168
913,0.847656
914,0.8479
915,0.848633
916,0.849609
917,0.849854
918,0.848389
919,0.849365
920,0.8479
921,0.848633
922,0.848145
923,0.849365
924,0.849365
925,0.849121
926,0.849121
927,0.848877
928,0.848877
929,0.848877
930,0.846924
931,0.846924
932,0.847412
933,0.847412
934,0.847168
935,0.84668
936,0.84668
937,0.846191
938,0.846924
939,0.845947
940,0.846436
941,0.845215
942,0.845459
943,0.844727
944,0.844482
945,0.844482
946,0.845459
947,0.845703
948,0.84668
949,0.846924
950,0.846924
951,0.847656
952,0.846924
953,0.846191
954,0.845459
955,0.849121
956,0.8479
957,0.848877
958,0.848633
959,0.849121
960,0.847412
961,0.847412
962,0.846436
963,0.847412
964,0.847412
965,0.8479
966,0.847412
967,0.846436
968,0.847656
969,0.847656
970,0.847168
971,0.845459
972,0.845947
973,0.844971
974,0.845215
975,0.845947
976,0.844971
977,0.844482
978,0.845215
979,0.84375
980,0.839844
981,0.840332
982,0.84082
983,0.843994
984,0.842773
985,0.843018
986,0.844482
987,0.844971
988,0.843262
989,0.84375
990,0.843018
991,0.842529
992,0.841797
993,0.843018
994,0.841553
995,0.843262
996,0.842773
997,0.842529
998,0.841797
999,0.842041
1000,0.842285
1001,0.844727
1002,0.844482
1003,0.844971
1004,0.845215
1005,0.844238
1006,0.843262
1007,0.843262
1008,0.843994
1009,0.844482
1010,0.843994
1011,0.842529
1012,0.843262
1013,0.843994
1014,0.845215
1015,0.844238
1016,0.843994
1017,0.843994
1018,0.842773
1019,0.843262
1020,0.843994
1021,0.844727
1022,0.846436
1023,0.846191
1024,0.845215
1025,0.844238
1026,0.845947
1027,0.845947
1028,0.845703
1029,0.845215
1030,0.846924
1031,0.846191
1032,0.847168
1033,0.844238
1034,0.845215
1035,0.843506
1036,0.846191
1037,0.846191
1038,0.844971
1039,0.845215
1040,0.843994
1041,0.845215
1042,0.846436
1043,0.845215
1044,0.845215
1045,0.846191
1046,0.845947
1047,0.844727
1048,0.844727
1049,0.84375
1050,0.844482
1051,0.844482
1052,0.844238
1053,0.845215
1054,0.845703
1055,0.844238
1056,0.843018
1057,0.843506
1058,0.845703
1059,0.845459
1060,0.845703
1061,0.842773
1062,0.843262
1063,0.84375
1064,0.842773
1065,0.844971
1066,0.84375
1067,0.845215
1068,0.844482
1069,0.843994
1070,0.844238
1071,0.844238
1072,0.843506
1073,0.842529
1074,0.842285
1075,0.842773
1076,0.841553
1077,0.841064
1078,0.842285
1079,0.843262
1080,0.841797
1081,0.841309
1082,0.842773
1083,0.843994
1084,0.843994
1085,0.843018
1086,0.841309
1087,0.842773
1088,0.843506
1089,0.844971
1090,0.842773
1091,0.84375
1092,0.844238
1093,0.842773
1094,0.842041
1095,0.841797
1096,0.842529
1097,0.842529
1098,0.842041
1099,0.843994
1100,0.843994
1101,0.843262
1102,0.842529
1103,0.842285
1104,0.841553
1105,0.842041
1106,0.842285
1107,0.842285
1108,0.841309
1109,0.840088
1110,0.841797
1111,0.841309
1112,0.841797
1113,0.841553
1114,0.841309
1115,0.840576
1116,0.842773
1117,0.842285
1118,0.842285
1119,0.842285
1120,0.84375
1121,0.842529
1122,0.842041
1123,0.842773
1124,0.844482
1125,0.843262
1126,0.844727
1127,0.843262
1128,0.841797
1129,0.841553
1130,0.841553
1131,0.842773
1132,0.840332
1133,0.839355
1134,0.840576
1135,0.840576
1136,0.842285
1137,0.841064
1138,0.841309
1139,0.840576
1140,0.842529
1141,0.842773
1142,0.843506
1143,0.842529
1144,0.843262
1145,0.845215
1146,0.844727
1147,0.842773
1148,0.843018
1149,0.843018
1150,0.841797
1151,0.842773
1152,0.844238
1153,0.843994
1154,0.843018
1155,0.844482
1156,0.845215
1157,0.843018
1158,0.842285
1159,0.842529
1160,0.842041
1161,0.842041
1162,0.840576
1163,0.84082
1164,0.840576
1165,0.842773
1166,0.842529
1167,0.842529
1168,0.844727
1169,0.846191
1170,0.846436
1171,0.8479
1172,0.847656
1173,0.844727
1174,0.846436
1175,0.845947
1176,0.845215
1177,0.846436
1178,0.846436
1179,0.845703
1180,0.846924
1181,0.845703
1182,0.84668
1183,0.845947
1184,0.846436
1185,0.846436
1186,0.842285
1187,0.842773
1188,0.84375
1189,0.843018
1190,0.843262
1191,0.84375
1192,0.842529
1193,0.842773
1194,0.844727
1195,0.843506
1196,0.844482
1197,0.843262
1198,0.842529
1199,0.842529
1200,0.843262
1201,0.843506
1202,0.842773
1203,0.842773
1204,0.842529
1205,0.841309
1206,0.843262
1207,0.842529
1208,0.842041
1209,0.841797
1210,0.841553
1211,0.843994
1212,0.844482
1213,0.84375
1214,0.843018
1215,0.842773
1216,0.842041
1217,0.842285
1218,0.843506
1219,0.844971
1220,0.845215
1221,0.84375
1222,0.843262
1223,0.84375
1224,0.843994
1225,0.843506
1226,0.84375
1227,0.844238
1228,0.845459
1229,0.844238
1230,0.84375
1231,0.844482
1232,0.842773
1233,0.843262
1234,0.842285
1235,0.843994
1236,0.840332
1237,0.838623
1238,0.839355
1239,0.838867
1240,0.841309
1241,0.840332
1242,0.84082
1243,0.840088
1244,0.840332
1245,0.839355
1246,0.839355
1247,0.840576
1248,0.839844
1249,0.841309
1250,0.839844
1251,0.840332
1252,0.841309
1253,0.840088
1254,0.8396
1255,0.841064
1256,0.841064
1257,0.84082
1258,0.841064
1259,0.841064
1260,0.840088
1261,0.840332
1262,0.841309
1263,0.84082
1264,0.841309
1265,0.841553
1266,0.841309
1267,0.841553
1268,0.841553
1269,0.841553
1270,0.84375
1271,0.842285
1272,0.843506
1273,0.841309
1274,0.841553
1275,0.843262
1276,0.843018
1277,0.843994
1278,0.842529
1279,0.843994
1280,0.843262
1281,0.842773
1282,0.842773
1283,0.84375
1284,0.843506
1285,0.842773
1286,0.843018
1287,0.84375
1288,0.843018
1289,0.843506
1290,0.842041
1291,0.841309
1292,0.841797
1293,0.842773
1294,0.842041
1295,0.842773
1296,0.84375
1297,0.843506
1298,0.844238
1299,0.842773
1300,0.843994
1301,0.844482
1302,0.845703
1303,0.844971
1304,0.845459
1305,0.846436
1306,0.847168
1307,0.847412
1308,0.8479
1309,0.846924
1310,0.844727
1311,0.84375
1312,0.842773
1313,0.842041
1314,0.842529
1315,0.842529
1316,0.842529
1317,0.842041
1318,0.843994
1319,0.843994
1320,0.843506
1321,0.844971
1322,0.845459
1323,0.8479
1324,0.847412
1325,0.847168
1326,0.846924
1327,0.845947
1328,0.845459
1329,0.844971
1330,0.844971
1331,0.844238
1332,0.844727
1333,0.844482
1334,0.844971
1335,0.844238
1336,0.842285
1337,0.84375
1338,0.842773
1339,0.843018
1340,0.842285
1341,0.841797
1342,0.841309
1343,0.840576
1344,0.842529
1345,0.842041
1346,0.843262
1347,0.84375
1348,0.843994
1349,0.843262
1350,0.842529
1351,0.841797
1352,0.842773
1353,0.843506
1354,0.843262
1355,0.843506
1356,0.843018
1357,0.843262
1358,0.844238
1359,0.844482
1360,0.84375
1361,0.843994
1362,0.841797
1363,0.842285
1364,0.841553
1365,0.842773
1366,0.841797
1367,0.842773
1368,0.843262
1369,0.841553
1370,0.839844
1371,0.842529
1372,0.840332
1373,0.843018
1374,0.843018
1375,0.841553
1376,0.839111
1377,0.843506
1378,0.845459
1379,0.843506
1380,0.842285
1381,0.844971
1382,0.842529
1383,0.843018
1384,0.843994
1385,0.844727
1386,0.841309
1387,0.840088
1388,0.840576
1389,0.84082
1390,0.841064
1391,0.840088
1392,0.843018
1393,0.844727
1394,0.843994
1395,0.841797
1396,0.843994
1397,0.840332
1398,0.843506
1399,0.842285
1400,0.844971
1401,0.844971
1402,0.845215
1403,0.845703
1404,0.845215
1405,0.845947
1406,0.847656
1407,0.845703
1408,0.845459
1409,0.844482
1410,0.84668
1411,0.84668
1412,0.844238
1413,0.845215
1414,0.845215
1415,0.845947
1416,0.845947
1417,0.84668
1418,0.847168
1419,0.848389
1420,0.849121
1421,0.847656
1422,0.845459
1423,0.843994
1424,0.845459
1425,0.846191
1426,0.847168
1427,0.848145
1428,0.853271
1429,0.853271
1430,0.85498
1431,0.850586
1432,0.851318
1433,0.849121
1434,0.84668
1435,0.8479
1436,0.852295
1437,0.855957
1438,0.853271
1439,0.852539
1440,0.848633
1441,0.854004
1442,0.855469
1443,0.856689
1444,0.856689
1445,0.851074
1446,0.85376
1447,0.856201
1448,0.856934
1449,0.853516
1450,0.856445
1451,0.856934
1452,0.859375
1453,0.85498
1454,0.849365
1455,0.850586
1456,0.854248
1457,0.853027
1458,0.854492
1459,0.854736
1460,0.8479
1461,0.850342
1462,0.855225
1463,0.855469
1464,0.852051
1465,0.854736
1466,0.852051
1467,0.862061
1468,0.857422
1469,0.861328
1470,0.854492
1471,0.858887
1472,0.860107
1473,0.85376
1474,0.861816
1475,0.856201
1476,0.861328
1477,0.861816
1478,0.863281
1479,0.855225
1480,0.852783
1481,0.86084
1482,0.856934
1483,0.859863
1484,0.862549
1485,0.864502
1486,0.867432
1487,0.868408
1488,0.86792
1489,0.87207
1490,0.865967
1491,0.875244
1492,0.868164
1493,0.874512
1494,0.878662
1495,0.873291
1496,0.879883
1497,0.875977
1498,0.876709
1499,0.875
1500,0.878906
1501,0.87085
1502,0.864258
1503,0.864258
1504,0.862061
1505,0.870361
1506,0.863281
1507,0.868896
1508,0.868164
1509,0.861572
1510,0.872314
1511,0.874268
1512,0.861084
1513,0.876465
1514,0.864258
1515,0.869629
1516,0.86792
1517,0.871826
1518,0.874756
1519,0.875977
1520,0.871826
1521,0.873291
1522,0.863525
1523,0.86377
1524,0.876221
1525,0.863037
1526,0.870361
1527,0.879639
1528,0.873779
1529,0.872559
1530,0.877197
1531,0.882568
1532,0.875244
1533,0.881836
1534,0.878418
1535,0.884766
1536,0.879883
1537,0.885986
1538,0.871338
1539,0.877441
1540,0.865234
1541,0.861816
1542,0.876465
1543,0.865967
1544,0.873779
1545,0.870605
1546,0.879395
1547,0.870361
1548,0.879395
1549,0.872559
1550,0.866455
1551,0.875977
1552,0.865967
1553,0.879639
1554,0.874512
1555,0.883545
1556,0.884033
1557,0.880859
1558,0.878174
1559,0.881592
1560,0.884033
1561,0.884766
1562,0.87207
1563,0.872559
1564,0.872559
1565,0.87207
1566,0.87207
1567,0.876465
1568,0.871338
1569,0.875244
1570,0.880615
1571,0.87915
1572,0.878418
1573,0.87085
1574,0.87207
1575,0.870117
1576,0.888428
1577,0.871338
1578,0.876221
1579,0.871094
1580,0.881348
1581,0.877441
1582,0.881104
1583,0.877441
1584,0.887695
1585,0.891113
1586,0.880859
1587,0.885498
1588,0.88501
1589,0.885986
1590,0.883545
1591,0.873291
1592,0.876221
1593,0.878662
1594,0.873535
1595,0.875732
1596,0.863281
1597,0.863037
1598,0.858643
1599,0.860352
1600,0.856201
1601,0.860107
1602,0.859619
1603,0.85498
1604,0.867432
1605,0.855713
1606,0.861816
1607,0.85498
1608,0.860352
1609,0.851074
1610,0.851318
1611,0.861084
1612,0.857666
1613,0.853516
1614,0.858398
1615,0.869629
1616,0.868164
1617,0.869385
1618,0.861572
1619,0.866699
1620,0.862793
1621,0.856934
1622,0.853271
1623,0.855469
1624,0.858154
1625,0.866943
1626,0.863281
1627,0.849365
1628,0.858887
1629,0.852295
1630,0.861572
1631,0.853271
1632,0.856201
1633,0.853027
1634,0.858398
1635,0.852783
1636,0.853516
1637,0.866211
1638,0.866943
1639,0.867188
1640,0.868164
1641,0.865723
1642,0.865723
1643,0.864746
1644,0.864746
1645,0.871582
1646,0.863037
1647,0.867432
1648,0.868408
1649,0.861572
1650,0.861084
1651,0.865967
1652,0.85498
1653,0.861328
1654,0.855225
1655,0.859375
1656,0.852295
1657,0.854492
1658,0.848633
1659,0.844482
1660,0.849121
1661,0.854492
1662,0.845947
1663,0.85376
1664,0.856689
1665,0.847168
1666,0.851074
1667,0.863281
1668,0.859131
1669,0.852783
1670,0.85498
1671,0.861328
1672,0.86084
1673,0.85376
1674,0.869629
1675,0.851318
1676,0.858154
1677,0.854736
1678,0.851562
1679,0.852539
1680,0.847656
1681,0.847168
1682,0.842773
1683,0.832275
1684,0.838379
1685,0.826904
1686,0.825928
1687,0.827881
1688,0.837891
1689,0.836914
1690,0.83667
1691,0.833008
1692,0.840576
1693,0.837646
1694,0.842041
1695,0.832764
1696,0.831787
1697,0.830566
1698,0.833984
1699,0.836426
1700,0.824219
1701,0.823242
1702,0.828125
1703,0.828613
1704,0.830322
1705,0.82666
1706,0.826416
1707,0.828857
1708,0.838135
1709,0.84375
1710,0.849609
1711,0.840332
1712,0.832031
1713,0.843262
1714,0.841064
1715,0.831543
1716,0.826904
1717,0.828125
1718,0.825928
1719,0.822754
1720,0.828125
1721,0.829102
1722,0.835449
1723,0.831787
1724,0.839844
1725,0.83374
1726,0.843262
1727,0.842285
1728,0.847656
1729,0.853271
1730,0.852051
1731,0.853027
1732,0.843262
1733,0.8396
1734,0.832275
1735,0.821533
1736,0.79834
1737,0.796875
1738,0.795898
1739,0.790771
1740,0.79248
1741,0.785645
1742,0.774902
1743,0.7771
1744,0.759277
1745,0.756348
1746,0.760986
1747,0.767822
1748,0.711426
1749,0.707275
1750,0.716309
1751,0.713379
1752,0.707764
1753,0.667725
1754,0.666504
1755,0.652588
1756,0.645264
1757,0.646729
1758,0.638184
1759,0.636475
1760,0.625488
1761,0.620361
1762,0.604004
1763,0.599365
1764,0.593018
1765,0.580322
1766,0.579102
1767,0.591064
1768,0.597656
1769,0.617676
1770,0.619873
1771,0.630371
1772,0.640625
1773,0.647705
1774,0.653809
1775,0.649658
1776,0.665771
1777,0.67749
1778,0.686523
1779,0.69458
1780,0.700439
1781,0.693359
1782,0.690186
1783,0.689453
1784,0.684814
1785,0.677002
1786,0.675537
1787,0.681396
1788,0.677246
1789,0.666992
1790,0.668701
1791,0.661377
1792,0.652832
1793,0.653076
1794,0.64209
1795,0.636475
1796,0.630371
1797,0.618896
1798,0.611328
1799,0.614014
1800,0.616211
1801,0.608154
1802,0.612305
1803,0.609131
1804,0.616211
1805,0.612305
1806,0.626465
1807,0.621338
1808,0.613281
1809,0.625
1810,0.625488
1811,0.60083
1812,0.609375
1813,0.608154
1814,0.60791
1815,0.613037
1816,0.614502
1817,0.601318
1818,0.605957
1819,0.600342
1820,0.593262
1821,0.5979
1822,0.593262
1823,0.580078
1824,0.578369
1825,0.569824
1826,0.564941
1827,0.55957
1828,0.544434
1829,0.540527
1830,0.53418
1831,0.542236
1832,0.536377
1833,0.527832
1834,0.523926
1835,0.518799
1836,0.500732
1837,0.50293
1838,0.512207
1839,0.515137
1840,0.517822
1841,0.519531
1842,0.524902
1843,0.515625
1844,0.525879
1845,0.517822
1846,0.530029
1847,0.521729
1848,0.521973
1849,0.529297
1850,0.526855
1851,0.524902
1852,0.529785
1853,0.523682
1854,0.515625
1855,0.503174
1856,0.502686
1857,0.495605
1858,0.49292
1859,0.492432
1860,0.49292
1861,0.487793
1862,0.481689
1863,0.480225
1864,0.473877
1865,0.470947
1866,0.458008
1867,0.445312
1868,0.443848
1869,0.44043
1870,0.436035
1871,0.437012
1872,0.439453
1873,0.445312
1874,0.449219
1875,0.454834
1876,0.458252
1877,0.45752
1878,0.466064
1879,0.477295
1880,0.47168
1881,0.47998
1882,0.498047
1883,0.480713
1884,0.472656
1885,0.477539
1886,0.469971
1887,0.474854
1888,0.487061
1889,0.490967
1890,0.493408
1891,0.502441
1892,0.51123
1893,0.520264
1894,0.528076
1895,0.52832
1896,0.533691
1897,0.525635
1898,0.508057
1899,0.509033
1900,0.512451
1901,0.518311
1902,0.53418
1903,0.54126
1904,0.548096
1905,0.570801
1906,0.598633
1907,0.617676
1908,0.637939
1909,0.660156
1910,0.67041
1911,0.672607
1912,0.680176
1913,0.686279
1914,0.69751
1915,0.706299
1916,0.707275
1917,0.716309
1918,0.733887
1919,0.732422
1920,0.740479
1921,0.743896
1922,0.752441
1923,0.740967
1924,0.75
1925,0.710449
1926,0.697021
1927,0.682129
1928,0.684814
1929,0.671143
1930,0.649902
1931,0.635986
1932,0.615479
1933,0.535889
1934,0.522217
1935,0.508301
1936,0.471191
1937,0.466553
1938,0.451416
1939,0.433105
1940,0.428711
1941,0.418457
1942,0.410889
1943,0.417236
1944,0.411133
1945,0.404297
1946,0.410889
1947,0.391113
1948,0.379883
1949,0.379395
1950,0.368652
1951,0.361084
1952,0.354736
1953,0.349121
1954,0.339111
1955,0.342773
1956,0.348145
1957,0.341797
1958,0.333984
1959,0.320801
1960,0.319336
1961,0.323486
1962,0.319336
1963,0.317383
1964,0.306396
1965,0.303711
1966,0.30542
1967,0.293945
1968,0.291504
1969,0.290527
1970,0.28833
1971,0.276855
1972,0.26709
1973,0.26001
1974,0.242188
1975,0.230225
1976,0.223633
1977,0.215088
1978,0.207275
1979,0.204346
1980,0.200684
1981,0.194092
1982,0.191895
1983,0.187256
1984,0.186279
1985,0.182373
1986,0.161865
1987,0.160645
1988,0.160645
1989,0.157715
1990,0.156982
1991,0.158203
1992,0.158691
1993,0.159912
1994,0.159424
1995,0.158691
1996,0.158691
1997,0.156738
1998,0.15625
1999,0.156006
2000,0.152832
2001,0.153076
2002,0.15918
2003,0.163574
2004,0.171143
2005,0.182373
2006,0.189453
2007,0.200439
2008,0.213135
2009,0.221924
2010,0.242432
2011,0.252441
2012,0.258057
2013,0.294922
2014,0.310303
2015,0.341553
2016,0.368164
2017,0.390869
2018,0.416748
2019,0.446533
2020,0.452393
2021,0.453369
2022,0.464844
2023,0.490234
2024,0.501953
2025,0.533936
2026,0.563965
2027,0.583008
2028,0.611084
2029,0.645752
2030,0.656494
2031,0.677246
2032,0.677246
2033,0.675293
2034,0.668701
2035,0.680176
2036,0.684082
2037,0.693848
2038,0.681152
2039,0.681152
2040,0.691895
2041,0.687988
2042,0.651123
2043,0.629883
2044,0.567871
2045,0.54541
2046,0.523926
2047,0.49707
2048,0.484131
2049,0.467285
2050,0.444092
2051,0.436523
2052,0.414551
2053,0.39917
2054,0.391846
2055,0.368896
2056,0.36377
2057,0.355957
2058,0.341064
2059,0.322266
2060,0.313477
2061,0.277588
2062,0.276611
2063,0.269043
2064,0.272461
2065,0.266113
2066,0.26123
2067,0.258789
2068,0.25708
2069,0.257812
2070,0.254639
2071,0.260742
2072,0.254883
2073,0.256348
2074,0.25415
2075,0.253662
2076,0.248047
2077,0.23999
2078,0.234863
2079,0.218262
2080,0.205322
2081,0.200439
2082,0.186523
2083,0.177734
2084,0.174561
2085,0.169678
2086,0.154785
2087,0.153809
2088,0.154541
2089,0.154541
2090,0.152588
2091,0.152832
2092,0.151611
2093,0.152344
2094,0.150635
2095,0.151123
2096,0.151367
2097,0.152588
2098,0.151855
2099,0.152832
2100,0.154297
2101,0.156494
2102,0.158691
2103,0.162354
2104,0.169922
2105,0.173584
2106,0.179199
2107,0.188965
2108,0.195068
2109,0.203369
2110,0.219238
2111,0.224121
2112,0.247803
2113,0.275391
2114,0.281494
2115,0.322021
2116,0.343506
2117,0.371582
2118,0.412109
2119,0.463623
2120,0.483643
2121,0.522949
2122,0.551514
2123,0.596436
2124,0.642334
2125,0.665771
2126,0.686523
2127,0.72168
2128,0.764893
2129,0.787598
2130,0.802246
2131,0.818848
2132,0.828857
2133,0.84082
2134,0.845459
2135,0.851562
2136,0.878174
2137,0.88208
2138,0.883057
2139,0.885254
2140,0.883057
2141,0.884521
2142,0.879395
2143,0.878906
2144,0.871338
2145,0.873779
2146,0.870361
2147,0.871826
2148,0.875977
2149,0.878418
2150,0.880615
2151,0.877686
2152,0.850586
2153,0.849609
2154,0.804443
2155,0.764893
2156,0.759033
2157,0.720703
2158,0.695801
2159,0.689697
2160,0.679443
2161,0.629395
2162,0.636719
2163,0.63501
2164,0.632812
2165,0.638916
2166,0.636719
2167,0.634521
2168,0.632568
2169,0.63208
2170,0.628662
2171,0.624023
2172,0.621582
2173,0.623047
2174,0.622314
2175,0.621582
2176,0.570801
2177,0.562988
2178,0.541992
2179,0.511475
2180,0.468018
2181,0.430176
2182,0.402832
2183,0.396729
2184,0.382324
2185,0.352295
2186,0.300537
2187,0.291992
2188,0.289062
2189,0.285156
2190,0.275146
2191,0.261475
2192,0.258301
2193,0.251221
2194,0.242432
2195,0.23877
2196,0.232422
2197,0.222656
2198,0.220947
2199,0.214844
2200,0.205322
2201,0.203125
2202,0.194336
2203,0.190674
2204,0.186279
2205,0.182617
2206,0.181396
2207,0.179199
2208,0.177734
2209,0.173828
2210,0.174316
2211,0.168213
2212,0.162842
2213,0.161865
2214,0.157959
2215,0.154297
2216,0.151611
2217,0.150391
2218,0.147217
2219,0.146729
2220,0.146729
2221,0.147705
2222,0.146973
2223,0.148438
2224,0.146973
2225,0.147705
2226,0.14917
2227,0.149414
2228,0.148682
2229,0.149414
2230,0.149414
2231,0.150146
2232,0.150146
2233,0.151855
2234,0.150879
2235,0.152832
2236,0.146484
2237,0.146729
2238,0.148193
2239,0.148438
2240,0.148926
2241,0.151611
2242,0.149658
2243,0.149414
2244,0.150391
2245,0.15332
2246,0.153076
2247,0.154785
2248,0.154297
2249,0.153076
2250,0.15332
2251,0.150635
2252,0.149658
2253,0.150635
2254,0.152588
2255,0.154297
2256,0.152832
2257,0.152344
2258,0.152832
2259,0.153809
2260,0.154297
2261,0.152588
2262,0.152344
2263,0.154053
2264,0.155518
2265,0.156494
2266,0.156006
2267,0.155518
2268,0.158203
2269,0.168457
2270,0.169678
2271,0.180176
2272,0.188721
2273,0.192627
2274,0.202148
2275,0.208984
2276,0.217529
2277,0.231445
2278,0.246582
2279,0.247314
2280,0.261475
2281,0.266357
2282,0.273193
2283,0.280273
2284,0.284668
2285,0.284424
2286,0.276367
2287,0.281738
2288,0.290039
2289,0.286621
2290,0.290283
2291,0.293213
2292,0.291016
2293,0.291016
2294,0.280029
2295,0.272217
2296,0.263916
2297,0.262451
2298,0.25
2299,0.255127
2300,0.249756
2301,0.256348
2302,0.255615
2303,0.259033
2304,0.263672
2305,0.270264
2306,0.272217
2307,0.272705
2308,0.270264
2309,0.271484
2310,0.271484
2311,0.266602
2312,0.266602
2313,0.266602
2314,0.257568
2315,0.268311
2316,0.255859
2317,0.260986
2318,0.253662
2319,0.258789
2320,0.259521
2321,0.256592
2322,0.251465
2323,0.244629
2324,0.240479
2325,0.233398
2326,0.237793
2327,0.234375
2328,0.224609
2329,0.22168
2330,0.219482
2331,0.214111
2332,0.204346
2333,0.200928
2334,0.192871
2335,0.189453
2336,0.185547
2337,0.18335
2338,0.178467
2339,0.174561
2340,0.172119
2341,0.171387
2342,0.171875
2343,0.168457
2344,0.165771
2345,0.167236
2346,0.165527
2347,0.162109
2348,0.162109
2349,0.160645
2350,0.162842
2351,0.164062
2352,0.167236
2353,0.171143
2354,0.178711
2355,0.18042
2356,0.183838
2357,0.187012
2358,0.191406
2359,0.193848
2360,0.192383
2361,0.185303
2362,0.180176
2363,0.178711
2364,0.173096
2365,0.171143
2366,0.164795
2367,0.164551
2368,0.164551
2369,0.163574
2370,0.162109
2371,0.158203
2372,0.157227
2373,0.153076
2374,0.151611
2375,0.154785
2376,0.154297
2377,0.15332
2378,0.152344
2379,0.150391
2380,0.151367
2381,0.150146
2382,0.150146
2383,0.153076
2384,0.15332
2385,0.161133
2386,0.165527
2387,0.169434
2388,0.182861
2389,0.205566
2390,0.214355
2391,0.23291
2392,0.267334
2393,0.285889
2394,0.299072
2395,0.350586
2396,0.354248
2397,0.378662
2398,0.39624
2399,0.39917
2400,0.415771
2401,0.416992
2402,0.424561
2403,0.42627
2404,0.418945
2405,0.415527
2406,0.423096
2407,0.419678
2408,0.419189
2409,0.416748
2410,0.374268
2411,0.339111
2412,0.339355
2413,0.343994
2414,0.322998
2415,0.303711
2416,0.291992
2417,0.285889
2418,0.275635
2419,0.252686
2420,0.244141
2421,0.235107
2422,0.218262
2423,0.211914
2424,0.200928
2425,0.187012
2426,0.181396
2427,0.17334
2428,0.167236
2429,0.162598
2430,0.155273
2431,0.149658
2432,0.145996
2433,0.142334
2434,0.147217
2435,0.148438
2436,0.160645
2437,0.174561
2438,0.180664
2439,0.192139
2440,0.203125
2441,0.208008
2442,0.215088
2443,0.22168
2444,0.227051
2445,0.230713
2446,0.227295
2447,0.223145
2448,0.21582
2449,0.213867
2450,0.208496
2451,0.204346
2452,0.192627
2453,0.187988
2454,0.174805
2455,0.169434
2456,0.167725
2457,0.169189
2458,0.173828
2459,0.174316
2460,0.17749
2461,0.175781
2462,0.182617
2463,0.181641
2464,0.175293
2465,0.17749
2466,0.173096
2467,0.17334
2468,0.175293
2469,0.172852
2470,0.174805
2471,0.169434
2472,0.165771
2473,0.159424
2474,0.155518
2475,0.155273
2476,0.154053
2477,0.149414
2478,0.153076
2479,0.154785
2480,0.15918
2481,0.161865
2482,0.166992
2483,0.173828
2484,0.178467
2485,0.178223
2486,0.175537
2487,0.174805
2488,0.168945
2489,0.168457
2490,0.162598
2491,0.164307
2492,0.163818
2493,0.162354
2494,0.160156
2495,0.1604
2496,0.160156
2497,0.157227
2498,0.15918
2499,0.155029
2500,0.154541
2501,0.154053
2502,0.152832
2503,0.151855
2504,0.151855
2505,0.154785
2506,0.154785
2507,0.15332
2508,0.155762
2509,0.158936
2510,0.162842
2511,0.168213
2512,0.177246
2513,0.181396
2514,0.19458
2515,0.20874
2516,0.216309
2517,0.231934
2518,0.241699
2519,0.245117
2520,0.261475
2521,0.271484
2522,0.275635
2523,0.296143
2524,0.307373
2525,0.311768
2526,0.324707
2527,0.335449
2528,0.340332
2529,0.343262
2530,0.341064
2531,0.342285
2532,0.346436
2533,0.343994
2534,0.337646
2535,0.327881
2536,0.315918
2537,0.313965
2538,0.313965
2539,0.305176
2540,0.301758
2541,0.289062
2542,0.277588
2543,0.27002
2544,0.255371
2545,0.254883
2546,0.24585
2547,0.228516
2548,0.222656
2549,0.221191
2550,0.220459
2551,0.224365
2552,0.224609
2553,0.22583
2554,0.223389
2555,0.2229
2556,0.227051
2557,0.219971
2558,0.21582
2559,0.213867
2560,0.202393
2561,0.184326
2562,0.177979
2563,0.169678
2564,0.167236
2565,0.161133
2566,0.153809
2567,0.151855
2568,0.148438
2569,0.140869
2570,0.139893
2571,0.136475
2572,0.133545
2573,0.132568
2574,0.130859
2575,0.129883
2576,0.129395
2577,0.12915
2578,0.128906
2579,0.128906
2580,0.12915
2581,0.129395
2582,0.129639
2583,0.130371
2584,0.130615
2585,0.131104
2586,0.130127
2587,0.129883
2588,0.129883
2589,0.128906
2590,0.129395
2591,0.12915
2592,0.128906
2593,0.129395
2594,0.129639
2595,0.129883
2596,0.129883
2597,0.129639
2598,0.129395
2599,0.129639
2600,0.129639
2601,0.129883
2602,0.130615
2603,0.130859
2604,0.130127
2605,0.129883
2606,0.129883
2607,0.129639
2608,0.129395
2609,0.129639
2610,0.12915
2611,0.127686
2612,0.128906
2613,0.12915
2614,0.128906
2615,0.129639
2616,0.12915
2617,0.12915
2618,0.129395
2619,0.128906
2620,0.129395
2621,0.129639
2622,0.130371
2623,0.130127
2624,0.130371
2625,0.131104
2626,0.138184
2627,0.142822
2628,0.155518
2629,0.166992
2630,0.170654
2631,0.178955
2632,0.188965
2633,0.193604
2634,0.201172
2635,0.207275
2636,0.203369
2637,0.20752
2638,0.21167
2639,0.211182
2640,0.214111
2641,0.226074
2642,0.231689
2643,0.243408
2644,0.263672
2645,0.270264
2646,0.287842
2647,0.31543
2648,0.317383
2649,0.338867
2650,0.355957
2651,0.356445
2652,0.397217
2653,0.424316
2654,0.425781
2655,0.436035
2656,0.459229
2657,0.472656
2658,0.480225
2659,0.493652
2660,0.49292
2661,0.501221
2662,0.500488
2663,0.511963
2664,0.515381
2665,0.504395
2666,0.503662
2667,0.5
2668,0.487061
2669,0.482422
2670,0.478027
2671,0.48291
2672,0.481689
2673,0.472168
2674,0.463867
2675,0.472168
2676,0.44873
2677,0.428955
2678,0.424805
2679,0.422119
2680,0.412354
2681,0.398438
2682,0.387451
2683,0.37915
2684,0.381348
2685,0.372803
2686,0.345703
2687,0.345215
2688,0.350586
2689,0.350098
2690,0.361572
2691,0.361816
2692,0.361572
2693,0.361572
2694,0.366699
2695,0.371826
2696,0.361084
2697,0.359619
2698,0.352295
2699,0.350098
2700,0.3396
2701,0.331055
2702,0.324219
2703,0.316406
2704,0.304443
2705,0.300049
2706,0.293213
2707,0.283691
2708,0.276611
2709,0.271484
2710,0.265381
2711,0.252197
2712,0.257812
2713,0.258301
2714,0.259277
2715,0.253174
2716,0.25708
2717,0.256836
2718,0.256104
2719,0.25708
2720,0.251221
2721,0.248779
2722,0.243164
2723,0.239014
2724,0.236816
2725,0.232422
2726,0.226318
2727,0.229736
2728,0.227783
2729,0.22583
2730,0.231445
2731,0.233154
2732,0.239746
2733,0.243164
2734,0.246338
2735,0.242676
2736,0.236084
2737,0.243164
2738,0.246582
2739,0.247559
2740,0.253174
2741,0.256592
2742,0.264404
2743,0.262695
2744,0.267334
2745,0.266846
2746,0.270996
2747,0.264404
2748,0.264404
2749,0.268066
2750,0.266846
2751,0.268555
2752,0.265625
2753,0.270508
2754,0.267578
2755,0.271729
2756,0.271729
2757,0.27124
2758,0.269531
2759,0.267334
2760,0.264893
2761,0.259766
2762,0.261963
2763,0.26123
2764,0.263428
2765,0.260498
2766,0.259033
2767,0.25708
2768,0.255371
2769,0.26001
2770,0.255127
2771,0.251221
2772,0.251953
2773,0.252441
2774,0.253174
2775,0.250244
2776,0.247314
2777,0.243164
2778,0.244873
2779,0.245117
2780,0.245117
2781,0.240234
2782,0.245605
2783,0.240234
2784,0.244629
2785,0.249023
2786,0.244385
2787,0.242676
2788,0.241943
2789,0.243408
2790,0.245361
2791,0.240967
2792,0.242432
2793,0.240967
2794,0.239746
2795,0.239258
2796,0.234375
2797,0.237305
2798,0.236084
2799,0.237793
2800,0.239502
2801,0.237061
2802,0.233887
2803,0.231689
2804,0.231934
2805,0.230469
2806,0.230713
2807,0.236328
2808,0.238281
2809,0.23877
2810,0.237549
2811,0.226807
2812,0.229004
2813,0.233398
2814,0.23291
2815,0.232178
2816,0.233154
2817,0.234131
2818,0.234619
2819,0.234619
2820,0.233643
2821,0.234863
2822,0.234375
2823,0.233398
2824,0.233398
2825,0.233887
2826,0.23291
2827,0.231934
2828,0.23291
2829,0.231201
2830,0.231689
2831,0.231445
2832,0.228516
2833,0.227783
2834,0.227783
2835,0.229492
2836,0.232666
2837,0.231934
2838,0.229736
2839,0.230469
2840,0.230957
2841,0.232178
2842,0.231689
2843,0.231201
2844,0.231689
2845,0.231689
2846,0.22998
2847,0.230469
2848,0.231934
2849,0.231934
2850,0.231689
2851,0.231934
2852,0.22998
2853,0.231934
2854,0.230957
2855,0.230957
2856,0.229736
2857,0.230225
2858,0.22876
2859,0.230225
2860,0.229492
2861,0.229248
2862,0.229492
2863,0.229736
2864,0.230713
2865,0.231201
2866,0.230957
2867,0.230957
2868,0.231445
2869,0.231689
2870,0.230225
2871,0.230225
2872,0.22998
2873,0.230225
2874,0.229004
2875,0.22876
2876,0.22876
2877,0.228271
2878,0.227783
2879,0.227539
2880,0.22876
2881,0.234131
2882,0.236572
2883,0.241455
2884,0.246094
2885,0.248047
2886,0.256836
2887,0.258057
2888,0.25708
2889,0.260498
2890,0.261719
2891,0.260498
2892,0.26001
2893,0.261475
2894,0.258789
2895,0.254639
2896,0.252686
2897,0.255127
2898,0.253418
2899,0.251709
2900,0.253174
2901,0.252441
2902,0.250244
2903,0.249023
2904,0.247314
2905,0.245605
2906,0.246094
2907,0.246338
2908,0.245361
2909,0.245361
2910,0.246094
2911,0.244141
2912,0.243408
2913,0.242676
2914,0.245605
2915,0.246094
2916,0.24292
2917,0.243164
2918,0.245605
2919,0.243408
2920,0.242188
2921,0.241211
2922,0.240967
2923,0.241699
2924,0.241943
2925,0.242188
2926,0.242676
2927,0.243164
2928,0.243652
2929,0.244385
2930,0.244385
2931,0.24707
2932,0.249268
2933,0.247559
2934,0.247559
2935,0.248291
2936,0.248291
2937,0.246826
2938,0.246582
2939,0.248047
2940,0.248291
2941,0.247559
2942,0.249756
2943,0.249268
2944,0.249756
2945,0.249756
2946,0.250244
2947,0.253174
2948,0.254883
2949,0.256836
2950,0.262451
2951,0.263672
2952,0.267334
2953,0.271729
2954,0.271973
2955,0.281494
2956,0.290771
2957,0.28833
2958,0.308838
2959,0.321045
2960,0.343994
2961,0.401367
2962,0.407227
2963,0.414307
2964,0.445801
2965,0.4646
2966,0.471191
2967,0.483643
2968,0.52832
2969,0.542725
2970,0.553223
2971,0.570557
2972,0.580811
2973,0.604248
2974,0.634521
2975,0.645996
2976,0.656738
2977,0.664307
2978,0.665771
2979,0.675049
2980,0.680908
2981,0.685547
2982,0.697021
2983,0.723145
2984,0.736084
2985,0.743408
2986,0.799072
2987,0.802246
2988,0.802734
2989,0.802979
2990,0.809326
2991,0.822266
2992,0.828613
2993,0.837646
2994,0.835693
2995,0.839111
2996,0.839111
2997,0.838867
2998,0.849365
2999,0.856445
3000,0.855713
3001,0.858887
3002,0.862305
3003,0.861816
3004,0.864746
3005,0.87085
3006,0.872559
3007,0.87207
3008,0.866211
3009,0.869873
3010,0.867188
3011,0.873291
3012,0.875732
3013,0.871582
3014,0.867676
3015,0.873291
3016,0.868896
3017,0.871338
3018,0.866699
3019,0.873779
3020,0.868408
3021,0.87085
3022,0.870361
3023,0.871582
3024,0.877441
3025,0.873291
3026,0.876953
3027,0.879883
3028,0.87793
3029,0.875244
3030,0.878174
3031,0.875244
3032,0.879395
3033,0.874512
3034,0.879883
3035,0.877686
3036,0.889893
3037,0.883789
3038,0.890869
3039,0.889404
3040,0.894043
3041,0.887207
3042,0.893066
3043,0.892334
3044,0.889648
3045,0.888428
3046,0.891113
3047,0.890137
3048,0.88623
3049,0.891357
3050,0.88916
3051,0.889648
3052,0.88623
3053,0.888916
3054,0.888184
3055,0.887695
3056,0.887451
3057,0.891602
3058,0.885986
3059,0.884033
3060,0.888672
3061,0.891113
3062,0.888672
3063,0.887207
3064,0.887451
3065,0.890869
3066,0.888184
3067,0.884277
3068,0.876709
3069,0.877686
3070,0.875244
3071,0.872803
3072,0.873291
3073,0.874023
3074,0.87915
3075,0.880371
3076,0.873047
3077,0.866455
3078,0.864746
3079,0.86499
3080,0.86377
3081,0.866943
3082,0.866211
3083,0.866699
3084,0.871338
3085,0.867432
3086,0.873535
3087,0.870605
3088,0.873047
3089,0.874268
3090,0.872559
3091,0.873047
3092,0.876709
3093,0.875
3094,0.875977
3095,0.871582
3096,0.875
3097,0.865479
3098,0.869385
3099,0.867432
3100,0.87085
3101,0.869873
3102,0.867676
3103,0.870605
3104,0.870361
3105,0.871094
3106,0.871338
3107,0.868896
3108,0.864746
3109,0.870117
3110,0.869873
3111,0.867432
3112,0.867432
3113,0.867188
3114,0.862549
3115,0.862305
3116,0.861572
3117,0.863037
3118,0.862061
3119,0.860352
3120,0.859619
3121,0.857666
3122,0.859375
3123,0.859863
3124,0.860107
3125,0.858643
3126,0.857666
3127,0.86084
3128,0.861084
3129,0.864746
3130,0.862305
3131,0.86377
3132,0.864258
3133,0.865723
3134,0.866699
3135,0.864014
3136,0.865234
3137,0.861328
3138,0.861572
3139,0.858887
3140,0.861328
3141,0.86084
3142,0.860596
3143,0.861328
3144,0.864502
3145,0.861572
3146,0.859863
3147,0.864258
3148,0.862061
3149,0.858398
3150,0.858154
3151,0.856689
3152,0.859131
3153,0.855957
3154,0.856201
3155,0.856689
3156,0.853271
3157,0.857666
3158,0.855225
3159,0.855957
3160,0.852783
3161,0.853027
3162,0.852783
3163,0.856445
3164,0.852783
3165,0.853271
3166,0.85376
3167,0.855713
3168,0.850342
3169,0.849365
3170,0.851318
3171,0.85376
3172,0.853516
3173,0.855713
3174,0.852295
3175,0.852783
3176,0.851807
3177,0.852295
3178,0.852783
3179,0.852539
3180,0.851807
3181,0.854492
3182,0.854248
3183,0.854736
3184,0.855957
3185,0.855469
3186,0.854492
3187,0.854248
3188,0.853027
3189,0.850586
3190,0.853271
3191,0.855225
3192,0.849854
3193,0.853027
3194,0.851807
3195,0.851807
3196,0.852295
3197,0.851807
3198,0.852539
3199,0.852051
3200,0.848389
3201,0.845215
3202,0.84668
3203,0.845459
3204,0.845703
3205,0.843262
3206,0.841309
3207,0.843018
3208,0.845703
3209,0.844482
3210,0.845459
3211,0.849121
3212,0.847168
3213,0.843994
3214,0.844727
3215,0.844238
3216,0.845459
3217,0.844727
3218,0.847168
3219,0.846191
3220,0.846191
3221,0.846191
3222,0.846191
3223,0.84668
3224,0.847656
3225,0.84668
3226,0.846436
3227,0.84668
3228,0.845947
3229,0.845703
3230,0.844727
3231,0.844971
3232,0.844727
3233,0.845215
3234,0.844971
3235,0.843994
3236,0.845215
3237,0.84375
3238,0.842773
3239,0.843018
3240,0.842285
3241,0.842529
3242,0.843262
3243,0.842529
3244,0.841553
3245,0.844482
3246,0.844238
3247,0.84375
3248,0.843506
3249,0.842285
3250,0.842773
3251,0.839844
3252,0.84082
3253,0.840332
3254,0.84082
3255,0.841553
3256,0.840332
3257,0.841064
3258,0.840332
3259,0.840576
3260,0.839111
3261,0.846191
3262,0.845459
3263,0.846191
3264,0.846436
3265,0.844971
3266,0.844482
3267,0.845947
3268,0.844727
3269,0.845215
3270,0.844727
3271,0.84375
3272,0.845703
3273,0.844971
3274,0.846191
3275,0.846924
3276,0.846191
3277,0.847168
3278,0.846436
3279,0.84668
3280,0.847168
3281,0.848877
3282,0.849609
3283,0.849609
3284,0.849609
3285,0.849121
3286,0.852539
3287,0.852051
3288,0.852051
3289,0.851807
3290,0.852051
3291,0.851318
3292,0.852539
3293,0.851074
3294,0.849365
3295,0.850342
3296,0.849365
3297,0.848877
3298,0.8479
3299,0.848633
3300,0.848633
3301,0.8479
3302,0.848145
3303,0.848389
3304,0.848633
3305,0.849121
3306,0.849365
3307,0.849121
3308,0.848389
3309,0.848389
3310,0.848145
3311,0.851074
3312,0.851807
3313,0.851807
3314,0.85083
3315,0.85083
3316,0.849609
3317,0.849365
3318,0.852051
3319,0.852051
3320,0.853516
3321,0.854492
3322,0.853516
3323,0.853027
3324,0.852539
3325,0.854004
3326,0.855713
3327,0.854248
3328,0.855713
3329,0.855469
3330,0.856934
3331,0.856934
3332,0.85376
3333,0.854248
3334,0.856201
3335,0.855469
3336,0.855713
3337,0.852539
3338,0.853027
3339,0.852051
3340,0.853271
3341,0.852783
3342,0.853516
3343,0.854492
3344,0.854492
3345,0.854248
3346,0.853516
3347,0.852539
3348,0.852295
3349,0.850586
3350,0.851807
3351,0.852051
3352,0.85083
3353,0.851562
3354,0.852539
3355,0.851807
3356,0.852539
3357,0.851807
3358,0.85376
3359,0.853027
3360,0.854492
3361,0.854004
3362,0.853271
3363,0.85376
3364,0.854736
3365,0.855225
3366,0.855225
3367,0.85498
3368,0.855469
3369,0.85498
3370,0.854248
3371,0.85498
3372,0.854004
3373,0.85376
3374,0.852539
3375,0.851807
3376,0.851562
3377,0.851318
3378,0.851318
3379,0.853271
3380,0.853516
3381,0.853271
3382,0.853516
3383,0.853516
3384,0.853027
3385,0.853516
3386,0.854736
3387,0.85376
3388,0.853027
3389,0.854248
3390,0.854248
3391,0.853027
3392,0.853027
3393,0.853027
3394,0.852783
3395,0.852783
3396,0.851562
3397,0.851318
3398,0.851562
3399,0.851318
3400,0.850586
3401,0.851318
3402,0.85083
3403,0.850342
3404,0.850342
3405,0.850098
3406,0.849854
3407,0.850098
3408,0.849854
3409,0.848633
3410,0.848877
3411,0.85791
3412,0.855713
3413,0.855957
3414,0.856445
3415,0.857666
3416,0.857178
3417,0.856689
3418,0.856445
3419,0.855469
3420,0.855469
3421,0.856201
3422,0.856934
3423,0.856689
3424,0.856445
3425,0.856689
3426,0.855713
3427,0.857178
3428,0.857178
3429,0.857666
3430,0.857178
3431,0.857178
3432,0.857422
3433,0.858154
3434,0.856934
3435,0.855713
3436,0.863525
3437,0.862793
3438,0.861816
3439,0.861328
3440,0.860352
3441,0.860596
3442,0.861572
3443,0.861084
3444,0.861328
3445,0.861328
3446,0.861084
3447,0.861328
3448,0.86084
3449,0.86084
3450,0.861084
3451,0.861328
3452,0.861816
3453,0.862061
3454,0.862305
3455,0.861572
3456,0.860596
3457,0.86084
3458,0.860596
3459,0.861084
3460,0.860596
3461,0.864502
3462,0.864258
3463,0.863281
3464,0.863525
3465,0.863037
3466,0.862793
3467,0.862549
3468,0.86377
3469,0.863281
3470,0.863525
3471,0.862305
3472,0.863281
3473,0.863525
3474,0.863037
3475,0.862793
3476,0.862549
3477,0.862549
3478,0.862305
3479,0.861816
3480,0.862061
3481,0.862305
3482,0.861328
3483,0.861328
3484,0.860596
3485,0.86084
3486,0.863525
3487,0.863525
3488,0.863525
3489,0.863281
3490,0.864014
3491,0.865234
3492,0.865479
3493,0.866211
3494,0.865723
3495,0.86499
3496,0.865234
3497,0.86499
3498,0.864502
3499,0.864014
3500,0.86377
3501,0.86499
3502,0.865479
3503,0.865234
3504,0.864502
3505,0.864258
3506,0.864258
3507,0.864502
3508,0.86377
3509,0.862061
3510,0.862061
3511,0.862793
3512,0.862549
3513,0.862793
3514,0.861816
3515,0.862793
3516,0.86377
3517,0.863525
3518,0.864258
3519,0.863281
3520,0.861572
3521,0.860107
3522,0.86084
3523,0.86084
3524,0.858887
3525,0.859863
3526,0.859863
3527,0.859863
3528,0.861328
3529,0.861084
3530,0.860596
3531,0.860596
3532,0.86084
3533,0.86084
3534,0.860596
3535,0.861084
3536,0.862061
3537,0.86084
3538,0.860107
3539,0.860596
3540,0.860596
3541,0.859863
3542,0.859131
3543,0.859131
3544,0.858887
3545,0.860352
3546,0.860352
3547,0.859863
3548,0.860596
3549,0.860107
3550,0.860107
3551,0.859131
3552,0.858398
3553,0.858398
3554,0.858398
3555,0.857666
3556,0.856445
3557,0.856689
3558,0.857422
3559,0.857666
3560,0.857422
3561,0.860596
3562,0.861084
3563,0.86084
3564,0.860107
3565,0.860107
3566,0.861084
3567,0.861328
3568,0.861328
3569,0.861572
3570,0.860107
3571,0.859131
3572,0.859375
3573,0.860352
3574,0.860107
3575,0.860107
3576,0.859863
3577,0.860596
3578,0.861572
3579,0.86084
3580,0.861084
3581,0.861572
3582,0.860596
3583,0.861084
3584,0.860107
3585,0.858887
3586,0.858643
3587,0.859375
3588,0.859375
3589,0.859619
3590,0.859863
3591,0.860352
3592,0.859863
3593,0.859375
3594,0.860107
3595,0.859619
3596,0.860596
3597,0.859619
3598,0.859375
3599,0.858643
3600,0.858887
3601,0.860596
3602,0.860352
3603,0.859375
3604,0.859131
3605,0.858398
3606,0.858643
3607,0.858643
3608,0.859863
3609,0.860352
3610,0.860352
3611,0.859375
3612,0.859619
3613,0.860596
3614,0.861328
3615,0.860352
3616,0.861328
3617,0.862793
3618,0.862549
3619,0.862549
3620,0.866699
3621,0.86499
3622,0.865723
3623,0.864502
3624,0.864502
3625,0.86377
3626,0.863525
3627,0.863525
3628,0.863037
3629,0.863525
3630,0.862793
3631,0.863037
3632,0.86377
3633,0.862549
3634,0.861572
3635,0.862305
3636,0.862061
3637,0.862061
3638,0.861816
3639,0.861572
3640,0.861816
3641,0.859375
3642,0.859375
3643,0.859131
3644,0.859131
3645,0.863281
3646,0.861816
3647,0.860596
3648,0.86084
3649,0.860596
3650,0.860596
3651,0.858887
3652,0.860352
3653,0.860107
3654,0.860596
3655,0.859863
3656,0.859131
3657,0.860596
3658,0.861572
3659,0.861084
3660,0.861084
3661,0.860352
3662,0.861084
3663,0.861816
3664,0.862061
3665,0.86084
3666,0.86084
3667,0.860352
3668,0.861328
3669,0.862305
3670,0.85791
3671,0.857666
3672,0.858887
3673,0.859375
3674,0.858398
3675,0.857666
3676,0.86084
3677,0.861816
3678,0.862793
3679,0.863525
3680,0.863525
3681,0.863525
3682,0.864258
3683,0.86377
3684,0.863037
3685,0.862305
3686,0.861572
3687,0.862061
3688,0.861084
3689,0.862305
3690,0.862793
3691,0.862061
3692,0.862549
3693,0.862305
3694,0.862305
3695,0.86499
3696,0.86499
3697,0.86377
3698,0.862549
3699,0.862061
3700,0.862305
3701,0.860107
3702,0.862061
3703,0.863281
3704,0.858887
3705,0.861084
3706,0.861572
3707,0.862061
3708,0.861572
3709,0.861084
3710,0.860107
3711,0.857666
3712,0.85791
3713,0.858154
3714,0.860352
3715,0.85791
3716,0.857422
3717,0.85498
3718,0.85498
3719,0.855225
3720,0.860107
3721,0.857666
3722,0.859619
3723,0.856934
3724,0.858398
3725,0.85791
3726,0.859619
3727,0.858643
3728,0.855713
3729,0.855713
3730,0.857422
3731,0.858154
3732,0.856201
3733,0.856689
3734,0.855957
3735,0.856934
3736,0.856201
3737,0.85498
3738,0.855957
3739,0.855225
3740,0.855713
3741,0.858398
3742,0.855469
3743,0.854004
3744,0.853271
3745,0.852051
3746,0.852295
3747,0.854248
3748,0.853516
3749,0.85498
3750,0.856201
3751,0.854492
3752,0.853027
3753,0.854492
3754,0.851562
3755,0.851318
3756,0.852295
3757,0.850098
3758,0.850586
3759,0.850098
3760,0.851318
3761,0.850342
3762,0.849365
3763,0.848389
3764,0.848877
3765,0.847656
3766,0.846191
3767,0.844238
3768,0.844482
3769,0.845459
3770,0.847168
3771,0.847656
3772,0.844238
3773,0.844727
3774,0.846436
3775,0.846924
3776,0.846191
3777,0.845703
3778,0.847168
3779,0.846924
3780,0.847412
3781,0.84668
3782,0.8479
3783,0.848633
3784,0.848633
3785,0.850586
3786,0.849609
3787,0.85083
3788,0.849609
3789,0.849854
3790,0.849365
3791,0.848877
3792,0.850342
3793,0.850098
3794,0.848877
3795,0.847656
3796,0.847412
3797,0.846924
3798,0.846436
3799,0.844971
3800,0.847656
3801,0.84668
3802,0.8479
3803,0.845947
3804,0.845459
3805,0.846924
3806,0.845459
3807,0.847168
3808,0.8479
3809,0.845215
3810,0.843994
3811,0.844971
3812,0.846436
3813,0.844971
3814,0.846191
3815,0.845947
3816,0.845703
3817,0.845215
3818,0.844727
3819,0.845215
3820,0.858643
3821,0.858643
3822,0.858887
3823,0.858643
3824,0.858154
3825,0.856445
3826,0.856934
3827,0.856689
3828,0.855957
3829,0.857422
3830,0.856201
3831,0.856201
3832,0.856445
3833,0.85791
3834,0.857666
3835,0.856934
3836,0.856201
3837,0.855469
3838,0.854492
3839,0.854492
3840,0.85498
3841,0.856201
3842,0.856689
3843,0.857178
3844,0.856934
3845,0.85498
3846,0.853271
3847,0.85498
3848,0.854004
3849,0.854492
3850,0.854248
3851,0.85376
3852,0.854492
3853,0.85498
3854,0.854736
3855,0.854248
3856,0.854736
3857,0.855469
3858,0.855469
3859,0.854736
3860,0.855469
3861,0.855713
3862,0.856689
3863,0.855957
3864,0.855713
3865,0.854736
3866,0.854492
3867,0.855225
3868,0.855469
3869,0.856201
3870,0.860352
3871,0.858887
3872,0.859863
3873,0.860352
3874,0.860596
3875,0.86084
3876,0.862793
3877,0.861816
3878,0.86084
3879,0.86084
3880,0.861328
3881,0.861816
3882,0.862793
3883,0.861816
3884,0.862793
3885,0.862549
3886,0.861816
3887,0.861572
3888,0.860352
3889,0.86084
3890,0.860596
3891,0.859375
3892,0.860352
3893,0.860596
3894,0.860107
3895,0.861328
3896,0.859863
3897,0.857666
3898,0.856689
3899,0.858154
3900,0.856201
3901,0.854248
3902,0.855225
3903,0.854492
3904,0.856934
3905,0.858154
3906,0.860352
3907,0.85791
3908,0.859131
3909,0.859131
3910,0.858643
3911,0.859375
3912,0.858887
3913,0.858154
3914,0.859375
3915,0.860352
3916,0.859619
3917,0.859131
3918,0.858643
3919,0.857666
3920,0.856934
3921,0.855469
3922,0.857422
3923,0.857666
3924,0.858398
3925,0.858643
3926,0.858398
3927,0.859619
3928,0.859619
3929,0.859131
3930,0.859131
3931,0.859863
3932,0.858643
3933,0.859375
3934,0.858887
3935,0.859375
3936,0.861084
3937,0.861816
3938,0.86084
3939,0.861084
3940,0.861084
3941,0.861816
3942,0.860596
3943,0.86084
3944,0.859619
3945,0.859863
3946,0.859863
3947,0.859619
3948,0.861816
3949,0.861572
3950,0.860596
3951,0.859131
3952,0.858887
3953,0.859619
3954,0.859375
3955,0.859863
3956,0.861084
3957,0.860596
3958,0.86084
3959,0.860596
3960,0.860596
3961,0.861816
3962,0.861816
3963,0.859863
3964,0.860107
3965,0.858643
3966,0.859619
3967,0.861572
3968,0.860352
3969,0.861084
3970,0.859863
3971,0.861572
3972,0.859619
3973,0.86084
3974,0.859863
3975,0.860107
3976,0.859619
3977,0.859863
3978,0.859619
3979,0.859619
3980,0.860352
3981,0.860352
3982,0.858154
3983,0.859375
3984,0.855225
3985,0.854248
3986,0.854492
3987,0.856445
3988,0.858398
3989,0.859619
3990,0.861328
3991,0.861572
3992,0.861816
3993,0.862305
3994,0.862061
3995,0.862061
3996,0.862061
3997,0.861572
3998,0.862061
3999,0.862549
4000,0.861816
4001,0.860352
4002,0.861084
4003,0.861328
4004,0.860596
4005,0.860107
4006,0.859375
4007,0.859131
4008,0.858887
4009,0.859619
4010,0.861328
4011,0.86084
4012,0.860352
4013,0.860352
4014,0.860107
4015,0.859375
4016,0.859131
4017,0.859619
4018,0.859131
4019,0.859863
4020,0.857422
4021,0.857178
4022,0.855469
4023,0.857178
4024,0.856445
4025,0.855469
4026,0.856445
4027,0.85791
4028,0.856689
4029,0.855713
4030,0.855469
4031,0.855713
4032,0.855225
4033,0.855713
4034,0.856445
4035,0.856201
4036,0.856445
4037,0.855957
4038,0.857666
4039,0.857178
4040,0.857666
4041,0.859131
4042,0.85791
4043,0.857666
4044,0.85791
4045,0.859619
4046,0.859375
4047,0.859131
4048,0.859375
4049,0.859863
4050,0.860107
4051,0.859375
4052,0.858887
4053,0.858398
4054,0.859131
4055,0.859375
4056,0.859131
4057,0.858887
4058,0.859375
4059,0.859375
4060,0.859131
4061,0.859863
4062,0.859131
4063,0.859863
4064,0.860352
4065,0.860107
4066,0.861084
4067,0.861328
4068,0.862305
4069,0.862061
4070,0.855957
4071,0.857178
4072,0.857178
4073,0.856934
4074,0.856689
4075,0.856689
4076,0.856934
4077,0.856689
4078,0.856934
4079,0.856689
4080,0.857666
4081,0.856201
4082,0.856201
4083,0.856445
4084,0.856445
4085,0.856934
4086,0.857178
4087,0.857178
4088,0.857422
4089,0.858887
4090,0.859375
4091,0.859131
4092,0.858887
4093,0.858643
4094,0.859131
4095,0.862793
4096,0.863037
4097,0.862549
4098,0.862305
4099,0.86084
4100,0.861084
4101,0.860107
4102,0.859375
4103,0.858887
4104,0.859619
4105,0.859863
4106,0.859375
4107,0.858154
4108,0.857422
4109,0.856201
4110,0.856201
4111,0.85791
4112,0.85791
4113,0.857666
4114,0.857666
4115,0.857422
4116,0.857422
4117,0.855957
4118,0.855225
4119,0.855469
4120,0.856445
4121,0.855957
4122,0.855713
4123,0.856445
4124,0.855713
4125,0.856445
4126,0.855957
4127,0.856689
4128,0.856934
4129,0.85791
4130,0.858398
4131,0.85791
4132,0.858398
4133,0.856934
4134,0.857666
4135,0.856689
4136,0.857178
4137,0.856689
4138,0.857178
4139,0.856201
4140,0.855225
4141,0.855225
4142,0.85376
4143,0.854248
4144,0.854736
4145,0.858154
4146,0.857178
4147,0.857422
4148,0.859863
4149,0.861084
4150,0.858887
4151,0.858154
4152,0.858398
4153,0.857666
4154,0.855225
4155,0.858398
4156,0.856689
4157,0.855713
4158,0.856201
4159,0.854492
4160,0.856689
4161,0.855225
4162,0.85498
4163,0.852539
4164,0.849609
4165,0.849854
4166,0.850342
4167,0.852295
4168,0.85083
4169,0.8479
4170,0.8479
4171,0.851074
4172,0.848145
4173,0.84375
4174,0.846191
4175,0.848633
4176,0.850342
4177,0.848633
4178,0.851562
4179,0.848877
4180,0.843506
4181,0.842285
4182,0.845703
4183,0.848877
4184,0.854736
4185,0.850342
4186,0.856934
4187,0.859863
4188,0.860596
4189,0.860352
4190,0.861572
4191,0.864258
4192,0.862793
4193,0.863281
4194,0.864746
4195,0.872314
4196,0.866699
4197,0.87207
4198,0.873779
4199,0.873535
4200,0.871338
4201,0.868408
4202,0.875488
4203,0.868164
4204,0.86792
4205,0.864502
4206,0.866455
4207,0.87085
4208,0.864014
4209,0.858887
4210,0.870605
4211,0.86084
4212,0.858643
4213,0.856689
4214,0.864014
4215,0.865479
4216,0.862793
4217,0.865479
4218,0.86377
4219,0.868652
4220,0.87207
4221,0.863525
4222,0.871094
4223,0.872559
4224,0.869629
4225,0.87085
4226,0.875732
4227,0.870605
4228,0.876465
4229,0.876465
4230,0.879639
4231,0.884033
4232,0.887451
4233,0.887207
4234,0.890381
4235,0.892578
4236,0.891602
4237,0.898438
4238,0.891846
4239,0.902588
4240,0.893799
4241,0.89917
4242,0.894531
4243,0.901123
4244,0.901123
4245,0.907471
4246,0.90332
4247,0.904297
4248,0.897217
4249,0.891113
4250,0.897217
4251,0.888184
4252,0.890625
4253,0.892334
4254,0.884766
4255,0.885742
4256,0.879395
4257,0.881348
4258,0.875488
4259,0.877686
4260,0.873535
4261,0.868652
4262,0.866943
4263,0.864014
4264,0.86499
4265,0.873779
4266,0.865479
4267,0.875244
4268,0.868164
4269,0.872803
4270,0.863525
4271,0.871094
4272,0.866699
4273,0.866699
4274,0.875977
4275,0.885742
4276,0.875488
4277,0.88208
4278,0.886963
4279,0.885254
4280,0.889648
4281,0.887939
4282,0.896729
4283,0.896973
4284,0.899902
4285,0.901367
4286,0.904785
4287,0.898438
4288,0.903809
4289,0.903564
4290,0.904053
4291,0.907227
4292,0.912842
4293,0.912354
4294,0.914307
4295,0.897217
4296,0.906494
4297,0.896973
4298,0.891846
4299,0.896484
4300,0.894043
4301,0.885254
4302,0.892822
4303,0.888428
4304,0.883301
4305,0.887451
4306,0.880127
4307,0.882324
4308,0.878906
4309,0.878418
4310,0.887695
4311,0.889648
4312,0.890625
4313,0.884766
4314,0.893799
4315,0.888672
4316,0.876709
4317,0.887451
4318,0.881836
4319,0.878418
4320,0.871582
4321,0.869873
4322,0.869385
4323,0.867188
4324,0.860596
4325,0.856201
4326,0.857666
4327,0.863037
4328,0.867432
4329,0.857178
4330,0.861572
4331,0.852783
4332,0.862793
4333,0.86792
4334,0.869385
4335,0.857178
4336,0.864746
4337,0.858154
4338,0.852051
4339,0.849365
4340,0.847656
4341,0.846191
4342,0.842529
4343,0.844482
4344,0.841797
4345,0.822266
4346,0.835449
4347,0.826172
4348,0.825195
4349,0.821045
4350,0.82251
4351,0.815674
4352,0.821289
4353,0.817871
4354,0.822754
4355,0.817383
4356,0.825928
4357,0.81958
4358,0.825928
4359,0.820557
4360,0.818115
4361,0.821777
4362,0.824707
4363,0.826172
4364,0.831055
4365,0.835938
4366,0.836182
4367,0.838135
4368,0.841797
4369,0.837646
4370,0.848145
4371,0.849365
4372,0.848633
4373,0.853516
4374,0.850098
4375,0.854492
4376,0.856445
4377,0.859131
4378,0.846924
4379,0.85498
4380,0.847168
4381,0.852295
4382,0.850342
4383,0.854736
4384,0.848389
4385,0.85376
4386,0.853516
4387,0.856934
4388,0.8479
4389,0.86499
4390,0.864258
4391,0.85498
4392,0.864502
4393,0.86377
4394,0.848145
4395,0.845459
4396,0.850586
4397,0.851318
4398,0.848389
4399,0.843994
4400,0.846191
4401,0.854004
4402,0.844727
4403,0.838623
4404,0.84082
4405,0.836182
4406,0.835449
4407,0.835693
4408,0.825195
4409,0.789795
4410,0.790527
4411,0.783203
4412,0.779541
4413,0.76001
4414,0.778809
4415,0.781006
4416,0.782471
4417,0.793701
4418,0.795166
4419,0.800293
4420,0.811035
4421,0.829102
4422,0.824707
4423,0.836426
4424,0.84375
4425,0.838867
4426,0.83667
4427,0.832764
4428,0.832764
4429,0.832031
4430,0.824219
4431,0.831299
4432,0.813477
4433,0.825684
4434,0.820312
4435,0.82959
4436,0.819092
4437,0.816162
4438,0.807129
4439,0.806641
4440,0.809082
4441,0.798828
4442,0.793701
4443,0.803467
4444,0.800537
4445,0.789551
4446,0.79126
4447,0.781982
4448,0.775146
4449,0.785156
4450,0.775879
4451,0.776855
4452,0.768799
4453,0.767334
4454,0.752686
4455,0.75
4456,0.746582
4457,0.747559
4458,0.73877
4459,0.725342
4460,0.728516
4461,0.719727
4462,0.726562
4463,0.725098
4464,0.720459
4465,0.724365
4466,0.713379
4467,0.71167
4468,0.718262
4469,0.72168
4470,0.71875
4471,0.721436
4472,0.717041
4473,0.723633
4474,0.731445
4475,0.737793
4476,0.736084
4477,0.740967
4478,0.73877
4479,0.730713
4480,0.723389
4481,0.726807
4482,0.732422
4483,0.717041
4484,0.731445
4485,0.724854
4486,0.725586
4487,0.7229
4488,0.723877
4489,0.725098
4490,0.724121
4491,0.734863
4492,0.737305
4493,0.744629
4494,0.744141
4495,0.737305
4496,0.758057
4497,0.751221
4498,0.766357
4499,0.779785
4500,0.773682
4501,0.77002
4502,0.781982
4503,0.791016
4504,0.796875
4505,0.80957
4506,0.806396
4507,0.827393
4508,0.834961
4509,0.842773
4510,0.864746
4511,0.863281
4512,0.861572
4513,0.869629
4514,0.870605
4515,0.867188
4516,0.891357
4517,0.891602
4518,0.888184
4519,0.888428
4520,0.904053
4521,0.907471
4522,0.903076
4523,0.9021
4524,0.901367
4525,0.901123
4526,0.89502
4527,0.890869
4528,0.889648
4529,0.895508
4530,0.900635
4531,0.897949
4532,0.903076
4533,0.892578
4534,0.886963
4535,0.89209
4536,0.887695
4537,0.888428
4538,0.893066
4539,0.88916
4540,0.894531
4541,0.896973
4542,0.884766
4543,0.899414
4544,0.895752
4545,0.901123
4546,0.886963
4547,0.891846
4548,0.884766
4549,0.87915
4550,0.880615
4551,0.874268
4552,0.875488
4553,0.870117
4554,0.862061
4555,0.862061
4556,0.853027
4557,0.858887
4558,0.851074
4559,0.846436
4560,0.853271
4561,0.843994
4562,0.845947
4563,0.840088
4564,0.845215
4565,0.829102
4566,0.835205
4567,0.842285
4568,0.844238
4569,0.834961
4570,0.845947
4571,0.84375
4572,0.837402
4573,0.845703
4574,0.850586
4575,0.842285
4576,0.844971
4577,0.8396
4578,0.83667
4579,0.835693
4580,0.814697
4581,0.820557
4582,0.824707
4583,0.81665
4584,0.809814
4585,0.806152
4586,0.808594
4587,0.809082
4588,0.808838
4589,0.805908
4590,0.8125
4591,0.82251
4592,0.817627
4593,0.824219
4594,0.822754
4595,0.833252
4596,0.834473
4597,0.828369
4598,0.838379
4599,0.839355
4600,0.831543
4601,0.830566
4602,0.833984
4603,0.821533
4604,0.823242
4605,0.811768
4606,0.810791
4607,0.804199
4608,0.801514
4609,0.810547
4610,0.802979
4611,0.796631
4612,0.80957
4613,0.817383
4614,0.818359
4615,0.819336
4616,0.82666
4617,0.829834
4618,0.824707
4619,0.820557
4620,0.825928
4621,0.827148
4622,0.825195
4623,0.830811
4624,0.816895
4625,0.821533
4626,0.815674
4627,0.815918
4628,0.807861
4629,0.80249
4630,0.794189
4631,0.784912
4632,0.786865
4633,0.779297
4634,0.781738
4635,0.770508
4636,0.769287
4637,0.76709
4638,0.754883
4639,0.76709
4640,0.762939
4641,0.77124
4642,0.775635
4643,0.77417
4644,0.773926
4645,0.780029
4646,0.786621
4647,0.791504
4648,0.79248
4649,0.789551
4650,0.782959
4651,0.794434
4652,0.794434
4653,0.789551
4654,0.786133
4655,0.794434
4656,0.799561
4657,0.804199
4658,0.812744
4659,0.809326
4660,0.813721
4661,0.823242
4662,0.826904
4663,0.836182
4664,0.833496
4665,0.835449
4666,0.834717
4667,0.836914
4668,0.835693
4669,0.834229
4670,0.828613
4671,0.824219
4672,0.821533
4673,0.818848
4674,0.822754
4675,0.807617
4676,0.793213
4677,0.791016
4678,0.787842
4679,0.790039
4680,0.774658
4681,0.754395
4682,0.75
4683,0.748779
4684,0.741211
4685,0.715332
4686,0.706787
4687,0.696777
4688,0.6875
4689,0.685547
4690,0.680908
4691,0.67749
4692,0.671143
4693,0.677246
4694,0.673096
4695,0.662354
4696,0.672852
4697,0.675049
4698,0.671387
4699,0.679688
4700,0.677246
4701,0.677734
4702,0.679932
4703,0.698975
4704,0.687012
4705,0.702393
4706,0.699463
4707,0.710449
4708,0.715332
4709,0.718018
4710,0.714111
4711,0.731689
4712,0.733887
4713,0.738037
4714,0.770264
4715,0.77832
4716,0.77124
4717,0.768555
4718,0.775635
4719,0.77417
4720,0.793701
4721,0.807617
4722,0.796875
4723,0.793457
4724,0.799561
4725,0.791992
4726,0.803467
4727,0.810059
4728,0.813232
4729,0.818359
4730,0.820312
4731,0.824219
4732,0.825439
4733,0.824707
4734,0.829102
4735,0.831543
4736,0.83252
4737,0.83252
4738,0.851074
4739,0.852051
4740,0.845703
4741,0.851074
4742,0.864258
4743,0.855225
4744,0.85791
4745,0.85376
4746,0.839844
4747,0.822021
4748,0.819824
4749,0.805664
4750,0.729736
4751,0.709473
4752,0.697754
4753,0.681152
4754,0.625732
4755,0.612793
4756,0.582764
4757,0.552002
4758,0.536621
4759,0.517822
4760,0.45166
4761,0.444336
4762,0.431885
4763,0.418213
4764,0.4104
4765,0.394043
4766,0.388184
4767,0.377441
4768,0.359619
4769,0.360352
4770,0.333008
4771,0.32959
4772,0.32373
4773,0.331299
4774,0.324219
4775,0.31958
4776,0.310059
4777,0.302246
4778,0.300781
4779,0.303955
4780,0.294678
4781,0.28833
4782,0.288086
4783,0.281982
4784,0.275879
4785,0.273438
4786,0.261963
4787,0.254639
4788,0.248047
4789,0.236816
4790,0.227539
4791,0.223877
4792,0.218262
4793,0.207275
4794,0.204346
4795,0.192871
4796,0.188477
4797,0.185059
4798,0.181885
4799,0.177979
4800,0.177979
4801,0.174805
4802,0.171875
4803,0.169922
4804,0.171143
4805,0.170898
4806,0.17041
4807,0.170898
4808,0.171387
4809,0.172363
4810,0.170654
4811,0.168457
4812,0.167236
4813,0.163086
4814,0.159424
4815,0.15625
4816,0.157715
4817,0.156738
4818,0.156738
4819,0.155029
4820,0.143799
4821,0.144043
4822,0.143555
4823,0.143555
4824,0.143799
4825,0.143799
4826,0.144287
4827,0.144043
4828,0.144287
4829,0.143799
4830,0.143799
4831,0.144531
4832,0.144043
4833,0.142578
4834,0.14209
4835,0.141602
4836,0.141113
4837,0.141113
4838,0.141846
4839,0.142578
4840,0.142334
4841,0.143555
4842,0.143066
4843,0.143799
4844,0.143555
4845,0.144043
4846,0.144287
4847,0.144043
4848,0.144043
4849,0.143555
4850,0.144043
4851,0.144287
4852,0.144531
4853,0.144775
4854,0.143799
4855,0.143311
4856,0.143799
4857,0.143066
4858,0.144043
4859,0.143311
4860,0.143555
4861,0.143311
4862,0.143555
4863,0.143066
4864,0.143555
4865,0.144287
4866,0.144043
4867,0.143555
4868,0.144043
4869,0.143311
4870,0.143555
4871,0.144531
4872,0.144531
4873,0.144043
4874,0.143555
4875,0.144287
4876,0.143555
4877,0.143066
4878,0.142334
4879,0.142334
4880,0.142822
4881,0.142822
4882,0.143066
4883,0.143066
4884,0.136963
4885,0.137207
4886,0.136719
4887,0.137695
4888,0.137939
4889,0.137939
4890,0.137695
4891,0.137695
4892,0.137451
4893,0.137695
4894,0.138428
4895,0.138916
4896,0.137451
4897,0.13623
4898,0.137451
4899,0.137939
4900,0.137451
4901,0.138428
4902,0.138184
4903,0.138184
4904,0.137939
4905,0.138916
4906,0.139404
4907,0.138916
4908,0.138916
4909,0.141357
4910,0.140625
4911,0.140869
4912,0.140137
4913,0.140137
4914,0.140381
4915,0.140137
4916,0.140381
4917,0.141113
4918,0.149658
4919,0.155273
4920,0.168213
4921,0.183838
4922,0.189453
4923,0.204346
4924,0.217529
4925,0.226318
4926,0.233643
4927,0.238525
4928,0.240234
4929,0.252686
4930,0.252197
4931,0.25415
4932,0.250977
4933,0.277344
4934,0.282471
4935,0.295898
4936,0.317627
4937,0.328369
4938,0.335938
4939,0.387939
4940,0.395752
4941,0.416504
4942,0.433838
4943,0.441406
4944,0.443604
4945,0.453369
4946,0.458008
4947,0.458984
4948,0.468506
4949,0.467041
4950,0.45752
4951,0.449707
4952,0.443359
4953,0.437012
4954,0.42749
4955,0.42749
4956,0.406982
4957,0.387939
4958,0.381348
4959,0.34082
4960,0.333008
4961,0.321045
4962,0.306152
4963,0.296875
4964,0.293457
4965,0.274414
4966,0.252197
4967,0.23999
4968,0.232178
4969,0.23584
4970,0.231689
4971,0.234619
4972,0.240967
4973,0.242676
4974,0.254395
4975,0.27002
4976,0.272217
4977,0.283203
4978,0.293213
4979,0.292236
4980,0.29834
4981,0.29834
4982,0.30127
4983,0.297852
4984,0.291748
4985,0.292725
4986,0.289062
4987,0.289062
4988,0.287842
4989,0.284912
4990,0.2771
4991,0.268799
4992,0.26416
4993,0.266357
4994,0.262695
4995,0.257568
4996,0.250977
4997,0.245117
4998,0.23291
4999,0.235107
5000,0.234375
5001,0.232178
5002,0.22998
5003,0.229492
5004,0.231445
5005,0.22876
5006,0.225342
5007,0.222412
5008,0.227539
5009,0.222656
5010,0.220215
5011,0.216309
5012,0.216797
5013,0.216797
5014,0.204834
5015,0.210693
5016,0.206299
5017,0.205078
5018,0.201416
5019,0.199463
5020,0.188721
5021,0.187988
5022,0.183594
5023,0.18457
5024,0.184814
5025,0.189453
5026,0.192627
5027,0.194824
5028,0.19751
5029,0.196045
5030,0.194824
5031,0.192871
5032,0.187744
5033,0.183594
5034,0.17041
5035,0.168457
5036,0.167725
5037,0.168701
5038,0.16748
5039,0.167236
5040,0.166504
5041,0.162109
5042,0.161377
5043,0.157471
5044,0.158447
5045,0.156006
5046,0.158203
5047,0.161621
5048,0.163818
5049,0.169434
5050,0.176025
5051,0.178467
5052,0.184326
5053,0.192871
5054,0.194824
5055,0.203125
5056,0.2146
5057,0.221191
5058,0.232178
5059,0.254639
5060,0.257568
5061,0.269775
5062,0.28418
5063,0.302979
5064,0.327881
5065,0.348389
5066,0.354248
5067,0.364014
5068,0.375732
5069,0.380127
5070,0.392822
5071,0.40918
5072,0.415527
5073,0.436035
5074,0.457275
5075,0.464111
5076,0.483154
5077,0.501709
5078,0.504883
5079,0.522705
5080,0.531982
5081,0.533691
5082,0.54126
5083,0.548096
5084,0.558594
5085,0.557617
5086,0.541748
5087,0.540527
5088,0.531982
5089,0.484375
5090,0.471436
5091,0.450195
5092,0.375488
5093,0.365723
5094,0.351318
5095,0.336914
5096,0.332275
5097,0.321533
5098,0.316406
5099,0.305908
5100,0.295898
5101,0.286377
5102,0.279297
5103,0.262207
5104,0.244385
5105,0.233154
5106,0.215332
5107,0.205322
5108,0.200684
5109,0.178223
5110,0.180908
5111,0.181396
5112,0.182617
5113,0.182129
5114,0.187256
5115,0.192139
5116,0.194092
5117,0.196045
5118,0.196533
5119,0.189453
5120,0.192627
5121,0.191406
5122,0.181396
5123,0.177979
5124,0.168457
5125,0.156494
5126,0.151123
5127,0.141113
5128,0.134277
5129,0.131104
5130,0.125244
5131,0.119385
5132,0.118164
5133,0.11792
5134,0.117432
5135,0.118408
5136,0.118408
5137,0.119385
5138,0.120361
5139,0.120117
5140,0.120117
5141,0.120361
5142,0.121094
5143,0.121582
5144,0.12085
5145,0.121094
5146,0.12085
5147,0.12085
5148,0.121094
5149,0.121338
5150,0.12085
5151,0.12085
5152,0.121094
5153,0.121338
5154,0.12207
5155,0.122314
5156,0.122314
5157,0.122314
5158,0.122559
5159,0.119629
5160,0.119629
5161,0.12085
5162,0.121094
5163,0.120117
5164,0.119385
5165,0.120117
5166,0.121338
5167,0.12085
5168,0.120605
5169,0.120605
5170,0.120605
5171,0.121094
5172,0.12207
5173,0.121582
5174,0.121338
5175,0.121826
5176,0.121826
5177,0.12207
5178,0.12207
5179,0.121826
5180,0.122314
5181,0.12207
5182,0.122314
5183,0.12207
5184,0.118896
5185,0.119385
5186,0.119873
5187,0.119873
5188,0.119629
5189,0.120117
5190,0.120605
5191,0.121094
5192,0.120361
5193,0.12085
5194,0.121094
5195,0.120117
5196,0.120361
5197,0.121826
5198,0.121582
5199,0.121582
5200,0.121826
5201,0.121094
5202,0.12085
5203,0.12085
5204,0.119873
5205,0.120605
5206,0.120361
5207,0.120361
5208,0.120361
5209,0.121582
5210,0.121094
5211,0.121094
5212,0.12085
5213,0.120605
5214,0.121094
5215,0.121338
5216,0.121582
5217,0.121826
5218,0.121826
5219,0.121582
5220,0.118652
5221,0.118652
5222,0.118896
5223,0.119385
5224,0.118652
5225,0.119873
5226,0.119385
5227,0.119385
5228,0.119873
5229,0.120117
5230,0.119629
5231,0.119385
5232,0.118896
5233,0.119141
5234,0.119629
5235,0.119629
5236,0.120117
5237,0.120361
5238,0.120605
5239,0.120605
5240,0.121094
5241,0.121094
5242,0.120605
5243,0.120361
5244,0.120361
5245,0.115967
5246,0.117432
5247,0.117676
5248,0.117676
5249,0.117432
5250,0.117188
5251,0.11499
5252,0.115479
5253,0.115479
5254,0.115723
5255,0.116455
5256,0.116455
5257,0.116211
5258,0.119873
5259,0.124023
5260,0.131836
5261,0.142822
5262,0.148438
5263,0.15625
5264,0.170166
5265,0.175537
5266,0.184326
5267,0.199219
5268,0.203857
5269,0.218018
5270,0.235107
5271,0.240234
5272,0.250732
5273,0.258789
5274,0.263428
5275,0.269531
5276,0.277344
5277,0.281738
5278,0.285889
5279,0.28833
5280,0.29126
5281,0.289795
5282,0.292969
5283,0.293457
5284,0.291504
5285,0.289307
5286,0.288818
5287,0.285156
5288,0.284912
5289,0.280273
5290,0.281738
5291,0.285156
5292,0.286133
5293,0.285645
5294,0.287842
5295,0.290283
5296,0.301514
5297,0.325684
5298,0.330078
5299,0.35498
5300,0.370117
5301,0.378662
5302,0.393555
5303,0.428711
5304,0.4375
5305,0.456055
5306,0.471924
5307,0.481689
5308,0.49707
5309,0.506836
5310,0.508545
5311,0.522461
5312,0.535645
5313,0.544434
5314,0.552734
5315,0.561035
5316,0.566406
5317,0.56958
5318,0.573975
5319,0.586914
5320,0.593262
5321,0.599609
5322,0.601074
5323,0.603516
5324,0.597412
5325,0.599121
5326,0.601318
5327,0.597412
5328,0.599365
5329,0.599609
5330,0.59668
5331,0.593018
5332,0.587891
5333,0.582031
5334,0.580078
5335,0.574463
5336,0.566406
5337,0.565918
5338,0.561523
5339,0.563477
5340,0.563721
5341,0.556396
5342,0.557129
5343,0.552734
5344,0.561768
5345,0.526123
5346,0.530029
5347,0.537354
5348,0.540283
5349,0.5354
5350,0.539062
5351,0.540283
5352,0.539795
5353,0.542725
5354,0.550537
5355,0.55127
5356,0.554688
5357,0.551025
5358,0.552246
5359,0.55835
5360,0.5625
5361,0.557861
5362,0.565674
5363,0.53125
5364,0.531494
5365,0.527588
5366,0.530273
5367,0.531494
5368,0.506348
5369,0.496094
5370,0.483398
5371,0.481934
5372,0.48877
5373,0.48584
5374,0.486572
5375,0.486572
5376,0.486328
5377,0.480225
5378,0.487305
5379,0.485107
5380,0.487793
5381,0.487061
5382,0.476318
5383,0.4729
5384,0.463623
5385,0.456299
5386,0.457275
5387,0.447754
5388,0.447266
5389,0.44165
5390,0.445068
5391,0.44043
5392,0.438721
5393,0.430908
5394,0.434082
5395,0.430908
5396,0.426514
5397,0.434082
5398,0.443115
5399,0.450195
5400,0.44751
5401,0.447754
5402,0.447754
5403,0.451904
5404,0.458252
5405,0.466553
5406,0.469727
5407,0.474609
5408,0.477539
5409,0.47876
5410,0.485596
5411,0.486572
5412,0.483887
5413,0.489014
5414,0.491211
5415,0.490723
5416,0.489746
5417,0.493896
5418,0.494141
5419,0.496826
5420,0.494141
5421,0.5
5422,0.499756
5423,0.510498
5424,0.505859
5425,0.512939
5426,0.523193
5427,0.519775
5428,0.528564
5429,0.526123
5430,0.527344
5431,0.53125
5432,0.531494
5433,0.533691
5434,0.533691
5435,0.541748
5436,0.542236
5437,0.541992
5438,0.537842
5439,0.542969
5440,0.548584
5441,0.549561
5442,0.556396
5443,0.561768
5444,0.562256
5445,0.561768
5446,0.570312
5447,0.56665
5448,0.569824
5449,0.571533
5450,0.575928
5451,0.582275
5452,0.583496
5453,0.582275
5454,0.585449
5455,0.590332
5456,0.593018
5457,0.594238
5458,0.590332
5459,0.591309
5460,0.588867
5461,0.593018
5462,0.595215
5463,0.598877
5464,0.600586
5465,0.610107
5466,0.610596
5467,0.616943
5468,0.611572
5469,0.612793
5470,0.629883
5471,0.636719
5472,0.641846
5473,0.634033
5474,0.63623
5475,0.63501
5476,0.634521
5477,0.636719
5478,0.638916
5479,0.63916
5480,0.640137
5481,0.643066
5482,0.646729
5483,0.649414
5484,0.648682
5485,0.64624
5486,0.644531
5487,0.64624
5488,0.646973
5489,0.647705
5490,0.648193
5491,0.647949
5492,0.648438
5493,0.648682
5494,0.646484
5495,0.667969
5496,0.672363
5497,0.674316
5498,0.675293
5499,0.68335
5500,0.69751
5501,0.702881
5502,0.71875
5503,0.730713
5504,0.741455
5505,0.741943
5506,0.748779
5507,0.764893
5508,0.773193
5509,0.775391
5510,0.780029
5511,0.783936
5512,0.793213
5513,0.79248
5514,0.796143
5515,0.800049
5516,0.802979
5517,0.805908
5518,0.806641
5519,0.810303
5520,0.833496
5521,0.835693
5522,0.835449
5523,0.833252
5524,0.833984
5525,0.835693
5526,0.834961
5527,0.834717
5528,0.83667
5529,0.836182
5530,0.837646
5531,0.836426
5532,0.841064
5533,0.839844
5534,0.8396
5535,0.840088
5536,0.837646
5537,0.841064
5538,0.838623
5539,0.834961
5540,0.83667
5541,0.835449
5542,0.834961
5543,0.837646
5544,0.835693
5545,0.839111
5546,0.837646
5547,0.836914
5548,0.838379
5549,0.837891
5550,0.837891
5551,0.83667
5552,0.8396
5553,0.84082
5554,0.838379
5555,0.838135
5556,0.838135
5557,0.838379
5558,0.836426
5559,0.838135
5560,0.835205
5561,0.832764
5562,0.832031
5563,0.834717
5564,0.836182
5565,0.83252
5566,0.831543
5567,0.833008
5568,0.837402
5569,0.834229
5570,0.83252
5571,0.829834
5572,0.831543
5573,0.825684
5574,0.823975
5575,0.822021
5576,0.821533
5577,0.82251
5578,0.818604
5579,0.824219
5580,0.827148
5581,0.825195
5582,0.822998
5583,0.828125
5584,0.823242
5585,0.823242
5586,0.818359
5587,0.818848
5588,0.825195
5589,0.822998
5590,0.824463
5591,0.828369
5592,0.829834
5593,0.828369
5594,0.831787
5595,0.831299
5596,0.834961
5597,0.830566
5598,0.830566
5599,0.828613
5600,0.833496
5601,0.831787
5602,0.833984
5603,0.833496
5604,0.833496
5605,0.831055
5606,0.827393
5607,0.828125
5608,0.832031
5609,0.832275
5610,0.829346
5611,0.832764
5612,0.830322
5613,0.829346
5614,0.825195
5615,0.829102
5616,0.826416
5617,0.826172
5618,0.825684
5619,0.822021
5620,0.821045
5621,0.821289
5622,0.815674
5623,0.818359
5624,0.815186
5625,0.8125
5626,0.814941
5627,0.812256
5628,0.813965
5629,0.817383
5630,0.811523
5631,0.812256
5632,0.815674
5633,0.811523
5634,0.812256
5635,0.817627
5636,0.816406
5637,0.815918
5638,0.820312
5639,0.815918
5640,0.814697
5641,0.815918
5642,0.819824
5643,0.818604
5644,0.817627
5645,0.823975
5646,0.822021
5647,0.821533
5648,0.822754
5649,0.82251
5650,0.824707
5651,0.821777
5652,0.817627
5653,0.816162
5654,0.816162
5655,0.816895
5656,0.817383
5657,0.814209
5658,0.8125
5659,0.812012
5660,0.813477
5661,0.813965
5662,0.814453
5663,0.812012
5664,0.813477
5665,0.81543
5666,0.813965
5667,0.814453
5668,0.814697
5669,0.813965
5670,0.806152
5671,0.806641
5672,0.808838
5673,0.808594
5674,0.808838
5675,0.808594
5676,0.811279
5677,0.810791
5678,0.810791
5679,0.813477
5680,0.813232
5681,0.811768
5682,0.810059
5683,0.812744
5684,0.813232
5685,0.813232
5686,0.810791
5687,0.812012
5688,0.809814
5689,0.810059
5690,0.808594
5691,0.808594
5692,0.80835
5693,0.80835
5694,0.80957
5695,0.813721
5696,0.815186
5697,0.815186
5698,0.816406
5699,0.814941
5700,0.814941
5701,0.812744
5702,0.810791
5703,0.808838
5704,0.809082
5705,0.809082
5706,0.808838
5707,0.80835
5708,0.810791
5709,0.80957
5710,0.809814
5711,0.811279
5712,0.809326
5713,0.80835
5714,0.806641
5715,0.806885
5716,0.808838
5717,0.808105
5718,0.807861
5719,0.807861
5720,0.808594
5721,0.809326
5722,0.810059
