framenum,queue density
1,0.258637
2,0.25447
3,0.25115
4,0.247743
5,0.24349
6,0.242274
7,0.242643
8,0.248351
9,0.248503
10,0.256489
11,0.266189
12,0.270204
13,0.279796
14,0.288151
15,0.292405
16,0.299045
17,0.307856
18,0.308529
19,0.314583
20,0.313498
21,0.316905
22,0.321766
23,0.327235
24,0.32806
25,0.329036
26,0.325803
27,0.326606
28,0.322873
29,0.322309
30,0.32066
31,0.317904
32,0.319727
33,0.319206
34,0.317643
35,0.319358
36,0.320204
37,0.318989
38,0.320898
39,0.322287
40,0.320421
41,0.322374
42,0.322743
43,0.319835
44,0.319097
45,0.30701
46,0.307205
47,0.305404
48,0.305881
49,0.304015
50,0.302604
51,0.300608
52,0.300543
53,0.300521
54,0.298286
55,0.297548
56,0.297656
57,0.297005
58,0.296094
59,0.29694
60,0.295551
61,0.295421
62,0.297352
63,0.294922
64,0.295486
65,0.295464
66,0.295247
67,0.294922
68,0.292773
69,0.2926
70,0.287826
71,0.288498
72,0.289583
73,0.290929
74,0.292513
75,0.293034
76,0.294727
77,0.294271
78,0.295009
79,0.292687
80,0.294271
81,0.295638
82,0.296962
83,0.299913
84,0.301758
85,0.305794
86,0.313021
87,0.314996
88,0.323003
89,0.332205
90,0.334397
91,0.341233
92,0.34796
93,0.349262
94,0.358746
95,0.36569
96,0.369835
97,0.37628
98,0.38227
99,0.386979
100,0.39286
101,0.398394
102,0.401215
103,0.404601
104,0.406033
105,0.407574
106,0.407227
107,0.406141
108,0.407378
109,0.405534
110,0.403342
111,0.403537
112,0.401042
113,0.400586
114,0.399154
115,0.396766
116,0.396463
117,0.39286
118,0.390538
119,0.389041
120,0.379948
121,0.382595
122,0.389865
123,0.392166
124,0.397917
125,0.401367
126,0.403841
127,0.408442
128,0.410764
129,0.413628
130,0.416797
131,0.420573
132,0.422374
133,0.425803
134,0.42526
135,0.426584
136,0.429688
137,0.43151
138,0.431597
139,0.431793
140,0.429384
141,0.429688
142,0.430165
143,0.429297
144,0.426606
145,0.416385
146,0.418273
147,0.418316
148,0.4148
149,0.416797
150,0.415191
151,0.412717
152,0.409028
153,0.408008
154,0.40497
155,0.400477
156,0.395638
157,0.393186
158,0.390213
159,0.389388
160,0.386827
161,0.385872
162,0.38342
163,0.381597
164,0.378906
165,0.379058
166,0.376389
167,0.37513
168,0.375499
169,0.375412
170,0.369705
171,0.370226
172,0.368446
173,0.367687
174,0.365951
175,0.364258
176,0.364128
177,0.363542
178,0.363694
179,0.362326
180,0.360938
181,0.36122
182,0.360612
183,0.358724
184,0.358941
185,0.359549
186,0.358464
187,0.356814
188,0.35727
189,0.357313
190,0.356315
191,0.3551
192,0.35523
193,0.355339
194,0.355078
195,0.351953
196,0.35204
197,0.352279
198,0.351519
199,0.351367
200,0.351085
201,0.350977
202,0.35076
203,0.350911
204,0.351063
205,0.350391
206,0.349978
207,0.349957
208,0.349371
209,0.349848
210,0.349957
211,0.350022
212,0.349718
213,0.349566
214,0.349457
215,0.349696
216,0.35013
217,0.34911
218,0.349175
219,0.349045
220,0.349826
221,0.34987
222,0.349631
223,0.350456
224,0.35
225,0.349653
226,0.348763
227,0.349284
228,0.349023
229,0.348568
230,0.348307
231,0.348351
232,0.347765
233,0.348416
234,0.348047
235,0.348351
236,0.348568
237,0.34809
238,0.347504
239,0.346615
240,0.346376
241,0.345964
242,0.34668
243,0.345595
244,0.346332
245,0.345877
246,0.346571
247,0.34668
248,0.346267
249,0.34707
250,0.347309
251,0.347439
252,0.347027
253,0.346723
254,0.346636
255,0.346701
256,0.347526
257,0.348351
258,0.348329
259,0.347852
260,0.347982
261,0.34796
262,0.347569
263,0.347352
264,0.346506
265,0.346332
266,0.345833
267,0.345833
268,0.345812
269,0.34566
270,0.341298
271,0.340799
272,0.341168
273,0.340777
274,0.340408
275,0.339692
276,0.339453
277,0.339062
278,0.338628
279,0.338303
280,0.338607
281,0.340082
282,0.340321
283,0.342101
284,0.343945
285,0.344097
286,0.344097
287,0.344792
288,0.345291
289,0.345595
290,0.345247
291,0.344553
292,0.344379
293,0.343468
294,0.342665
295,0.338976
296,0.337977
297,0.338043
298,0.336632
299,0.335482
300,0.335091
301,0.334397
302,0.334852
303,0.334288
304,0.334418
305,0.334266
306,0.334766
307,0.334852
308,0.335026
309,0.335048
310,0.335699
311,0.335699
312,0.335851
313,0.334961
314,0.336024
315,0.336285
316,0.336675
317,0.336545
318,0.336176
319,0.335352
320,0.33941
321,0.340213
322,0.339865
323,0.339931
324,0.340516
325,0.340582
326,0.340994
327,0.340885
328,0.340864
329,0.340755
330,0.340343
331,0.340343
332,0.340582
333,0.340516
334,0.34069
335,0.340885
336,0.340994
337,0.341146
338,0.340864
339,0.341102
340,0.341602
341,0.342057
342,0.341905
343,0.343663
344,0.345942
345,0.347765
346,0.350825
347,0.353451
348,0.354275
349,0.357487
350,0.359527
351,0.360265
352,0.363021
353,0.364301
354,0.366124
355,0.366927
356,0.36964
357,0.370898
358,0.372135
359,0.373655
360,0.374219
361,0.375629
362,0.376606
363,0.377018
364,0.37615
365,0.376042
366,0.375369
367,0.375521
368,0.374718
369,0.373589
370,0.367622
371,0.367665
372,0.368273
373,0.367773
374,0.366493
375,0.366233
376,0.365668
377,0.364996
378,0.363542
379,0.362826
380,0.362391
381,0.36122
382,0.360742
383,0.359961
384,0.359462
385,0.359701
386,0.362218
387,0.361806
388,0.364214
389,0.366016
390,0.367339
391,0.371029
392,0.375347
393,0.376606
394,0.380469
395,0.377691
396,0.379492
397,0.383116
398,0.386155
399,0.386979
400,0.387977
401,0.390039
402,0.391298
403,0.393793
404,0.394987
405,0.395551
406,0.397157
407,0.399175
408,0.400347
409,0.404123
410,0.407574
411,0.408615
412,0.411437
413,0.415017
414,0.416081
415,0.420009
416,0.423438
417,0.423828
418,0.427995
419,0.429883
420,0.429514
421,0.436719
422,0.438238
423,0.439583
424,0.446962
425,0.452083
426,0.453646
427,0.459722
428,0.464605
429,0.468294
430,0.473568
431,0.478299
432,0.48227
433,0.48954
434,0.495486
435,0.496029
436,0.501476
437,0.505707
438,0.508247
439,0.51365
440,0.517969
441,0.520161
442,0.524696
443,0.526693
444,0.527951
445,0.536589
446,0.538628
447,0.538802
448,0.542773
449,0.545747
450,0.547179
451,0.550977
452,0.552279
453,0.551693
454,0.553537
455,0.556662
456,0.557639
457,0.559353
458,0.562066
459,0.564497
460,0.564996
461,0.568099
462,0.568967
463,0.571636
464,0.574761
465,0.574913
466,0.576975
467,0.577734
468,0.578754
469,0.579058
470,0.594076
471,0.594878
472,0.594683
473,0.594922
474,0.595399
475,0.59566
476,0.596181
477,0.597808
478,0.597591
479,0.600109
480,0.599566
481,0.601693
482,0.600868
483,0.599631
484,0.601237
485,0.601367
486,0.601215
487,0.601411
488,0.602214
489,0.601823
490,0.602517
491,0.601172
492,0.600825
493,0.601975
494,0.603168
495,0.600977
496,0.60128
497,0.602865
498,0.602279
499,0.602517
500,0.601411
501,0.601432
502,0.602322
503,0.601758
504,0.601714
505,0.601823
506,0.600521
507,0.599175
508,0.599544
509,0.599631
510,0.599154
511,0.598785
512,0.600803
513,0.600998
514,0.603646
515,0.604275
516,0.606424
517,0.613325
518,0.619705
519,0.62513
520,0.643359
521,0.645595
522,0.649523
523,0.655534
524,0.664605
525,0.669184
526,0.673568
527,0.676845
528,0.680816
529,0.681597
530,0.685634
531,0.688281
532,0.688542
533,0.687565
534,0.688021
535,0.689779
536,0.690582
537,0.689887
538,0.690104
539,0.691819
540,0.690799
541,0.692383
542,0.693924
543,0.694336
544,0.694336
545,0.709201
546,0.708073
547,0.707465
548,0.706619
549,0.7051
550,0.705056
551,0.704058
552,0.704731
553,0.704883
554,0.70332
555,0.702908
556,0.700781
557,0.700043
558,0.698546
559,0.696984
560,0.698069
561,0.697049
562,0.697591
563,0.697765
564,0.698633
565,0.697786
566,0.697483
567,0.69822
568,0.698134
569,0.698177
570,0.693229
571,0.693533
572,0.692426
573,0.693641
574,0.693728
575,0.692426
576,0.691949
577,0.691949
578,0.692209
579,0.69273
580,0.692296
581,0.691905
582,0.690907
583,0.691037
584,0.690972
585,0.690148
586,0.690191
587,0.69043
588,0.690647
589,0.691037
590,0.691688
591,0.691515
592,0.692101
593,0.695421
594,0.696441
595,0.715451
596,0.719444
597,0.721766
598,0.727973
599,0.729796
600,0.73303
601,0.734679
602,0.734049
603,0.73533
604,0.736502
605,0.737543
606,0.73661
607,0.740647
608,0.745616
609,0.747504
610,0.753885
611,0.755187
612,0.75701
613,0.757661
614,0.759115
615,0.761458
616,0.76224
617,0.76263
618,0.763108
619,0.762283
620,0.783485
621,0.782704
622,0.781337
623,0.781966
624,0.78112
625,0.781076
626,0.780339
627,0.78355
628,0.782096
629,0.783898
630,0.78444
631,0.788108
632,0.790278
633,0.794857
634,0.796745
635,0.796419
636,0.799544
637,0.801194
638,0.801736
639,0.804492
640,0.804796
641,0.804818
642,0.805924
643,0.806098
644,0.806011
645,0.816884
646,0.816341
647,0.816927
648,0.815907
649,0.81543
650,0.816059
651,0.817036
652,0.816775
653,0.815234
654,0.822157
655,0.825412
656,0.825282
657,0.82526
658,0.826497
659,0.823242
660,0.823633
661,0.82372
662,0.821311
663,0.824935
664,0.823025
665,0.82283
666,0.821311
667,0.820616
668,0.820638
669,0.820052
670,0.818685
671,0.818077
672,0.817339
673,0.81875
674,0.81773
675,0.817426
676,0.816623
677,0.817687
678,0.817491
679,0.817708
680,0.816905
681,0.815972
682,0.817231
683,0.814518
684,0.815473
685,0.814844
686,0.812869
687,0.813129
688,0.810221
689,0.812023
690,0.810352
691,0.807878
692,0.809809
693,0.809484
694,0.809852
695,0.815951
696,0.814214
697,0.813216
698,0.813694
699,0.81326
700,0.811719
701,0.810981
702,0.812131
703,0.812457
704,0.816927
705,0.81671
706,0.819466
707,0.818034
708,0.821398
709,0.822157
710,0.825738
711,0.82678
712,0.82526
713,0.825412
714,0.826628
715,0.826866
716,0.826259
717,0.826758
718,0.827821
719,0.829579
720,0.837088
721,0.837826
722,0.837977
723,0.837977
724,0.837109
725,0.837674
726,0.837782
727,0.837891
728,0.83865
729,0.839041
730,0.838303
731,0.837717
732,0.838129
733,0.838043
734,0.83826
735,0.838932
736,0.838173
737,0.837695
738,0.837739
739,0.837218
740,0.83724
741,0.837131
742,0.837522
743,0.837543
744,0.837977
745,0.839996
746,0.840061
747,0.840191
748,0.839887
749,0.839865
750,0.840256
751,0.839931
752,0.839497
753,0.839388
754,0.839648
755,0.839388
756,0.839562
757,0.839931
758,0.839844
759,0.840451
760,0.84043
761,0.840365
762,0.839909
763,0.840473
764,0.84069
765,0.840994
766,0.841102
767,0.841189
768,0.841124
769,0.840907
770,0.845942
771,0.845399
772,0.845204
773,0.845269
774,0.84566
775,0.845616
776,0.845334
777,0.845443
778,0.845095
779,0.845855
780,0.84579
781,0.845313
782,0.844444
783,0.844032
784,0.844466
785,0.844423
786,0.844206
787,0.844032
788,0.844141
789,0.844293
790,0.844401
791,0.844488
792,0.844032
793,0.843598
794,0.843359
795,0.841471
796,0.84145
797,0.840451
798,0.840082
799,0.840603
800,0.840734
801,0.840538
802,0.839909
803,0.840321
804,0.841059
805,0.841536
806,0.841428
807,0.840777
808,0.841298
809,0.841059
810,0.840647
811,0.839627
812,0.840126
813,0.840625
814,0.841471
815,0.841884
816,0.842144
817,0.84247
818,0.841797
819,0.842209
820,0.843924
821,0.843815
822,0.843663
823,0.844379
824,0.844423
825,0.845052
826,0.845247
827,0.845486
828,0.846007
829,0.846202
830,0.846137
831,0.846289
832,0.846332
833,0.846506
834,0.846701
835,0.846441
836,0.846766
837,0.84694
838,0.847244
839,0.8477
840,0.847483
841,0.847765
842,0.847786
843,0.84796
844,0.848481
845,0.848437
846,0.848633
847,0.84911
848,0.849653
849,0.849457
850,0.849067
851,0.849045
852,0.84911
853,0.848958
854,0.848958
855,0.849045
856,0.848828
857,0.848676
858,0.848264
859,0.848177
860,0.84796
861,0.847873
862,0.84796
863,0.847938
864,0.8477
865,0.847526
866,0.847591
867,0.847569
868,0.847526
869,0.847895
870,0.846918
871,0.846636
872,0.846181
873,0.845964
874,0.845378
875,0.845833
876,0.845985
877,0.846029
878,0.846376
879,0.846484
880,0.847331
881,0.847721
882,0.847613
883,0.847439
884,0.847786
885,0.848003
886,0.848372
887,0.848655
888,0.848741
889,0.848828
890,0.849154
891,0.848611
892,0.848893
893,0.848937
894,0.849002
895,0.849197
896,0.849392
897,0.849327
898,0.849349
899,0.849523
900,0.849479
901,0.849392
902,0.849501
903,0.849501
904,0.849566
905,0.850043
906,0.850738
907,0.850239
908,0.84987
909,0.850065
910,0.85013
911,0.850282
912,0.84987
913,0.849913
914,0.850174
915,0.850499
916,0.85102
917,0.850391
918,0.849327
919,0.84872
920,0.848741
921,0.849175
922,0.849154
923,0.849566
924,0.849479
925,0.849609
926,0.849457
927,0.849544
928,0.849414
929,0.849371
930,0.848372
931,0.848112
932,0.847982
933,0.848199
934,0.847765
935,0.847743
936,0.847461
937,0.846918
938,0.846636
939,0.846658
940,0.846398
941,0.846246
942,0.84605
943,0.846029
944,0.846115
945,0.845942
946,0.846202
947,0.846072
948,0.846484
949,0.846788
950,0.846549
951,0.846398
952,0.846332
953,0.846636
954,0.846441
955,0.848069
956,0.847331
957,0.847613
958,0.847526
959,0.848047
960,0.847678
961,0.847982
962,0.847873
963,0.847743
964,0.847786
965,0.848025
966,0.848286
967,0.848655
968,0.848503
969,0.848763
970,0.848568
971,0.848372
972,0.848069
973,0.847656
974,0.847483
975,0.847309
976,0.847244
977,0.846853
978,0.846571
979,0.846224
980,0.845269
981,0.845313
982,0.84579
983,0.845898
984,0.846376
985,0.846984
986,0.847678
987,0.847613
988,0.847352
989,0.847352
990,0.847135
991,0.846506
992,0.846571
993,0.846636
994,0.846484
995,0.84668
996,0.846246
997,0.846224
998,0.846441
999,0.846723
1000,0.847418
1001,0.847266
1002,0.846984
1003,0.847331
1004,0.847374
1005,0.848741
1006,0.848741
1007,0.848286
1008,0.84809
1009,0.84796
1010,0.847569
1011,0.845942
1012,0.84605
1013,0.84605
1014,0.846506
1015,0.846202
1016,0.846463
1017,0.846788
1018,0.846354
1019,0.847287
1020,0.8477
1021,0.84783
1022,0.847439
1023,0.846658
1024,0.846094
1025,0.845768
1026,0.845378
1027,0.845139
1028,0.844987
1029,0.844727
1030,0.845247
1031,0.845551
1032,0.845855
1033,0.84553
1034,0.845638
1035,0.845443
1036,0.84694
1037,0.847027
1038,0.846918
1039,0.846484
1040,0.846615
1041,0.84668
1042,0.846875
1043,0.846441
1044,0.847092
1045,0.847135
1046,0.847135
1047,0.846636
1048,0.846788
1049,0.846658
1050,0.846354
1051,0.846788
1052,0.846701
1053,0.847244
1054,0.847179
1055,0.846615
1056,0.846549
1057,0.846853
1058,0.846897
1059,0.847461
1060,0.847179
1061,0.84592
1062,0.846202
1063,0.845486
1064,0.845291
1065,0.846354
1066,0.846528
1067,0.846701
1068,0.846419
1069,0.846181
1070,0.845985
1071,0.846441
1072,0.846745
1073,0.846549
1074,0.846788
1075,0.846918
1076,0.846484
1077,0.846398
1078,0.846506
1079,0.847005
1080,0.846636
1081,0.846571
1082,0.846484
1083,0.846528
1084,0.846398
1085,0.846528
1086,0.845052
1087,0.845595
1088,0.845638
1089,0.84605
1090,0.846159
1091,0.846354
1092,0.846441
1093,0.84605
1094,0.846007
1095,0.846289
1096,0.846419
1097,0.846636
1098,0.846072
1099,0.846788
1100,0.846354
1101,0.846419
1102,0.845942
1103,0.845833
1104,0.84566
1105,0.845747
1106,0.845551
1107,0.845573
1108,0.845595
1109,0.845595
1110,0.845573
1111,0.844293
1112,0.843967
1113,0.844314
1114,0.844618
1115,0.844705
1116,0.844727
1117,0.844184
1118,0.844683
1119,0.845226
1120,0.84605
1121,0.845747
1122,0.845681
1123,0.84579
1124,0.845703
1125,0.84592
1126,0.846029
1127,0.845117
1128,0.844705
1129,0.844661
1130,0.844618
1131,0.843793
1132,0.844358
1133,0.844336
1134,0.843446
1135,0.844488
1136,0.845009
1137,0.845074
1138,0.844944
1139,0.844076
1140,0.844401
1141,0.84503
1142,0.845139
1143,0.843945
1144,0.844748
1145,0.844618
1146,0.844466
1147,0.843772
1148,0.843902
1149,0.843837
1150,0.84375
1151,0.844271
1152,0.845334
1153,0.845551
1154,0.84553
1155,0.845291
1156,0.845616
1157,0.845161
1158,0.845009
1159,0.845291
1160,0.845074
1161,0.843772
1162,0.843424
1163,0.84362
1164,0.843229
1165,0.843381
1166,0.843381
1167,0.843424
1168,0.844683
1169,0.844727
1170,0.845399
1171,0.846398
1172,0.84668
1173,0.845942
1174,0.846398
1175,0.846918
1176,0.846658
1177,0.847005
1178,0.847309
1179,0.846701
1180,0.846289
1181,0.846549
1182,0.846658
1183,0.846571
1184,0.84668
1185,0.84681
1186,0.845747
1187,0.845616
1188,0.846181
1189,0.846376
1190,0.846202
1191,0.846788
1192,0.845942
1193,0.846181
1194,0.846766
1195,0.84681
1196,0.846832
1197,0.846832
1198,0.84694
1199,0.84707
1200,0.846398
1201,0.846289
1202,0.846159
1203,0.846007
1204,0.846376
1205,0.845898
1206,0.845898
1207,0.84605
1208,0.845812
1209,0.84566
1210,0.845703
1211,0.849132
1212,0.848937
1213,0.848416
1214,0.848351
1215,0.84822
1216,0.847721
1217,0.847331
1218,0.847504
1219,0.847786
1220,0.847721
1221,0.847331
1222,0.846897
1223,0.846962
1224,0.84681
1225,0.846723
1226,0.846571
1227,0.847049
1228,0.847201
1229,0.847179
1230,0.847287
1231,0.846918
1232,0.84668
1233,0.846571
1234,0.846376
1235,0.846072
1236,0.845095
1237,0.844097
1238,0.844184
1239,0.84451
1240,0.844488
1241,0.844227
1242,0.843902
1243,0.844466
1244,0.844162
1245,0.844141
1246,0.844922
1247,0.8449
1248,0.844944
1249,0.844857
1250,0.844097
1251,0.845291
1252,0.845139
1253,0.845139
1254,0.8449
1255,0.845508
1256,0.845616
1257,0.845399
1258,0.845226
1259,0.845095
1260,0.844922
1261,0.84592
1262,0.845812
1263,0.84566
1264,0.845378
1265,0.845052
1266,0.845486
1267,0.844965
1268,0.844705
1269,0.844857
1270,0.845117
1271,0.845009
1272,0.84553
1273,0.844965
1274,0.844661
1275,0.845638
1276,0.846007
1277,0.846224
1278,0.846398
1279,0.847092
1280,0.846701
1281,0.846984
1282,0.847201
1283,0.846875
1284,0.846918
1285,0.847005
1286,0.844857
1287,0.844878
1288,0.844444
1289,0.845182
1290,0.845074
1291,0.845182
1292,0.844944
1293,0.845139
1294,0.844878
1295,0.845508
1296,0.845117
1297,0.844358
1298,0.84477
1299,0.844922
1300,0.845399
1301,0.845681
1302,0.846311
1303,0.846137
1304,0.846419
1305,0.846593
1306,0.846701
1307,0.846918
1308,0.847092
1309,0.846658
1310,0.846181
1311,0.845725
1312,0.845421
1313,0.845226
1314,0.845356
1315,0.844965
1316,0.845313
1317,0.845117
1318,0.845378
1319,0.845681
1320,0.845486
1321,0.845725
1322,0.846094
1323,0.846745
1324,0.846332
1325,0.846202
1326,0.846137
1327,0.845681
1328,0.845768
1329,0.845833
1330,0.845942
1331,0.84605
1332,0.846376
1333,0.846029
1334,0.846159
1335,0.846246
1336,0.845942
1337,0.846115
1338,0.845877
1339,0.846007
1340,0.846094
1341,0.846484
1342,0.846376
1343,0.845898
1344,0.845964
1345,0.845855
1346,0.845964
1347,0.845725
1348,0.845681
1349,0.845269
1350,0.845269
1351,0.844922
1352,0.845139
1353,0.84592
1354,0.84503
1355,0.845052
1356,0.845573
1357,0.845638
1358,0.845703
1359,0.845421
1360,0.845812
1361,0.845269
1362,0.845595
1363,0.845269
1364,0.845269
1365,0.84579
1366,0.8449
1367,0.844618
1368,0.84503
1369,0.844488
1370,0.84375
1371,0.844705
1372,0.845573
1373,0.845595
1374,0.8449
1375,0.845595
1376,0.845334
1377,0.845052
1378,0.845703
1379,0.845247
1380,0.84503
1381,0.845681
1382,0.845638
1383,0.845877
1384,0.845877
1385,0.845985
1386,0.84451
1387,0.844792
1388,0.84553
1389,0.844575
1390,0.844358
1391,0.844553
1392,0.845681
1393,0.845703
1394,0.845616
1395,0.845356
1396,0.846984
1397,0.847027
1398,0.847786
1399,0.847938
1400,0.848481
1401,0.847917
1402,0.848177
1403,0.848351
1404,0.848676
1405,0.848329
1406,0.848568
1407,0.84809
1408,0.848112
1409,0.848286
1410,0.848437
1411,0.848676
1412,0.84911
1413,0.84974
1414,0.849414
1415,0.849674
1416,0.848872
1417,0.848633
1418,0.84924
1419,0.849371
1420,0.850109
1421,0.848503
1422,0.848503
1423,0.849349
1424,0.850543
1425,0.850412
1426,0.849891
1427,0.850456
1428,0.85191
1429,0.851367
1430,0.852344
1431,0.849826
1432,0.851497
1433,0.850977
1434,0.851584
1435,0.850521
1436,0.852908
1437,0.854188
1438,0.852648
1439,0.852561
1440,0.852018
1441,0.852344
1442,0.853668
1443,0.852148
1444,0.85434
1445,0.853082
1446,0.854492
1447,0.856793
1448,0.85727
1449,0.857856
1450,0.857422
1451,0.85714
1452,0.858116
1453,0.859288
1454,0.855404
1455,0.857878
1456,0.856207
1457,0.853993
1458,0.856359
1459,0.855686
1460,0.8551
1461,0.857639
1462,0.856706
1463,0.857747
1464,0.855968
1465,0.857292
1466,0.857639
1467,0.859158
1468,0.859266
1469,0.85957
1470,0.859852
1471,0.859462
1472,0.861241
1473,0.859288
1474,0.86161
1475,0.862153
1476,0.863325
1477,0.860981
1478,0.864844
1479,0.863216
1480,0.861241
1481,0.862457
1482,0.860807
1483,0.864605
1484,0.865213
1485,0.866016
1486,0.86747
1487,0.867209
1488,0.866753
1489,0.86786
1490,0.869097
1491,0.872374
1492,0.87181
1493,0.872135
1494,0.87615
1495,0.877713
1496,0.878016
1497,0.880404
1498,0.878168
1499,0.878581
1500,0.87474
1501,0.872179
1502,0.869705
1503,0.867274
1504,0.866992
1505,0.86799
1506,0.867166
1507,0.867817
1508,0.867057
1509,0.86645
1510,0.868034
1511,0.867795
1512,0.86799
1513,0.872005
1514,0.870898
1515,0.872938
1516,0.872852
1517,0.873568
1518,0.873524
1519,0.876758
1520,0.875109
1521,0.873459
1522,0.869444
1523,0.872765
1524,0.873307
1525,0.872635
1526,0.87615
1527,0.876302
1528,0.878082
1529,0.877517
1530,0.877496
1531,0.879167
1532,0.87704
1533,0.878754
1534,0.878993
1535,0.879557
1536,0.877582
1537,0.877344
1538,0.873351
1539,0.874132
1540,0.871875
1541,0.872049
1542,0.872591
1543,0.871701
1544,0.873893
1545,0.871441
1546,0.873242
1547,0.872678
1548,0.875564
1549,0.87691
1550,0.875629
1551,0.876259
1552,0.877235
1553,0.877409
1554,0.880317
1555,0.879861
1556,0.882357
1557,0.880035
1558,0.881228
1559,0.883572
1560,0.882357
1561,0.881272
1562,0.877452
1563,0.879123
1564,0.87424
1565,0.875412
1566,0.874154
1567,0.873351
1568,0.874371
1569,0.873893
1570,0.877257
1571,0.876324
1572,0.875738
1573,0.877365
1574,0.877734
1575,0.876215
1576,0.877018
1577,0.878103
1578,0.875911
1579,0.87819
1580,0.879709
1581,0.878516
1582,0.87793
1583,0.879687
1584,0.884201
1585,0.884679
1586,0.884787
1587,0.884136
1588,0.882812
1589,0.882704
1590,0.881076
1591,0.879818
1592,0.881836
1593,0.877886
1594,0.874023
1595,0.871463
1596,0.867166
1597,0.866168
1598,0.862826
1599,0.860764
1600,0.857986
1601,0.856641
1602,0.857574
1603,0.858746
1604,0.859961
1605,0.855577
1606,0.860178
1607,0.860178
1608,0.860048
1609,0.85701
1610,0.855339
1611,0.864214
1612,0.859505
1613,0.859939
1614,0.866645
1615,0.868967
1616,0.865929
1617,0.86569
1618,0.862001
1619,0.864952
1620,0.861589
1621,0.859614
1622,0.861024
1623,0.865495
1624,0.866276
1625,0.866927
1626,0.866189
1627,0.863607
1628,0.864041
1629,0.864106
1630,0.864996
1631,0.865582
1632,0.861523
1633,0.861328
1634,0.861632
1635,0.861827
1636,0.863173
1637,0.86237
1638,0.862435
1639,0.867448
1640,0.864952
1641,0.867947
1642,0.866493
1643,0.864236
1644,0.866102
1645,0.865082
1646,0.865495
1647,0.866819
1648,0.86428
1649,0.865951
1650,0.861502
1651,0.862869
1652,0.859266
1653,0.859918
1654,0.855642
1655,0.857595
1656,0.855642
1657,0.851345
1658,0.85076
1659,0.84694
1660,0.849132
1661,0.851823
1662,0.852821
1663,0.854839
1664,0.857357
1665,0.853451
1666,0.856532
1667,0.855707
1668,0.856641
1669,0.855773
1670,0.856293
1671,0.858507
1672,0.859874
1673,0.860178
1674,0.864128
1675,0.860677
1676,0.861263
1677,0.857921
1678,0.853971
1679,0.858051
1680,0.855273
1681,0.849349
1682,0.846766
1683,0.841428
1684,0.836936
1685,0.83533
1686,0.830968
1687,0.836328
1688,0.835395
1689,0.837001
1690,0.837609
1691,0.834961
1692,0.837261
1693,0.841081
1694,0.842708
1695,0.839019
1696,0.835503
1697,0.834158
1698,0.836675
1699,0.836675
1700,0.833138
1701,0.831055
1702,0.830339
1703,0.83151
1704,0.827865
1705,0.831033
1706,0.833485
1707,0.838173
1708,0.839128
1709,0.843598
1710,0.845247
1711,0.843316
1712,0.844596
1713,0.843338
1714,0.840799
1715,0.835916
1716,0.835786
1717,0.835764
1718,0.831098
1719,0.831684
1720,0.832878
1721,0.833442
1722,0.833268
1723,0.83533
1724,0.835894
1725,0.842014
1726,0.847114
1727,0.848069
1728,0.851997
1729,0.855881
1730,0.85855
1731,0.856402
1732,0.849132
1733,0.844336
1734,0.832682
1735,0.82322
1736,0.79987
1737,0.800282
1738,0.798025
1739,0.793772
1740,0.79043
1741,0.780013
1742,0.779796
1743,0.778602
1744,0.761176
1745,0.76174
1746,0.759614
1747,0.766732
1748,0.719835
1749,0.717122
1750,0.717491
1751,0.715082
1752,0.711892
1753,0.668533
1754,0.666168
1755,0.65395
1756,0.648438
1757,0.647331
1758,0.643598
1759,0.634874
1760,0.631597
1761,0.622114
1762,0.615625
1763,0.609852
1764,0.597982
1765,0.588867
1766,0.587674
1767,0.60128
1768,0.60753
1769,0.614909
1770,0.622135
1771,0.631359
1772,0.642079
1773,0.653212
1774,0.659961
1775,0.661263
1776,0.681684
1777,0.689735
1778,0.694466
1779,0.699718
1780,0.706185
1781,0.706771
1782,0.703516
1783,0.69872
1784,0.69681
1785,0.684961
1786,0.683442
1787,0.686936
1788,0.687001
1789,0.68355
1790,0.679514
1791,0.669835
1792,0.66135
1793,0.658507
1794,0.650326
1795,0.642036
1796,0.637912
1797,0.630404
1798,0.623112
1799,0.625195
1800,0.62168
1801,0.621354
1802,0.620573
1803,0.621832
1804,0.625477
1805,0.626541
1806,0.628646
1807,0.630317
1808,0.631055
1809,0.63253
1810,0.629123
1811,0.617535
1812,0.623112
1813,0.623763
1814,0.620638
1815,0.623872
1816,0.619987
1817,0.620399
1818,0.612912
1819,0.605707
1820,0.603689
1821,0.599718
1822,0.592036
1823,0.587522
1824,0.585981
1825,0.579036
1826,0.574523
1827,0.567752
1828,0.556272
1829,0.552322
1830,0.546159
1831,0.544054
1832,0.544444
1833,0.542057
1834,0.530425
1835,0.527539
1836,0.511545
1837,0.51569
1838,0.519618
1839,0.52513
1840,0.524957
1841,0.525499
1842,0.529948
1843,0.529275
1844,0.529188
1845,0.530773
1846,0.536654
1847,0.535178
1848,0.53737
1849,0.540451
1850,0.54082
1851,0.540864
1852,0.54145
1853,0.539084
1854,0.5352
1855,0.522786
1856,0.517839
1857,0.51059
1858,0.507812
1859,0.502778
1860,0.497873
1861,0.489974
1862,0.49043
1863,0.490256
1864,0.485894
1865,0.481337
1866,0.465104
1867,0.458854
1868,0.454774
1869,0.449002
1870,0.446853
1871,0.44579
1872,0.451476
1873,0.456879
1874,0.4602
1875,0.469293
1876,0.475868
1877,0.476931
1878,0.48763
1879,0.494792
1880,0.495747
1881,0.500347
1882,0.51059
1883,0.499349
1884,0.488194
1885,0.491471
1886,0.483854
1887,0.490082
1888,0.49503
1889,0.50089
1890,0.508637
1891,0.516602
1892,0.517643
1893,0.530165
1894,0.541905
1895,0.545117
1896,0.542296
1897,0.537305
1898,0.524978
1899,0.520356
1900,0.52615
1901,0.528125
1902,0.544097
1903,0.55549
1904,0.563477
1905,0.580295
1906,0.615061
1907,0.627083
1908,0.650651
1909,0.670898
1910,0.679579
1911,0.683876
1912,0.691428
1913,0.695703
1914,0.703234
1915,0.713129
1916,0.717057
1917,0.727756
1918,0.741189
1919,0.743446
1920,0.746658
1921,0.753082
1922,0.75089
1923,0.754753
1924,0.75523
1925,0.720226
1926,0.707465
1927,0.697092
1928,0.688824
1929,0.672244
1930,0.654188
1931,0.643598
1932,0.625195
1933,0.545508
1934,0.530469
1935,0.513455
1936,0.476302
1937,0.472635
1938,0.457357
1939,0.443728
1940,0.433181
1941,0.423828
1942,0.420161
1943,0.428082
1944,0.425564
1945,0.419596
1946,0.417122
1947,0.402973
1948,0.390603
1949,0.389366
1950,0.378082
1951,0.372396
1952,0.367535
1953,0.363173
1954,0.358247
1955,0.360026
1956,0.356901
1957,0.349371
1958,0.344054
1959,0.33852
1960,0.334657
1961,0.334527
1962,0.329666
1963,0.326823
1964,0.325434
1965,0.319423
1966,0.315061
1967,0.313129
1968,0.306901
1969,0.301997
1970,0.298655
1971,0.289627
1972,0.278255
1973,0.271918
1974,0.253885
1975,0.242253
1976,0.236784
1977,0.228711
1978,0.222678
1979,0.2199
1980,0.215386
1981,0.210525
1982,0.207726
1983,0.203234
1984,0.200673
1985,0.197743
1986,0.174414
1987,0.173351
1988,0.174002
1989,0.173437
1990,0.173741
1991,0.173655
1992,0.173286
1993,0.173069
1994,0.172635
1995,0.172439
1996,0.173003
1997,0.171246
1998,0.168424
1999,0.167969
2000,0.166124
2001,0.165386
2002,0.17105
2003,0.175152
2004,0.181576
2005,0.19273
2006,0.20128
2007,0.212652
2008,0.225694
2009,0.233746
2010,0.251997
2011,0.265343
2012,0.271159
2013,0.305642
2014,0.323741
2015,0.354015
2016,0.381315
2017,0.401215
2018,0.426866
2019,0.455621
2020,0.466168
2021,0.468012
2022,0.480881
2023,0.498286
2024,0.509397
2025,0.541341
2026,0.573069
2027,0.591081
2028,0.622982
2029,0.652062
2030,0.661979
2031,0.683464
2032,0.683789
2033,0.684245
2034,0.681641
2035,0.68112
2036,0.69197
2037,0.701107
2038,0.687391
2039,0.692513
2040,0.69783
2041,0.697222
2042,0.662934
2043,0.641189
2044,0.580013
2045,0.563108
2046,0.534332
2047,0.508637
2048,0.495312
2049,0.47678
2050,0.456836
2051,0.445291
2052,0.431402
2053,0.411632
2054,0.4023
2055,0.386437
2056,0.375326
2057,0.367122
2058,0.350564
2059,0.335069
2060,0.32513
2061,0.297548
2062,0.2875
2063,0.282227
2064,0.281619
2065,0.278082
2066,0.275217
2067,0.270681
2068,0.271549
2069,0.271658
2070,0.270421
2071,0.272526
2072,0.271918
2073,0.27181
2074,0.266602
2075,0.263563
2076,0.257292
2077,0.246246
2078,0.242578
2079,0.226302
2080,0.2148
2081,0.209353
2082,0.197005
2083,0.187609
2084,0.183529
2085,0.178711
2086,0.166732
2087,0.166102
2088,0.166949
2089,0.167101
2090,0.166536
2091,0.166146
2092,0.166254
2093,0.166319
2094,0.165538
2095,0.165799
2096,0.166385
2097,0.167014
2098,0.166623
2099,0.167101
2100,0.168533
2101,0.171853
2102,0.174349
2103,0.17921
2104,0.185807
2105,0.189735
2106,0.196159
2107,0.20497
2108,0.208355
2109,0.217882
2110,0.232031
2111,0.239497
2112,0.262891
2113,0.289497
2114,0.296853
2115,0.337912
2116,0.357161
2117,0.38724
2118,0.427648
2119,0.481727
2120,0.499457
2121,0.540365
2122,0.564366
2123,0.610004
2124,0.656836
2125,0.678364
2126,0.699023
2127,0.732791
2128,0.778342
2129,0.795985
2130,0.811675
2131,0.827083
2132,0.838477
2133,0.850195
2134,0.85803
2135,0.860373
2136,0.887522
2137,0.890039
2138,0.89184
2139,0.892687
2140,0.89286
2141,0.892817
2142,0.890538
2143,0.888303
2144,0.886003
2145,0.885699
2146,0.884614
2147,0.883724
2148,0.885178
2149,0.891471
2150,0.88967
2151,0.886784
2152,0.859787
2153,0.856597
2154,0.813563
2155,0.781988
2156,0.774262
2157,0.736979
2158,0.711241
2159,0.703559
2160,0.690951
2161,0.645052
2162,0.648763
2163,0.650369
2164,0.648155
2165,0.650087
2166,0.650564
2167,0.648003
2168,0.64796
2169,0.64362
2170,0.645508
2171,0.641016
2172,0.636979
2173,0.637956
2174,0.636415
2175,0.631098
2176,0.582791
2177,0.569878
2178,0.549414
2179,0.522548
2180,0.484049
2181,0.443164
2182,0.414562
2183,0.405382
2184,0.390603
2185,0.36122
2186,0.3148
2187,0.305881
2188,0.299848
2189,0.298025
2190,0.28737
2191,0.275369
2192,0.27296
2193,0.265365
2194,0.255165
2195,0.251823
2196,0.243793
2197,0.234071
2198,0.232487
2199,0.225543
2200,0.21901
2201,0.215777
2202,0.206662
2203,0.200629
2204,0.197721
2205,0.194965
2206,0.193641
2207,0.192925
2208,0.191645
2209,0.188824
2210,0.187717
2211,0.176215
2212,0.171506
2213,0.170009
2214,0.167079
2215,0.165321
2216,0.163845
2217,0.162652
2218,0.160221
2219,0.160308
2220,0.160959
2221,0.161024
2222,0.161306
2223,0.161046
2224,0.159136
2225,0.159896
2226,0.160417
2227,0.16059
2228,0.160286
2229,0.160872
2230,0.160069
2231,0.159722
2232,0.160634
2233,0.160786
2234,0.160829
2235,0.16135
2236,0.160308
2237,0.159766
2238,0.161328
2239,0.160872
2240,0.161675
2241,0.162999
2242,0.162109
2243,0.161871
2244,0.161263
2245,0.162782
2246,0.163737
2247,0.165017
2248,0.165473
2249,0.164128
2250,0.164301
2251,0.16454
2252,0.164171
2253,0.16569
2254,0.166059
2255,0.166037
2256,0.164996
2257,0.164692
2258,0.165516
2259,0.166558
2260,0.166645
2261,0.165994
2262,0.164887
2263,0.166536
2264,0.167166
2265,0.167513
2266,0.168902
2267,0.168815
2268,0.172266
2269,0.181055
2270,0.183811
2271,0.194032
2272,0.202865
2273,0.207313
2274,0.216471
2275,0.226497
2276,0.231923
2277,0.244293
2278,0.255317
2279,0.258746
2280,0.269922
2281,0.27819
2282,0.280686
2283,0.287261
2284,0.29158
2285,0.29349
2286,0.29145
2287,0.294965
2288,0.3
2289,0.301432
2290,0.301628
2291,0.302322
2292,0.300391
2293,0.29974
2294,0.293446
2295,0.286372
2296,0.279579
2297,0.277431
2298,0.26977
2299,0.265234
2300,0.267274
2301,0.270985
2302,0.274089
2303,0.274826
2304,0.277973
2305,0.283659
2306,0.286849
2307,0.287174
2308,0.287609
2309,0.28559
2310,0.284071
2311,0.277691
2312,0.278407
2313,0.274457
2314,0.273785
2315,0.27526
2316,0.270074
2317,0.268099
2318,0.268511
2319,0.268663
2320,0.267405
2321,0.266753
2322,0.26339
2323,0.25625
2324,0.254102
2325,0.250521
2326,0.248047
2327,0.246788
2328,0.240495
2329,0.236176
2330,0.232292
2331,0.225955
2332,0.218685
2333,0.214735
2334,0.207552
2335,0.200955
2336,0.194076
2337,0.189844
2338,0.185959
2339,0.182444
2340,0.180968
2341,0.181272
2342,0.180013
2343,0.17717
2344,0.176432
2345,0.176324
2346,0.17487
2347,0.173633
2348,0.171984
2349,0.172201
2350,0.174002
2351,0.176367
2352,0.179319
2353,0.18546
2354,0.190386
2355,0.194813
2356,0.199067
2357,0.20178
2358,0.203407
2359,0.205013
2360,0.205143
2361,0.194987
2362,0.190538
2363,0.186784
2364,0.182834
2365,0.181727
2366,0.177517
2367,0.176606
2368,0.175239
2369,0.174523
2370,0.172873
2371,0.168424
2372,0.167752
2373,0.164779
2374,0.163932
2375,0.164128
2376,0.16428
2377,0.16428
2378,0.163129
2379,0.161719
2380,0.160851
2381,0.160265
2382,0.1602
2383,0.160872
2384,0.162543
2385,0.17207
2386,0.17819
2387,0.184679
2388,0.197049
2389,0.219293
2390,0.229839
2391,0.248568
2392,0.28201
2393,0.294336
2394,0.315148
2395,0.361762
2396,0.370942
2397,0.39171
2398,0.411784
2399,0.420117
2400,0.428885
2401,0.433507
2402,0.435503
2403,0.439063
2404,0.435655
2405,0.432574
2406,0.435004
2407,0.432921
2408,0.432899
2409,0.428559
2410,0.3875
2411,0.358702
2412,0.354883
2413,0.357096
2414,0.339779
2415,0.313628
2416,0.30204
2417,0.295551
2418,0.289583
2419,0.266341
2420,0.258333
2421,0.246441
2422,0.230252
2423,0.222873
2424,0.212804
2425,0.201107
2426,0.196419
2427,0.188889
2428,0.180968
2429,0.176367
2430,0.169553
2431,0.163498
2432,0.161285
2433,0.156619
2434,0.163173
2435,0.166558
2436,0.174002
2437,0.187869
2438,0.192969
2439,0.206076
2440,0.216146
2441,0.223394
2442,0.231988
2443,0.237023
2444,0.240668
2445,0.240907
2446,0.238867
2447,0.237457
2448,0.230512
2449,0.223546
2450,0.221354
2451,0.213845
2452,0.203906
2453,0.19822
2454,0.186068
2455,0.182552
2456,0.18227
2457,0.184592
2458,0.189844
2459,0.190972
2460,0.194162
2461,0.191254
2462,0.194293
2463,0.193381
2464,0.189019
2465,0.188672
2466,0.186285
2467,0.183507
2468,0.183963
2469,0.183181
2470,0.183398
2471,0.181641
2472,0.176997
2473,0.171506
2474,0.169575
2475,0.167122
2476,0.164757
2477,0.163477
2478,0.164193
2479,0.167101
2480,0.169727
2481,0.173958
2482,0.18049
2483,0.185569
2484,0.190777
2485,0.191037
2486,0.190516
2487,0.19145
2488,0.184918
2489,0.182964
2490,0.17806
2491,0.177582
2492,0.176931
2493,0.177365
2494,0.177018
2495,0.176237
2496,0.174414
2497,0.17168
2498,0.170964
2499,0.169076
2500,0.168056
2501,0.166102
2502,0.164714
2503,0.165408
2504,0.166124
2505,0.166623
2506,0.165799
2507,0.165712
2508,0.166797
2509,0.171115
2510,0.17411
2511,0.178754
2512,0.186936
2513,0.192687
2514,0.206988
2515,0.221202
2516,0.228429
2517,0.241385
2518,0.25191
2519,0.256793
2520,0.272591
2521,0.28329
2522,0.288194
2523,0.31046
2524,0.323155
2525,0.327713
2526,0.339041
2527,0.349349
2528,0.353819
2529,0.354015
2530,0.353407
2531,0.354622
2532,0.353602
2533,0.35115
2534,0.347049
2535,0.338064
2536,0.330252
2537,0.327886
2538,0.325434
2539,0.317014
2540,0.314019
2541,0.298025
2542,0.288911
2543,0.285156
2544,0.275369
2545,0.272917
2546,0.260937
2547,0.241623
2548,0.234679
2549,0.234028
2550,0.231944
2551,0.231684
2552,0.233789
2553,0.233051
2554,0.233051
2555,0.233963
2556,0.236176
2557,0.229449
2558,0.226931
2559,0.220139
2560,0.211241
2561,0.193338
2562,0.187023
2563,0.179622
2564,0.176649
2565,0.170052
2566,0.164193
2567,0.161871
2568,0.157444
2569,0.152127
2570,0.14974
2571,0.146745
2572,0.144423
2573,0.143707
2574,0.142318
2575,0.14197
2576,0.142014
2577,0.142166
2578,0.14197
2579,0.142144
2580,0.142166
2581,0.142209
2582,0.142274
2583,0.142014
2584,0.142274
2585,0.142187
2586,0.141233
2587,0.141189
2588,0.141406
2589,0.141298
2590,0.141406
2591,0.141276
2592,0.141406
2593,0.141211
2594,0.141493
2595,0.142036
2596,0.142036
2597,0.142187
2598,0.142687
2599,0.142556
2600,0.142665
2601,0.142405
2602,0.14247
2603,0.14273
2604,0.142339
2605,0.142643
2606,0.1426
2607,0.142513
2608,0.142578
2609,0.142643
2610,0.142556
2611,0.14043
2612,0.140321
2613,0.140755
2614,0.140582
2615,0.140495
2616,0.140668
2617,0.140625
2618,0.140777
2619,0.140885
2620,0.140864
2621,0.141059
2622,0.141189
2623,0.141124
2624,0.141363
2625,0.142274
2626,0.149392
2627,0.154362
2628,0.164518
2629,0.174805
2630,0.17997
2631,0.19043
2632,0.199523
2633,0.203364
2634,0.211437
2635,0.215799
2636,0.214996
2637,0.218229
2638,0.21875
2639,0.220009
2640,0.225543
2641,0.238238
2642,0.243403
2643,0.257943
2644,0.271289
2645,0.281944
2646,0.305686
2647,0.328168
2648,0.334896
2649,0.357183
2650,0.36977
2651,0.374957
2652,0.411719
2653,0.435243
2654,0.441059
2655,0.456684
2656,0.475347
2657,0.484201
2658,0.500651
2659,0.511133
2660,0.510091
2661,0.514844
2662,0.52168
2663,0.526888
2664,0.522201
2665,0.514062
2666,0.512543
2667,0.506293
2668,0.501497
2669,0.498372
2670,0.494553
2671,0.498481
2672,0.498655
2673,0.482096
2674,0.475564
2675,0.482335
2676,0.458984
2677,0.447591
2678,0.442578
2679,0.435395
2680,0.431814
2681,0.414605
2682,0.402908
2683,0.391884
2684,0.390039
2685,0.386632
2686,0.35829
2687,0.360091
2688,0.365213
2689,0.365451
2690,0.371962
2691,0.373937
2692,0.378082
2693,0.378754
2694,0.38253
2695,0.38533
2696,0.382183
2697,0.377018
2698,0.368598
2699,0.364171
2700,0.352105
2701,0.344857
2702,0.338368
2703,0.328212
2704,0.318294
2705,0.31428
2706,0.306467
2707,0.296094
2708,0.290929
2709,0.282834
2710,0.27934
2711,0.270139
2712,0.271246
2713,0.273155
2714,0.273698
2715,0.272895
2716,0.273872
2717,0.273134
2718,0.27309
2719,0.273351
2720,0.268859
2721,0.26276
2722,0.257552
2723,0.254362
2724,0.25026
2725,0.248264
2726,0.244575
2727,0.243576
2728,0.24273
2729,0.24286
2730,0.246875
2731,0.250304
2732,0.251541
2733,0.256749
2734,0.261111
2735,0.258095
2736,0.24681
2737,0.252431
2738,0.254948
2739,0.258095
2740,0.264149
2741,0.266558
2742,0.272439
2743,0.272092
2744,0.273937
2745,0.275
2746,0.275629
2747,0.275651
2748,0.274457
2749,0.277105
2750,0.277582
2751,0.278082
2752,0.277387
2753,0.280903
2754,0.276345
2755,0.278537
2756,0.277344
2757,0.278928
2758,0.275868
2759,0.277734
2760,0.275477
2761,0.269813
2762,0.269987
2763,0.270421
2764,0.270009
2765,0.269618
2766,0.268446
2767,0.26697
2768,0.266645
2769,0.267253
2770,0.266385
2771,0.264735
2772,0.26569
2773,0.267101
2774,0.265603
2775,0.262891
2776,0.261806
2777,0.261003
2778,0.259896
2779,0.260569
2780,0.258594
2781,0.258095
2782,0.258789
2783,0.255968
2784,0.254991
2785,0.255903
2786,0.252865
2787,0.251519
2788,0.249913
2789,0.250195
2790,0.24924
2791,0.24898
2792,0.249002
2793,0.247201
2794,0.246072
2795,0.24694
2796,0.244054
2797,0.244488
2798,0.243012
2799,0.243034
2800,0.243403
2801,0.24158
2802,0.240625
2803,0.241428
2804,0.239627
2805,0.239366
2806,0.23928
2807,0.240842
2808,0.240538
2809,0.241102
2810,0.240473
2811,0.238628
2812,0.237218
2813,0.238954
2814,0.239236
2815,0.239214
2816,0.23954
2817,0.2398
2818,0.240148
2819,0.239648
2820,0.239931
2821,0.239844
2822,0.239366
2823,0.23967
2824,0.239149
2825,0.239193
2826,0.238867
2827,0.238325
2828,0.237739
2829,0.237695
2830,0.237348
2831,0.2375
2832,0.236458
2833,0.235677
2834,0.236198
2835,0.235786
2836,0.237218
2837,0.236567
2838,0.236719
2839,0.23674
2840,0.237023
2841,0.237044
2842,0.23737
2843,0.237413
2844,0.23724
2845,0.237153
2846,0.236849
2847,0.235981
2848,0.236068
2849,0.236632
2850,0.23622
2851,0.236871
2852,0.236523
2853,0.236892
2854,0.237001
2855,0.236936
2856,0.237174
2857,0.236263
2858,0.237109
2859,0.237739
2860,0.237435
2861,0.236306
2862,0.236437
2863,0.236697
2864,0.236892
2865,0.237522
2866,0.237977
2867,0.237869
2868,0.23826
2869,0.238325
2870,0.238346
2871,0.238021
2872,0.238021
2873,0.23826
2874,0.238281
2875,0.238238
2876,0.237891
2877,0.237457
2878,0.236892
2879,0.236806
2880,0.238889
2881,0.24375
2882,0.246658
2883,0.252062
2884,0.256293
2885,0.258116
2886,0.262088
2887,0.263607
2888,0.264062
2889,0.265842
2890,0.267383
2891,0.267643
2892,0.266884
2893,0.265126
2894,0.264214
2895,0.26033
2896,0.259679
2897,0.261545
2898,0.259462
2899,0.258008
2900,0.257921
2901,0.255707
2902,0.255534
2903,0.254709
2904,0.253841
2905,0.252843
2906,0.252821
2907,0.252279
2908,0.252539
2909,0.252474
2910,0.253255
2911,0.250977
2912,0.250911
2913,0.250608
2914,0.251389
2915,0.25102
2916,0.250673
2917,0.250174
2918,0.250434
2919,0.249544
2920,0.249631
2921,0.249284
2922,0.250217
2923,0.25076
2924,0.250282
2925,0.250738
2926,0.250911
2927,0.250673
2928,0.250369
2929,0.251215
2930,0.251997
2931,0.254102
2932,0.25497
2933,0.255013
2934,0.255686
2935,0.254818
2936,0.251823
2937,0.250499
2938,0.250673
2939,0.25026
2940,0.251042
2941,0.251628
2942,0.251953
2943,0.252387
2944,0.25306
2945,0.253234
2946,0.254253
2947,0.25714
2948,0.258377
2949,0.262348
2950,0.267036
2951,0.26901
2952,0.275022
2953,0.278993
2954,0.279405
2955,0.287109
2956,0.294835
2957,0.297309
2958,0.317839
2959,0.329991
2960,0.354644
2961,0.40816
2962,0.414974
2963,0.418859
2964,0.447439
2965,0.468229
2966,0.478711
2967,0.490061
2968,0.541037
2969,0.55434
2970,0.566363
2971,0.583008
2972,0.59349
2973,0.615972
2974,0.645074
2975,0.65931
2976,0.669965
2977,0.679102
2978,0.683398
2979,0.68954
2980,0.693251
2981,0.694444
2982,0.705881
2983,0.734505
2984,0.746875
2985,0.753624
2986,0.801823
2987,0.8051
2988,0.805859
2989,0.80727
2990,0.814171
2991,0.826411
2992,0.833333
2993,0.839931
2994,0.84145
2995,0.844423
2996,0.84579
2997,0.845052
2998,0.854167
2999,0.857378
3000,0.860807
3001,0.862782
3002,0.863911
3003,0.867339
3004,0.86849
3005,0.870247
3006,0.87066
3007,0.871832
3008,0.872873
3009,0.872049
3010,0.868338
3011,0.880013
3012,0.876107
3013,0.874588
3014,0.871658
3015,0.870855
3016,0.871571
3017,0.873264
3018,0.872331
3019,0.873806
3020,0.872244
3021,0.871181
3022,0.87283
3023,0.872201
3024,0.872352
3025,0.873416
3026,0.874067
3027,0.875586
3028,0.877127
3029,0.876324
3030,0.877257
3031,0.878971
3032,0.879926
3033,0.880621
3034,0.879926
3035,0.879384
3036,0.887413
3037,0.888542
3038,0.888129
3039,0.889041
3040,0.889345
3041,0.889149
3042,0.889648
3043,0.889214
3044,0.888129
3045,0.888607
3046,0.890278
3047,0.889735
3048,0.889996
3049,0.890343
3050,0.888194
3051,0.889171
3052,0.887261
3053,0.886979
3054,0.886675
3055,0.885916
3056,0.887261
3057,0.887826
3058,0.886545
3059,0.885265
3060,0.884592
3061,0.888043
3062,0.886849
3063,0.888932
3064,0.88724
3065,0.886046
3066,0.883268
3067,0.881858
3068,0.878733
3069,0.876389
3070,0.878234
3071,0.87704
3072,0.876736
3073,0.875933
3074,0.875195
3075,0.875434
3076,0.873611
3077,0.872743
3078,0.870768
3079,0.869792
3080,0.870486
3081,0.871658
3082,0.871745
3083,0.869835
3084,0.87168
3085,0.871723
3086,0.875564
3087,0.874913
3088,0.874523
3089,0.873633
3090,0.870421
3091,0.873112
3092,0.874154
3093,0.873872
3094,0.873568
3095,0.872938
3096,0.872569
3097,0.87207
3098,0.872635
3099,0.870877
3100,0.872526
3101,0.87168
3102,0.871094
3103,0.872244
3104,0.871701
3105,0.871072
3106,0.871788
3107,0.871788
3108,0.869987
3109,0.869596
3110,0.869575
3111,0.870703
3112,0.870313
3113,0.867947
3114,0.868967
3115,0.868164
3116,0.866623
3117,0.868815
3118,0.868989
3119,0.86849
3120,0.86862
3121,0.866319
3122,0.86671
3123,0.865495
3124,0.86658
3125,0.865842
3126,0.865234
3127,0.867318
3128,0.866406
3129,0.869249
3130,0.867622
3131,0.868034
3132,0.868815
3133,0.868381
3134,0.868663
3135,0.868316
3136,0.869162
3137,0.86799
3138,0.867014
3139,0.865994
3140,0.864301
3141,0.864453
3142,0.863932
3143,0.86365
3144,0.863715
3145,0.862826
3146,0.862413
3147,0.863064
3148,0.862088
3149,0.861632
3150,0.86072
3151,0.858811
3152,0.858594
3153,0.859006
3154,0.857682
3155,0.857834
3156,0.856793
3157,0.856749
3158,0.856727
3159,0.856402
3160,0.856359
3161,0.8551
3162,0.854905
3163,0.856402
3164,0.854861
3165,0.854883
3166,0.855859
3167,0.855838
3168,0.855056
3169,0.855838
3170,0.855621
3171,0.856207
3172,0.855035
3173,0.855577
3174,0.85523
3175,0.855165
3176,0.854883
3177,0.854796
3178,0.854948
3179,0.855404
3180,0.855143
3181,0.85549
3182,0.855252
3183,0.853689
3184,0.852387
3185,0.852322
3186,0.853624
3187,0.853993
3188,0.853234
3189,0.852843
3190,0.853993
3191,0.853993
3192,0.851259
3193,0.851194
3194,0.850195
3195,0.850716
3196,0.849089
3197,0.849696
3198,0.849826
3199,0.849414
3200,0.848611
3201,0.847678
3202,0.84796
3203,0.847266
3204,0.848437
3205,0.847613
3206,0.846332
3207,0.847418
3208,0.847157
3209,0.846376
3210,0.845964
3211,0.8477
3212,0.847331
3213,0.847092
3214,0.847331
3215,0.846766
3216,0.847027
3217,0.847114
3218,0.846723
3219,0.846441
3220,0.845964
3221,0.845855
3222,0.846701
3223,0.846723
3224,0.846875
3225,0.846766
3226,0.846376
3227,0.846289
3228,0.845877
3229,0.845703
3230,0.845681
3231,0.845768
3232,0.845486
3233,0.844748
3234,0.844488
3235,0.844249
3236,0.846897
3237,0.846202
3238,0.846723
3239,0.846311
3240,0.846463
3241,0.846463
3242,0.846289
3243,0.84566
3244,0.84503
3245,0.845486
3246,0.845009
3247,0.844227
3248,0.844076
3249,0.844293
3250,0.844596
3251,0.843663
3252,0.843815
3253,0.843967
3254,0.844162
3255,0.844184
3256,0.843924
3257,0.843728
3258,0.843641
3259,0.84349
3260,0.843294
3261,0.845833
3262,0.845898
3263,0.845833
3264,0.846137
3265,0.846115
3266,0.845812
3267,0.845833
3268,0.845291
3269,0.845204
3270,0.845269
3271,0.844857
3272,0.844466
3273,0.844162
3274,0.844032
3275,0.844076
3276,0.84464
3277,0.845117
3278,0.84477
3279,0.845161
3280,0.845204
3281,0.84553
3282,0.845942
3283,0.846094
3284,0.846267
3285,0.846246
3286,0.85102
3287,0.851042
3288,0.85102
3289,0.850911
3290,0.850868
3291,0.851063
3292,0.851389
3293,0.850998
3294,0.850239
3295,0.849935
3296,0.849566
3297,0.849783
3298,0.849761
3299,0.849371
3300,0.849175
3301,0.848937
3302,0.848698
3303,0.848893
3304,0.848481
3305,0.848633
3306,0.848503
3307,0.848025
3308,0.848416
3309,0.848351
3310,0.848177
3311,0.85026
3312,0.849566
3313,0.848459
3314,0.847721
3315,0.848503
3316,0.848199
3317,0.848785
3318,0.849132
3319,0.849783
3320,0.849566
3321,0.850065
3322,0.849848
3323,0.84987
3324,0.849718
3325,0.849718
3326,0.850933
3327,0.851063
3328,0.850998
3329,0.850868
3330,0.851432
3331,0.851628
3332,0.851063
3333,0.85128
3334,0.851367
3335,0.85115
3336,0.851454
3337,0.851302
3338,0.851476
3339,0.851237
3340,0.851714
3341,0.851823
3342,0.851866
3343,0.85204
3344,0.85115
3345,0.850803
3346,0.849957
3347,0.85013
3348,0.850043
3349,0.84924
3350,0.849371
3351,0.849306
3352,0.849089
3353,0.849284
3354,0.850065
3355,0.850543
3356,0.850608
3357,0.850326
3358,0.850825
3359,0.850543
3360,0.851215
3361,0.852669
3362,0.8523
3363,0.852018
3364,0.852062
3365,0.852235
3366,0.85293
3367,0.853016
3368,0.853255
3369,0.853147
3370,0.852582
3371,0.852452
3372,0.853016
3373,0.853212
3374,0.853038
3375,0.852778
3376,0.852496
3377,0.852778
3378,0.852604
3379,0.852865
3380,0.853016
3381,0.852821
3382,0.852756
3383,0.852886
3384,0.852995
3385,0.853147
3386,0.852279
3387,0.851845
3388,0.851671
3389,0.851931
3390,0.851823
3391,0.85191
3392,0.85191
3393,0.851866
3394,0.852083
3395,0.851649
3396,0.851259
3397,0.850326
3398,0.850564
3399,0.850174
3400,0.850109
3401,0.850347
3402,0.850586
3403,0.850673
3404,0.85076
3405,0.850434
3406,0.85026
3407,0.849978
3408,0.850152
3409,0.84987
3410,0.849501
3411,0.85395
3412,0.853516
3413,0.85332
3414,0.853494
3415,0.852865
3416,0.852778
3417,0.852908
3418,0.852626
3419,0.852561
3420,0.852995
3421,0.852713
3422,0.852626
3423,0.852344
3424,0.852344
3425,0.852431
3426,0.85204
3427,0.852409
3428,0.852322
3429,0.852517
3430,0.852192
3431,0.852192
3432,0.851823
3433,0.852431
3434,0.852387
3435,0.852257
3436,0.859462
3437,0.859093
3438,0.859136
3439,0.859093
3440,0.858442
3441,0.858637
3442,0.858724
3443,0.85855
3444,0.858181
3445,0.85829
3446,0.858398
3447,0.858572
3448,0.858464
3449,0.85842
3450,0.85829
3451,0.858203
3452,0.858464
3453,0.858746
3454,0.858702
3455,0.858898
3456,0.858724
3457,0.858116
3458,0.858181
3459,0.857986
3460,0.858073
3461,0.860373
3462,0.860699
3463,0.860786
3464,0.86059
3465,0.860872
3466,0.860308
3467,0.860091
3468,0.860503
3469,0.860048
3470,0.860178
3471,0.859462
3472,0.860004
3473,0.859635
3474,0.859614
3475,0.859527
3476,0.859418
3477,0.859614
3478,0.859679
3479,0.859462
3480,0.85944
3481,0.859418
3482,0.859136
3483,0.859071
3484,0.858941
3485,0.858876
3486,0.861111
3487,0.860482
3488,0.860135
3489,0.859852
3490,0.858898
3491,0.859505
3492,0.859288
3493,0.859223
3494,0.859375
3495,0.859462
3496,0.859266
3497,0.859266
3498,0.859049
3499,0.858919
3500,0.858594
3501,0.858681
3502,0.858811
3503,0.858659
3504,0.858268
3505,0.857834
3506,0.858008
3507,0.85842
3508,0.858095
3509,0.857834
3510,0.857574
3511,0.859657
3512,0.859961
3513,0.859852
3514,0.859549
3515,0.858898
3516,0.85918
3517,0.858919
3518,0.858681
3519,0.858876
3520,0.85855
3521,0.858746
3522,0.858247
3523,0.858051
3524,0.857726
3525,0.857986
3526,0.858355
3527,0.857943
3528,0.858355
3529,0.858355
3530,0.858181
3531,0.857986
3532,0.857856
3533,0.857791
3534,0.857878
3535,0.857791
3536,0.857986
3537,0.857747
3538,0.857465
3539,0.857682
3540,0.857639
3541,0.857248
3542,0.856944
3543,0.856879
3544,0.856814
3545,0.856836
3546,0.857053
3547,0.857292
3548,0.857183
3549,0.857096
3550,0.857053
3551,0.856771
3552,0.856771
3553,0.856489
3554,0.85638
3555,0.85625
3556,0.85625
3557,0.856163
3558,0.856098
3559,0.855729
3560,0.855751
3561,0.856706
3562,0.856923
3563,0.856923
3564,0.856901
3565,0.856814
3566,0.856944
3567,0.856901
3568,0.856988
3569,0.856944
3570,0.857921
3571,0.857227
3572,0.857726
3573,0.857747
3574,0.857726
3575,0.857444
3576,0.856836
3577,0.856923
3578,0.857248
3579,0.857096
3580,0.856641
3581,0.856489
3582,0.85638
3583,0.856814
3584,0.856749
3585,0.856793
3586,0.856228
3587,0.856185
3588,0.85625
3589,0.856619
3590,0.856489
3591,0.85625
3592,0.856163
3593,0.855946
3594,0.856402
3595,0.856532
3596,0.856207
3597,0.856076
3598,0.855816
3599,0.855556
3600,0.855751
3601,0.856359
3602,0.856163
3603,0.856272
3604,0.856141
3605,0.856055
3606,0.855816
3607,0.855707
3608,0.856272
3609,0.856445
3610,0.856576
3611,0.856771
3612,0.85714
3613,0.857639
3614,0.858181
3615,0.858615
3616,0.859614
3617,0.859939
3618,0.860004
3619,0.860265
3620,0.861697
3621,0.861545
3622,0.861871
3623,0.862131
3624,0.862023
3625,0.862001
3626,0.861914
3627,0.862196
3628,0.862435
3629,0.862261
3630,0.862088
3631,0.862131
3632,0.861827
3633,0.861654
3634,0.861241
3635,0.861263
3636,0.860655
3637,0.860091
3638,0.859635
3639,0.859701
3640,0.859657
3641,0.859071
3642,0.858442
3643,0.858659
3644,0.858507
3645,0.858225
3646,0.857617
3647,0.857574
3648,0.857313
3649,0.857096
3650,0.857031
3651,0.856836
3652,0.857205
3653,0.857313
3654,0.857639
3655,0.857487
3656,0.857205
3657,0.857769
3658,0.857986
3659,0.857552
3660,0.858008
3661,0.857617
3662,0.857552
3663,0.857682
3664,0.858008
3665,0.85803
3666,0.858312
3667,0.857812
3668,0.857899
3669,0.857878
3670,0.857509
3671,0.857704
3672,0.857465
3673,0.857335
3674,0.857227
3675,0.856467
3676,0.857704
3677,0.858594
3678,0.858919
3679,0.85931
3680,0.859332
3681,0.859874
3682,0.859831
3683,0.859809
3684,0.859614
3685,0.859505
3686,0.859245
3687,0.859332
3688,0.859158
3689,0.859375
3690,0.859397
3691,0.859288
3692,0.859136
3693,0.858963
3694,0.858963
3695,0.85944
3696,0.859722
3697,0.859787
3698,0.858485
3699,0.858377
3700,0.85816
3701,0.858529
3702,0.859158
3703,0.859657
3704,0.858507
3705,0.859852
3706,0.859635
3707,0.858702
3708,0.859223
3709,0.858854
3710,0.859049
3711,0.857791
3712,0.857899
3713,0.858073
3714,0.857899
3715,0.857183
3716,0.857378
3717,0.855946
3718,0.857053
3719,0.855252
3720,0.856879
3721,0.855013
3722,0.85701
3723,0.854644
3724,0.856011
3725,0.854688
3726,0.855187
3727,0.85447
3728,0.855078
3729,0.854319
3730,0.855339
3731,0.8551
3732,0.855404
3733,0.854926
3734,0.853776
3735,0.854796
3736,0.855143
3737,0.854058
3738,0.854731
3739,0.853885
3740,0.853885
3741,0.854536
3742,0.853255
3743,0.853971
3744,0.853299
3745,0.85217
3746,0.852452
3747,0.853255
3748,0.852951
3749,0.852691
3750,0.852539
3751,0.851562
3752,0.851823
3753,0.85217
3754,0.851367
3755,0.851497
3756,0.851606
3757,0.850977
3758,0.85
3759,0.849783
3760,0.849826
3761,0.849696
3762,0.848633
3763,0.848676
3764,0.848459
3765,0.84783
3766,0.847439
3767,0.845313
3768,0.846484
3769,0.84707
3770,0.84809
3771,0.848437
3772,0.847309
3773,0.84898
3774,0.849761
3775,0.849783
3776,0.849718
3777,0.849935
3778,0.85026
3779,0.850326
3780,0.850282
3781,0.850065
3782,0.850369
3783,0.849826
3784,0.849566
3785,0.85
3786,0.850043
3787,0.849609
3788,0.849392
3789,0.848915
3790,0.849262
3791,0.849045
3792,0.849197
3793,0.849089
3794,0.84885
3795,0.849761
3796,0.849631
3797,0.85013
3798,0.85026
3799,0.849175
3800,0.849284
3801,0.849002
3802,0.849175
3803,0.848568
3804,0.848872
3805,0.848958
3806,0.849089
3807,0.848915
3808,0.848459
3809,0.848069
3810,0.847873
3811,0.848828
3812,0.848568
3813,0.848199
3814,0.848524
3815,0.84872
3816,0.84898
3817,0.848546
3818,0.848416
3819,0.849718
3820,0.857964
3821,0.85816
3822,0.858746
3823,0.85842
3824,0.858398
3825,0.857726
3826,0.857812
3827,0.858181
3828,0.857726
3829,0.858507
3830,0.858181
3831,0.85829
3832,0.858464
3833,0.859049
3834,0.858811
3835,0.858811
3836,0.858919
3837,0.858876
3838,0.858898
3839,0.858941
3840,0.858789
3841,0.859136
3842,0.859093
3843,0.85957
3844,0.859549
3845,0.858181
3846,0.857574
3847,0.858073
3848,0.858116
3849,0.858355
3850,0.858312
3851,0.857682
3852,0.857422
3853,0.857878
3854,0.857726
3855,0.857053
3856,0.857183
3857,0.857053
3858,0.85625
3859,0.856033
3860,0.855924
3861,0.85625
3862,0.85638
3863,0.856141
3864,0.856467
3865,0.856467
3866,0.856944
3867,0.856814
3868,0.856272
3869,0.856467
3870,0.858464
3871,0.858312
3872,0.858659
3873,0.85957
3874,0.859657
3875,0.859939
3876,0.860286
3877,0.859939
3878,0.860308
3879,0.859592
3880,0.860113
3881,0.860026
3882,0.860612
3883,0.859136
3884,0.859549
3885,0.859245
3886,0.859353
3887,0.859049
3888,0.858637
3889,0.858984
3890,0.859006
3891,0.858724
3892,0.858876
3893,0.858507
3894,0.858464
3895,0.860525
3896,0.859527
3897,0.858268
3898,0.859136
3899,0.858355
3900,0.856923
3901,0.855208
3902,0.855556
3903,0.857161
3904,0.85714
3905,0.858247
3906,0.859484
3907,0.858594
3908,0.858095
3909,0.857661
3910,0.857357
3911,0.858181
3912,0.857661
3913,0.857726
3914,0.858333
3915,0.857791
3916,0.857682
3917,0.857574
3918,0.857357
3919,0.857031
3920,0.858507
3921,0.858702
3922,0.859071
3923,0.858898
3924,0.859332
3925,0.859115
3926,0.858811
3927,0.858919
3928,0.858811
3929,0.858529
3930,0.858312
3931,0.858572
3932,0.857118
3933,0.858637
3934,0.858485
3935,0.858724
3936,0.859527
3937,0.859201
3938,0.859288
3939,0.859549
3940,0.85931
3941,0.859679
3942,0.858832
3943,0.859028
3944,0.859136
3945,0.858181
3946,0.858181
3947,0.858594
3948,0.859266
3949,0.859592
3950,0.858963
3951,0.858355
3952,0.858203
3953,0.858138
3954,0.858225
3955,0.85855
3956,0.858854
3957,0.859223
3958,0.859006
3959,0.858789
3960,0.858789
3961,0.858746
3962,0.857899
3963,0.857509
3964,0.857617
3965,0.85651
3966,0.856988
3967,0.857943
3968,0.857509
3969,0.857639
3970,0.860395
3971,0.86046
3972,0.860243
3973,0.860417
3974,0.860482
3975,0.860243
3976,0.860048
3977,0.859961
3978,0.859918
3979,0.859961
3980,0.860178
3981,0.859896
3982,0.858268
3983,0.858181
3984,0.85523
3985,0.854883
3986,0.854123
3987,0.855773
3988,0.855946
3989,0.857661
3990,0.85944
3991,0.859635
3992,0.859852
3993,0.859831
3994,0.859809
3995,0.859874
3996,0.85944
3997,0.859375
3998,0.859332
3999,0.85918
4000,0.859332
4001,0.859766
4002,0.859701
4003,0.859614
4004,0.859223
4005,0.85931
4006,0.859266
4007,0.859136
4008,0.859332
4009,0.859115
4010,0.859115
4011,0.858963
4012,0.859288
4013,0.859397
4014,0.859201
4015,0.859462
4016,0.859223
4017,0.859223
4018,0.858963
4019,0.859115
4020,0.86046
4021,0.860026
4022,0.859093
4023,0.859961
4024,0.859006
4025,0.857964
4026,0.858615
4027,0.858854
4028,0.857205
4029,0.856272
4030,0.856445
4031,0.856055
4032,0.855556
4033,0.855838
4034,0.856554
4035,0.856727
4036,0.856966
4037,0.856619
4038,0.857791
4039,0.857053
4040,0.856684
4041,0.85829
4042,0.85803
4043,0.857682
4044,0.857834
4045,0.858811
4046,0.858941
4047,0.858984
4048,0.858681
4049,0.858485
4050,0.858898
4051,0.858507
4052,0.858659
4053,0.858203
4054,0.858268
4055,0.858268
4056,0.858355
4057,0.858312
4058,0.858377
4059,0.857726
4060,0.857595
4061,0.857747
4062,0.857487
4063,0.857682
4064,0.858073
4065,0.858247
4066,0.858464
4067,0.858615
4068,0.858832
4069,0.858529
4070,0.858898
4071,0.858529
4072,0.857921
4073,0.858247
4074,0.857964
4075,0.858529
4076,0.858637
4077,0.858594
4078,0.85855
4079,0.858659
4080,0.858898
4081,0.85829
4082,0.858442
4083,0.858529
4084,0.858615
4085,0.858442
4086,0.85829
4087,0.858203
4088,0.85842
4089,0.858442
4090,0.858789
4091,0.858615
4092,0.858247
4093,0.858247
4094,0.858312
4095,0.862044
4096,0.861372
4097,0.860677
4098,0.860482
4099,0.860135
4100,0.859787
4101,0.859375
4102,0.858919
4103,0.85842
4104,0.858702
4105,0.858572
4106,0.858398
4107,0.858312
4108,0.857878
4109,0.857378
4110,0.857357
4111,0.857661
4112,0.85714
4113,0.857292
4114,0.856749
4115,0.856011
4116,0.856228
4117,0.855816
4118,0.855273
4119,0.85549
4120,0.856597
4121,0.855794
4122,0.855859
4123,0.856445
4124,0.856532
4125,0.856662
4126,0.856619
4127,0.856706
4128,0.856641
4129,0.85651
4130,0.856641
4131,0.856141
4132,0.855794
4133,0.855881
4134,0.855317
4135,0.855252
4136,0.855404
4137,0.855404
4138,0.855382
4139,0.855642
4140,0.854926
4141,0.855143
4142,0.854883
4143,0.854926
4144,0.855208
4145,0.858529
4146,0.858008
4147,0.857422
4148,0.857639
4149,0.857465
4150,0.857183
4151,0.857118
4152,0.857422
4153,0.857574
4154,0.856445
4155,0.856836
4156,0.855556
4157,0.855404
4158,0.854883
4159,0.854492
4160,0.854948
4161,0.854102
4162,0.853646
4163,0.853581
4164,0.852821
4165,0.852582
4166,0.851888
4167,0.852496
4168,0.852865
4169,0.851085
4170,0.851671
4171,0.850239
4172,0.848264
4173,0.848481
4174,0.847135
4175,0.849175
4176,0.847352
4177,0.84783
4178,0.848177
4179,0.846832
4180,0.846202
4181,0.847331
4182,0.848177
4183,0.84924
4184,0.853494
4185,0.853776
4186,0.857313
4187,0.856272
4188,0.856489
4189,0.856467
4190,0.860959
4191,0.861914
4192,0.862587
4193,0.863932
4194,0.864301
4195,0.864692
4196,0.866688
4197,0.867339
4198,0.871549
4199,0.869878
4200,0.870182
4201,0.871506
4202,0.872439
4203,0.870898
4204,0.869575
4205,0.865234
4206,0.864714
4207,0.865191
4208,0.863043
4209,0.861502
4210,0.863346
4211,0.861133
4212,0.863086
4213,0.859787
4214,0.861762
4215,0.861827
4216,0.861957
4217,0.865408
4218,0.862999
4219,0.865321
4220,0.86658
4221,0.86786
4222,0.870334
4223,0.873524
4224,0.875738
4225,0.876042
4226,0.878082
4227,0.878885
4228,0.880534
4229,0.879818
4230,0.881359
4231,0.885938
4232,0.890256
4233,0.894379
4234,0.895291
4235,0.895681
4236,0.896918
4237,0.896745
4238,0.89898
4239,0.898568
4240,0.897396
4241,0.898047
4242,0.896701
4243,0.899978
4244,0.903429
4245,0.905794
4246,0.904232
4247,0.899674
4248,0.898069
4249,0.89553
4250,0.892622
4251,0.891319
4252,0.888607
4253,0.888932
4254,0.886675
4255,0.884484
4256,0.880577
4257,0.880165
4258,0.876931
4259,0.876302
4260,0.876411
4261,0.873611
4262,0.873242
4263,0.872765
4264,0.873915
4265,0.872309
4266,0.872396
4267,0.877127
4268,0.876085
4269,0.877387
4270,0.87372
4271,0.875477
4272,0.87678
4273,0.881185
4274,0.884375
4275,0.886437
4276,0.886957
4277,0.888433
4278,0.886176
4279,0.889041
4280,0.888216
4281,0.889345
4282,0.893967
4283,0.89898
4284,0.899284
4285,0.902561
4286,0.906011
4287,0.903928
4288,0.905859
4289,0.909852
4290,0.911567
4291,0.914128
4292,0.915386
4293,0.913477
4294,0.910482
4295,0.905924
4296,0.904384
4297,0.90599
4298,0.900608
4299,0.899306
4300,0.897418
4301,0.892622
4302,0.894076
4303,0.892318
4304,0.888411
4305,0.890582
4306,0.887912
4307,0.885569
4308,0.884115
4309,0.885286
4310,0.886871
4311,0.887218
4312,0.890755
4313,0.889909
4314,0.89082
4315,0.889562
4316,0.888238
4317,0.88737
4318,0.884049
4319,0.87793
4320,0.877214
4321,0.871159
4322,0.87168
4323,0.869618
4324,0.865061
4325,0.862956
4326,0.858615
4327,0.862196
4328,0.860829
4329,0.860938
4330,0.863997
4331,0.865495
4332,0.866298
4333,0.868598
4334,0.866189
4335,0.864171
4336,0.864062
4337,0.860156
4338,0.855751
4339,0.850022
4340,0.847917
4341,0.848003
4342,0.846897
4343,0.845595
4344,0.843641
4345,0.8352
4346,0.828819
4347,0.830425
4348,0.828364
4349,0.823069
4350,0.821984
4351,0.824284
4352,0.824175
4353,0.822114
4354,0.820399
4355,0.822461
4356,0.819227
4357,0.820768
4358,0.820074
4359,0.820595
4360,0.822439
4361,0.824002
4362,0.823112
4363,0.827821
4364,0.830816
4365,0.830664
4366,0.835894
4367,0.838368
4368,0.840755
4369,0.842361
4370,0.84668
4371,0.847504
4372,0.848785
4373,0.852148
4374,0.85395
4375,0.855642
4376,0.859288
4377,0.859093
4378,0.859592
4379,0.853885
4380,0.852973
4381,0.857075
4382,0.858008
4383,0.859896
4384,0.861176
4385,0.861285
4386,0.862478
4387,0.862131
4388,0.861372
4389,0.86428
4390,0.866602
4391,0.86365
4392,0.864605
4393,0.862977
4394,0.852951
4395,0.85447
4396,0.853016
4397,0.855339
4398,0.854188
4399,0.855534
4400,0.855577
4401,0.852539
4402,0.849544
4403,0.845161
4404,0.842708
4405,0.842101
4406,0.839366
4407,0.835612
4408,0.829036
4409,0.801128
4410,0.795095
4411,0.782313
4412,0.776649
4413,0.769987
4414,0.781337
4415,0.782031
4416,0.78303
4417,0.797135
4418,0.80306
4419,0.805404
4420,0.819661
4421,0.835113
4422,0.837066
4423,0.842318
4424,0.846853
4425,0.845182
4426,0.841341
4427,0.839844
4428,0.840495
4429,0.836827
4430,0.829774
4431,0.830425
4432,0.824718
4433,0.824588
4434,0.825456
4435,0.827279
4436,0.819596
4437,0.819987
4438,0.813477
4439,0.809136
4440,0.806207
4441,0.805165
4442,0.801649
4443,0.799935
4444,0.799805
4445,0.797027
4446,0.794488
4447,0.79171
4448,0.789171
4449,0.788411
4450,0.789366
4451,0.787044
4452,0.782878
4453,0.774219
4454,0.766059
4455,0.761806
4456,0.757422
4457,0.750738
4458,0.749197
4459,0.739149
4460,0.733876
4461,0.730621
4462,0.731944
4463,0.730881
4464,0.728624
4465,0.729297
4466,0.723633
4467,0.724696
4468,0.728624
4469,0.734939
4470,0.729275
4471,0.731879
4472,0.73125
4473,0.734028
4474,0.737587
4475,0.739735
4476,0.73763
4477,0.744705
4478,0.745877
4479,0.737457
4480,0.733008
4481,0.736198
4482,0.735503
4483,0.726801
4484,0.733811
4485,0.73418
4486,0.737131
4487,0.729275
4488,0.729926
4489,0.731923
4490,0.737153
4491,0.741949
4492,0.743945
4493,0.750933
4494,0.754666
4495,0.749284
4496,0.760655
4497,0.763151
4498,0.768403
4499,0.778841
4500,0.781923
4501,0.781185
4502,0.785438
4503,0.7852
4504,0.799978
4505,0.815516
4506,0.82003
4507,0.839909
4508,0.842947
4509,0.843772
4510,0.855642
4511,0.857161
4512,0.86046
4513,0.873069
4514,0.876215
4515,0.876389
4516,0.892079
4517,0.89783
4518,0.896029
4519,0.896571
4520,0.906207
4521,0.906641
4522,0.902409
4523,0.903385
4524,0.899631
4525,0.898937
4526,0.896984
4527,0.894141
4528,0.89299
4529,0.898025
4530,0.899327
4531,0.8977
4532,0.898633
4533,0.895616
4534,0.894097
4535,0.894488
4536,0.895725
4537,0.896528
4538,0.89822
4539,0.896745
4540,0.89809
4541,0.898112
4542,0.897613
4543,0.89924
4544,0.90026
4545,0.901671
4546,0.898286
4547,0.893576
4548,0.888498
4549,0.884071
4550,0.883138
4551,0.880252
4552,0.876063
4553,0.872331
4554,0.868446
4555,0.866037
4556,0.857118
4557,0.856814
4558,0.850369
4559,0.849783
4560,0.848568
4561,0.841645
4562,0.843077
4563,0.839865
4564,0.838997
4565,0.832248
4566,0.833724
4567,0.83546
4568,0.838433
4569,0.841493
4570,0.850152
4571,0.845681
4572,0.847114
4573,0.849978
4574,0.847656
4575,0.846549
4576,0.843381
4577,0.840734
4578,0.83151
4579,0.824132
4580,0.818186
4581,0.817643
4582,0.812413
4583,0.813411
4584,0.811198
4585,0.809158
4586,0.806098
4587,0.806858
4588,0.807617
4589,0.806858
4590,0.812956
4591,0.813954
4592,0.818229
4593,0.822938
4594,0.825543
4595,0.833963
4596,0.837305
4597,0.841949
4598,0.844379
4599,0.846701
4600,0.842969
4601,0.83635
4602,0.835308
4603,0.828103
4604,0.82322
4605,0.8199
4606,0.815104
4607,0.811502
4608,0.810048
4609,0.806966
4610,0.808268
4611,0.810612
4612,0.816905
4613,0.818924
4614,0.820595
4615,0.828733
4616,0.830859
4617,0.833767
4618,0.831727
4619,0.832227
4620,0.829492
4621,0.831706
4622,0.835026
4623,0.832075
4624,0.822092
4625,0.820421
4626,0.815734
4627,0.813759
4628,0.807964
4629,0.804883
4630,0.799544
4631,0.792795
4632,0.79145
4633,0.786393
4634,0.777257
4635,0.774913
4636,0.772114
4637,0.769596
4638,0.766037
4639,0.773134
4640,0.775022
4641,0.778451
4642,0.778711
4643,0.781163
4644,0.782921
4645,0.790061
4646,0.795508
4647,0.797374
4648,0.798438
4649,0.799761
4650,0.797222
4651,0.802235
4652,0.80408
4653,0.801931
4654,0.806163
4655,0.809961
4656,0.810916
4657,0.816428
4658,0.823655
4659,0.825022
4660,0.827257
4661,0.833138
4662,0.836545
4663,0.839952
4664,0.839865
4665,0.844141
4666,0.843793
4667,0.845898
4668,0.844813
4669,0.845291
4670,0.837739
4671,0.835482
4672,0.832747
4673,0.829123
4674,0.826931
4675,0.818815
4676,0.807292
4677,0.805577
4678,0.798611
4679,0.797895
4680,0.778038
4681,0.762891
4682,0.755946
4683,0.749891
4684,0.743707
4685,0.721984
4686,0.713216
4687,0.704275
4688,0.695464
4689,0.69145
4690,0.686089
4691,0.682769
4692,0.682943
4693,0.683333
4694,0.685048
4695,0.680013
4696,0.681011
4697,0.68303
4698,0.683008
4699,0.688628
4700,0.689453
4701,0.688173
4702,0.693967
4703,0.70089
4704,0.700087
4705,0.710373
4706,0.712435
4707,0.715386
4708,0.724327
4709,0.727648
4710,0.727214
4711,0.740213
4712,0.748872
4713,0.75191
4714,0.776497
4715,0.780056
4716,0.776215
4717,0.778885
4718,0.784375
4719,0.788238
4720,0.811437
4721,0.814518
4722,0.809484
4723,0.807964
4724,0.808854
4725,0.808746
4726,0.810113
4727,0.817773
4728,0.817426
4729,0.826259
4730,0.828429
4731,0.826215
4732,0.827604
4733,0.83546
4734,0.8375
4735,0.841254
4736,0.846072
4737,0.846094
4738,0.856055
4739,0.855621
4740,0.856684
4741,0.858615
4742,0.860699
4743,0.86276
4744,0.861827
4745,0.86161
4746,0.840061
4747,0.824566
4748,0.818142
4749,0.80842
4750,0.733702
4751,0.719683
4752,0.712522
4753,0.691558
4754,0.633247
4755,0.617274
4756,0.591406
4757,0.559766
4758,0.551237
4759,0.531858
4760,0.469227
4761,0.456771
4762,0.436437
4763,0.424371
4764,0.418359
4765,0.407444
4766,0.394792
4767,0.385135
4768,0.372743
4769,0.369596
4770,0.347005
4771,0.342535
4772,0.336567
4773,0.334657
4774,0.333051
4775,0.329297
4776,0.323655
4777,0.316385
4778,0.311046
4779,0.308594
4780,0.302886
4781,0.298199
4782,0.295768
4783,0.289453
4784,0.284657
4785,0.282161
4786,0.27194
4787,0.264648
4788,0.260135
4789,0.251237
4790,0.241428
4791,0.235916
4792,0.229275
4793,0.219314
4794,0.214779
4795,0.206272
4796,0.20128
4797,0.199219
4798,0.195226
4799,0.191233
4800,0.189518
4801,0.185655
4802,0.184484
4803,0.184136
4804,0.184549
4805,0.184657
4806,0.184896
4807,0.185069
4808,0.185221
4809,0.185373
4810,0.183767
4811,0.181489
4812,0.179861
4813,0.176649
4814,0.173806
4815,0.170942
4816,0.170464
4817,0.169444
4818,0.168837
4819,0.167817
4820,0.154839
4821,0.154362
4822,0.154926
4823,0.1551
4824,0.155056
4825,0.155035
4826,0.155013
4827,0.15523
4828,0.15549
4829,0.155425
4830,0.155404
4831,0.15536
4832,0.155664
4833,0.155556
4834,0.153863
4835,0.153841
4836,0.153819
4837,0.153711
4838,0.153928
4839,0.153646
4840,0.153928
4841,0.154167
4842,0.154188
4843,0.154145
4844,0.154232
4845,0.154188
4846,0.153863
4847,0.154058
4848,0.154145
4849,0.15421
4850,0.154319
4851,0.154449
4852,0.154536
4853,0.154579
4854,0.154188
4855,0.154319
4856,0.154319
4857,0.153971
4858,0.154188
4859,0.154731
4860,0.154883
4861,0.155122
4862,0.154991
4863,0.154905
4864,0.154839
4865,0.154839
4866,0.154557
4867,0.154536
4868,0.154449
4869,0.154384
4870,0.154514
4871,0.154319
4872,0.15447
4873,0.154232
4874,0.153993
4875,0.154036
4876,0.153993
4877,0.153711
4878,0.153494
4879,0.153429
4880,0.153754
4881,0.153537
4882,0.153516
4883,0.153299
4884,0.149913
4885,0.150065
4886,0.149978
4887,0.150456
4888,0.150326
4889,0.150195
4890,0.150434
4891,0.150347
4892,0.15026
4893,0.150608
4894,0.150456
4895,0.150694
4896,0.150803
4897,0.150282
4898,0.150412
4899,0.150629
4900,0.150369
4901,0.150543
4902,0.150521
4903,0.150109
4904,0.150043
4905,0.150738
4906,0.150586
4907,0.150543
4908,0.15026
4909,0.150911
4910,0.150933
4911,0.151172
4912,0.151215
4913,0.151194
4914,0.151259
4915,0.15102
4916,0.151128
4917,0.153125
4918,0.161675
4919,0.167318
4920,0.180642
4921,0.195095
4922,0.202582
4923,0.217925
4924,0.230924
4925,0.236328
4926,0.243793
4927,0.251628
4928,0.255838
4929,0.263043
4930,0.263954
4931,0.263954
4932,0.265777
4933,0.289149
4934,0.295595
4935,0.306293
4936,0.332444
4937,0.339345
4938,0.350174
4939,0.396528
4940,0.40625
4941,0.429861
4942,0.44681
4943,0.454557
4944,0.460742
4945,0.468598
4946,0.470573
4947,0.47704
4948,0.482313
4949,0.485069
4950,0.475304
4951,0.465386
4952,0.459418
4953,0.452886
4954,0.442231
4955,0.439779
4956,0.420812
4957,0.402843
4958,0.396528
4959,0.359831
4960,0.34579
4961,0.337435
4962,0.326259
4963,0.315538
4964,0.310091
4965,0.290321
4966,0.265864
4967,0.255469
4968,0.247092
4969,0.245226
4970,0.245269
4971,0.249327
4972,0.254818
4973,0.257682
4974,0.268359
4975,0.279796
4976,0.285786
4977,0.295877
4978,0.303819
4979,0.308746
4980,0.314887
4981,0.314106
4982,0.315603
4983,0.310916
4984,0.3074
4985,0.309288
4986,0.30803
4987,0.304167
4988,0.30128
4989,0.297613
4990,0.290516
4991,0.285091
4992,0.274197
4993,0.273546
4994,0.271766
4995,0.26326
4996,0.258811
4997,0.254449
4998,0.244423
4999,0.244835
5000,0.246159
5001,0.244206
5002,0.238976
5003,0.239648
5004,0.239149
5005,0.238477
5006,0.234722
5007,0.235525
5008,0.23878
5009,0.234874
5010,0.234266
5011,0.230642
5012,0.230122
5013,0.223915
5014,0.219271
5015,0.21875
5016,0.21645
5017,0.213173
5018,0.211502
5019,0.206814
5020,0.2
5021,0.198806
5022,0.196918
5023,0.194944
5024,0.196766
5025,0.199935
5026,0.203776
5027,0.206554
5028,0.20803
5029,0.205794
5030,0.205273
5031,0.20319
5032,0.198872
5033,0.19451
5034,0.182031
5035,0.181402
5036,0.181272
5037,0.180447
5038,0.178819
5039,0.178494
5040,0.177431
5041,0.175521
5042,0.172483
5043,0.170551
5044,0.169596
5045,0.168099
5046,0.170182
5047,0.172938
5048,0.174848
5049,0.179753
5050,0.186437
5051,0.189865
5052,0.195464
5053,0.201606
5054,0.205946
5055,0.216298
5056,0.22678
5057,0.232509
5058,0.24197
5059,0.267882
5060,0.272049
5061,0.283615
5062,0.297873
5063,0.317969
5064,0.343012
5065,0.361697
5066,0.369596
5067,0.379753
5068,0.390234
5069,0.396072
5070,0.406532
5071,0.422765
5072,0.432075
5073,0.448872
5074,0.467795
5075,0.477799
5076,0.497374
5077,0.512782
5078,0.519944
5079,0.530425
5080,0.541059
5081,0.547396
5082,0.554688
5083,0.558876
5084,0.568034
5085,0.568859
5086,0.553993
5087,0.553342
5088,0.545312
5089,0.498329
5090,0.481727
5091,0.459918
5092,0.387348
5093,0.377561
5094,0.360764
5095,0.345508
5096,0.34043
5097,0.329666
5098,0.322808
5099,0.318142
5100,0.306163
5101,0.296506
5102,0.287717
5103,0.270768
5104,0.253559
5105,0.243403
5106,0.223741
5107,0.215538
5108,0.208746
5109,0.188737
5110,0.188303
5111,0.18865
5112,0.192231
5113,0.194683
5114,0.196875
5115,0.199566
5116,0.203602
5117,0.204948
5118,0.206706
5119,0.202539
5120,0.203841
5121,0.200608
5122,0.190951
5123,0.186979
5124,0.176801
5125,0.164952
5126,0.159961
5127,0.150217
5128,0.143772
5129,0.140777
5130,0.135178
5131,0.12921
5132,0.128668
5133,0.128342
5134,0.128494
5135,0.128863
5136,0.128971
5137,0.12895
5138,0.12908
5139,0.128971
5140,0.129145
5141,0.129058
5142,0.12895
5143,0.129145
5144,0.129015
5145,0.129167
5146,0.129167
5147,0.129297
5148,0.129405
5149,0.129731
5150,0.129753
5151,0.129449
5152,0.129622
5153,0.129796
5154,0.130165
5155,0.130013
5156,0.130035
5157,0.12997
5158,0.129905
5159,0.129449
5160,0.129405
5161,0.129948
5162,0.129948
5163,0.129818
5164,0.129688
5165,0.129753
5166,0.1301
5167,0.130187
5168,0.130078
5169,0.130187
5170,0.129926
5171,0.130056
5172,0.130295
5173,0.130382
5174,0.130317
5175,0.13036
5176,0.130382
5177,0.130534
5178,0.130447
5179,0.130512
5180,0.130577
5181,0.130707
5182,0.130642
5183,0.130512
5184,0.129319
5185,0.12947
5186,0.129449
5187,0.129579
5188,0.129601
5189,0.129666
5190,0.129883
5191,0.129861
5192,0.129926
5193,0.130013
5194,0.129905
5195,0.130056
5196,0.129861
5197,0.130469
5198,0.130534
5199,0.130816
5200,0.130751
5201,0.130577
5202,0.130707
5203,0.130881
5204,0.130751
5205,0.13099
5206,0.131098
5207,0.131163
5208,0.131293
5209,0.131489
5210,0.131445
5211,0.13125
5212,0.131293
5213,0.131359
5214,0.131228
5215,0.131163
5216,0.131076
5217,0.131293
5218,0.131163
5219,0.131141
5220,0.12921
5221,0.129449
5222,0.129731
5223,0.129688
5224,0.129601
5225,0.12997
5226,0.1301
5227,0.130252
5228,0.130339
5229,0.130425
5230,0.13049
5231,0.130512
5232,0.130556
5233,0.130577
5234,0.130621
5235,0.130599
5236,0.130577
5237,0.130707
5238,0.130664
5239,0.130664
5240,0.130729
5241,0.130794
5242,0.130686
5243,0.130707
5244,0.130642
5245,0.127582
5246,0.127713
5247,0.128103
5248,0.128234
5249,0.128147
5250,0.128342
5251,0.127843
5252,0.12793
5253,0.127843
5254,0.128016
5255,0.128082
5256,0.12819
5257,0.128385
5258,0.132075
5259,0.136849
5260,0.146181
5261,0.156467
5262,0.161198
5263,0.170964
5264,0.182096
5265,0.187088
5266,0.196202
5267,0.21148
5268,0.216515
5269,0.230556
5270,0.250933
5271,0.253689
5272,0.264648
5273,0.270768
5274,0.275217
5275,0.284418
5276,0.292014
5277,0.29464
5278,0.299067
5279,0.304427
5280,0.305903
5281,0.30651
5282,0.307031
5283,0.306467
5284,0.305208
5285,0.303841
5286,0.30204
5287,0.299935
5288,0.29681
5289,0.294944
5290,0.295964
5291,0.298806
5292,0.301606
5293,0.303841
5294,0.309136
5295,0.307617
5296,0.319596
5297,0.343099
5298,0.350239
5299,0.370095
5300,0.384679
5301,0.394401
5302,0.408138
5303,0.442426
5304,0.452062
5305,0.469727
5306,0.483919
5307,0.493381
5308,0.506597
5309,0.521289
5310,0.52513
5311,0.53572
5312,0.545985
5313,0.553212
5314,0.562782
5315,0.570812
5316,0.573893
5317,0.582292
5318,0.586545
5319,0.592513
5320,0.609201
5321,0.613086
5322,0.614627
5323,0.615712
5324,0.614149
5325,0.614562
5326,0.612587
5327,0.610655
5328,0.611632
5329,0.609852
5330,0.606901
5331,0.604861
5332,0.601172
5333,0.596636
5334,0.592513
5335,0.587826
5336,0.584158
5337,0.580577
5338,0.577995
5339,0.573893
5340,0.572374
5341,0.570725
5342,0.568598
5343,0.566059
5344,0.568685
5345,0.537804
5346,0.541884
5347,0.54872
5348,0.550326
5349,0.549891
5350,0.550477
5351,0.551432
5352,0.553798
5353,0.557856
5354,0.563628
5355,0.564562
5356,0.567817
5357,0.567101
5358,0.569227
5359,0.569271
5360,0.572374
5361,0.574371
5362,0.573307
5363,0.540495
5364,0.540603
5365,0.537739
5366,0.538411
5367,0.535503
5368,0.511111
5369,0.503494
5370,0.489236
5371,0.490473
5372,0.496593
5373,0.497439
5374,0.496745
5375,0.496853
5376,0.495573
5377,0.489627
5378,0.491168
5379,0.489084
5380,0.490929
5381,0.487847
5382,0.483789
5383,0.476823
5384,0.468468
5385,0.463477
5386,0.458594
5387,0.453711
5388,0.450043
5389,0.446897
5390,0.446007
5391,0.445095
5392,0.443945
5393,0.439214
5394,0.439214
5395,0.435482
5396,0.437609
5397,0.440408
5398,0.446788
5399,0.453559
5400,0.453364
5401,0.457661
5402,0.459635
5403,0.462956
5404,0.469444
5405,0.473524
5406,0.474089
5407,0.478885
5408,0.483529
5409,0.48572
5410,0.490712
5411,0.491211
5412,0.492036
5413,0.494922
5414,0.497721
5415,0.496441
5416,0.498177
5417,0.50102
5418,0.502387
5419,0.507292
5420,0.500933
5421,0.504883
5422,0.50612
5423,0.511523
5424,0.512847
5425,0.521115
5426,0.528212
5427,0.526259
5428,0.534158
5429,0.53444
5430,0.536806
5431,0.538086
5432,0.538759
5433,0.541211
5434,0.54184
5435,0.544944
5436,0.545573
5437,0.545312
5438,0.546636
5439,0.547331
5440,0.55128
5441,0.555556
5442,0.55727
5443,0.560503
5444,0.563563
5445,0.563672
5446,0.568207
5447,0.57003
5448,0.571723
5449,0.572005
5450,0.578212
5451,0.581055
5452,0.584787
5453,0.588108
5454,0.587348
5455,0.589562
5456,0.59273
5457,0.594076
5458,0.592209
5459,0.594792
5460,0.593837
5461,0.596832
5462,0.598394
5463,0.60128
5464,0.607118
5465,0.612131
5466,0.613911
5467,0.615864
5468,0.617556
5469,0.618359
5470,0.638108
5471,0.640408
5472,0.642101
5473,0.641102
5474,0.642643
5475,0.641949
5476,0.64273
5477,0.643273
5478,0.643598
5479,0.645095
5480,0.645399
5481,0.646701
5482,0.647396
5483,0.64987
5484,0.65013
5485,0.651085
5486,0.650043
5487,0.649913
5488,0.649978
5489,0.650586
5490,0.651085
5491,0.651237
5492,0.651606
5493,0.652083
5494,0.65204
5495,0.672222
5496,0.674371
5497,0.677951
5498,0.679883
5499,0.687435
5500,0.700456
5501,0.708637
5502,0.722114
5503,0.733442
5504,0.743056
5505,0.743685
5506,0.749566
5507,0.766168
5508,0.77309
5509,0.776888
5510,0.779709
5511,0.783637
5512,0.793815
5513,0.795139
5514,0.797331
5515,0.80089
5516,0.80434
5517,0.80612
5518,0.806141
5519,0.808116
5520,0.828103
5521,0.828429
5522,0.82589
5523,0.824957
5524,0.82589
5525,0.826823
5526,0.826194
5527,0.826888
5528,0.827018
5529,0.828516
5530,0.828602
5531,0.829253
5532,0.831771
5533,0.831966
5534,0.83227
5535,0.832227
5536,0.831272
5537,0.83214
5538,0.831163
5539,0.829449
5540,0.82947
5541,0.828342
5542,0.827821
5543,0.82921
5544,0.828993
5545,0.835829
5546,0.836024
5547,0.835547
5548,0.834744
5549,0.834766
5550,0.834266
5551,0.833724
5552,0.835178
5553,0.835091
5554,0.83457
5555,0.834549
5556,0.833464
5557,0.833377
5558,0.832943
5559,0.832747
5560,0.832465
5561,0.832812
5562,0.832878
5563,0.833594
5564,0.832986
5565,0.832465
5566,0.831185
5567,0.831858
5568,0.83329
5569,0.832378
5570,0.829102
5571,0.827691
5572,0.825564
5573,0.82398
5574,0.822504
5575,0.82194
5576,0.821528
5577,0.821072
5578,0.821181
5579,0.820052
5580,0.81964
5581,0.82066
5582,0.820334
5583,0.820095
5584,0.819835
5585,0.81977
5586,0.819336
5587,0.8199
5588,0.822721
5589,0.822287
5590,0.823459
5591,0.823741
5592,0.823134
5593,0.824566
5594,0.827539
5595,0.827148
5596,0.826693
5597,0.826172
5598,0.824913
5599,0.825586
5600,0.82576
5601,0.82576
5602,0.825933
5603,0.826128
5604,0.825304
5605,0.825347
5606,0.823806
5607,0.825022
5608,0.824392
5609,0.823633
5610,0.82309
5611,0.823112
5612,0.823003
5613,0.821745
5614,0.821745
5615,0.822201
5616,0.820877
5617,0.820247
5618,0.819227
5619,0.816406
5620,0.813607
5621,0.813238
5622,0.812674
5623,0.811719
5624,0.810503
5625,0.81072
5626,0.81174
5627,0.810091
5628,0.810178
5629,0.813433
5630,0.810981
5631,0.811936
5632,0.8102
5633,0.810265
5634,0.810286
5635,0.81135
5636,0.812218
5637,0.812826
5638,0.811914
5639,0.812543
5640,0.812218
5641,0.813281
5642,0.813997
5643,0.81467
5644,0.81326
5645,0.818121
5646,0.817925
5647,0.818359
5648,0.817578
5649,0.817231
5650,0.816905
5651,0.817253
5652,0.815755
5653,0.815321
5654,0.812478
5655,0.812543
5656,0.811523
5657,0.810417
5658,0.808941
5659,0.810547
5660,0.809787
5661,0.809418
5662,0.810829
5663,0.810004
5664,0.810959
5665,0.811545
5666,0.811003
5667,0.811176
5668,0.810829
5669,0.811675
5670,0.807335
5671,0.806879
5672,0.807422
5673,0.807791
5674,0.807444
5675,0.807248
5676,0.808442
5677,0.809418
5678,0.809245
5679,0.808637
5680,0.809701
5681,0.808919
5682,0.807769
5683,0.808637
5684,0.807726
5685,0.8074
5686,0.807943
5687,0.808073
5688,0.808398
5689,0.807986
5690,0.807813
5691,0.808312
5692,0.808984
5693,0.808247
5694,0.809071
5695,0.812283
5696,0.812435
5697,0.812847
5698,0.81326
5699,0.813151
5700,0.812891
5701,0.811003
5702,0.809397
5703,0.80842
5704,0.80842
5705,0.807943
5706,0.808095
5707,0.807834
5708,0.808941
5709,0.809201
5710,0.808247
5711,0.808572
5712,0.807682
5713,0.80701
5714,0.806749
5715,0.80727
5716,0.808008
5717,0.807552
5718,0.808225
5719,0.807921
5720,0.811285
5721,0.811589
5722,0.811285
