framenum,queue density
1,0.260933
2,0.260933
3,0.260933
4,0.260933
5,0.246085
6,0.246085
7,0.246085
8,0.246085
9,0.252708
10,0.252708
11,0.252708
12,0.252708
13,0.283842
14,0.283842
15,0.283842
16,0.283842
17,0.309404
18,0.309404
19,0.309404
20,0.309404
21,0.319926
22,0.319926
23,0.319926
24,0.319926
25,0.330942
26,0.330942
27,0.330942
28,0.330942
29,0.325028
30,0.325028
31,0.325028
32,0.325028
33,0.322124
34,0.322124
35,0.322124
36,0.322124
37,0.322301
38,0.322301
39,0.322301
40,0.322301
41,0.326051
42,0.326051
43,0.326051
44,0.326051
45,0.310047
46,0.310047
47,0.310047
48,0.310047
49,0.306026
50,0.306026
51,0.306026
52,0.306026
53,0.302096
54,0.302096
55,0.302096
56,0.302096
57,0.299517
58,0.299517
59,0.299517
60,0.299517
61,0.299427
62,0.299427
63,0.299427
64,0.299427
65,0.297766
66,0.297766
67,0.297766
68,0.297766
69,0.296206
70,0.296206
71,0.296206
72,0.296206
73,0.294309
74,0.294309
75,0.294309
76,0.294309
77,0.297793
78,0.297793
79,0.297793
80,0.297793
81,0.298882
82,0.298882
83,0.298882
84,0.298882
85,0.30978
86,0.30978
87,0.30978
88,0.30978
89,0.335401
90,0.335401
91,0.335401
92,0.335401
93,0.353502
94,0.353502
95,0.353502
96,0.353502
97,0.379926
98,0.379926
99,0.379926
100,0.379926
101,0.400656
102,0.400656
103,0.400656
104,0.400656
105,0.410214
106,0.410214
107,0.410214
108,0.410214
109,0.40769
110,0.40769
111,0.40769
112,0.40769
113,0.402137
114,0.402137
115,0.402137
116,0.402137
117,0.395087
118,0.395087
119,0.395087
120,0.395087
121,0.386611
122,0.386611
123,0.386611
124,0.386611
125,0.403595
126,0.403595
127,0.403595
128,0.403595
129,0.41572
130,0.41572
131,0.41572
132,0.41572
133,0.426461
134,0.426461
135,0.426461
136,0.426461
137,0.433264
138,0.433264
139,0.433264
140,0.433264
141,0.433287
142,0.433287
143,0.433287
144,0.433287
145,0.419874
146,0.419874
147,0.419874
148,0.419874
149,0.418859
150,0.418859
151,0.418859
152,0.418859
153,0.410288
154,0.410288
155,0.410288
156,0.410288
157,0.397603
158,0.397603
159,0.397603
160,0.397603
161,0.388531
162,0.388531
163,0.388531
164,0.388531
165,0.381791
166,0.381791
167,0.381791
168,0.381791
169,0.377292
170,0.377292
171,0.377292
172,0.377292
173,0.36717
174,0.36717
175,0.36717
176,0.36717
177,0.363949
178,0.363949
179,0.363949
180,0.363949
181,0.362002
182,0.362002
183,0.362002
184,0.362002
185,0.360097
186,0.360097
187,0.360097
188,0.360097
189,0.356982
190,0.356982
191,0.356982
192,0.356982
193,0.354458
194,0.354458
195,0.354458
196,0.354458
197,0.350857
198,0.350857
199,0.350857
200,0.350857
201,0.349955
202,0.349955
203,0.349955
204,0.349955
205,0.349567
206,0.349567
207,0.349567
208,0.349567
209,0.349297
210,0.349297
211,0.349297
212,0.349297
213,0.34965
214,0.34965
215,0.34965
216,0.34965
217,0.349583
218,0.349583
219,0.349583
220,0.349583
221,0.350147
222,0.350147
223,0.350147
224,0.350147
225,0.350398
226,0.350398
227,0.350398
228,0.350398
229,0.349947
230,0.349947
231,0.349947
232,0.349947
233,0.34994
234,0.34994
235,0.34994
236,0.34994
237,0.349783
238,0.349783
239,0.349783
240,0.349783
241,0.347702
242,0.347702
243,0.347702
244,0.347702
245,0.346856
246,0.346856
247,0.346856
248,0.346856
249,0.348325
250,0.348325
251,0.348325
252,0.348325
253,0.349148
254,0.349148
255,0.349148
256,0.349148
257,0.349846
258,0.349846
259,0.349846
260,0.349846
261,0.349544
262,0.349544
263,0.349544
264,0.349544
265,0.34778
266,0.34778
267,0.34778
268,0.34778
269,0.346762
270,0.346762
271,0.346762
272,0.346762
273,0.342643
274,0.342643
275,0.342643
276,0.342643
277,0.340903
278,0.340903
279,0.340903
280,0.340903
281,0.341291
282,0.341291
283,0.341291
284,0.341291
285,0.344575
286,0.344575
287,0.344575
288,0.344575
289,0.34664
290,0.34664
291,0.34664
292,0.34664
293,0.344077
294,0.344077
295,0.344077
296,0.344077
297,0.338885
298,0.338885
299,0.338885
300,0.338885
301,0.336232
302,0.336232
303,0.336232
304,0.336232
305,0.336056
306,0.336056
307,0.336056
308,0.336056
309,0.336506
310,0.336506
311,0.336506
312,0.336506
313,0.336843
314,0.336843
315,0.336843
316,0.336843
317,0.337897
318,0.337897
319,0.337897
320,0.337897
321,0.341052
322,0.341052
323,0.341052
324,0.341052
325,0.341177
326,0.341177
327,0.341177
328,0.341177
329,0.341593
330,0.341593
331,0.341593
332,0.341593
333,0.342216
334,0.342216
335,0.342216
336,0.342216
337,0.342666
338,0.342666
339,0.342666
340,0.342666
341,0.343203
342,0.343203
343,0.343203
344,0.343203
345,0.350089
346,0.350089
347,0.350089
348,0.350089
349,0.359686
350,0.359686
351,0.359686
352,0.359686
353,0.366802
354,0.366802
355,0.366802
356,0.366802
357,0.372519
358,0.372519
359,0.372519
360,0.372519
361,0.377406
362,0.377406
363,0.377406
364,0.377406
365,0.377947
366,0.377947
367,0.377947
368,0.377947
369,0.375043
370,0.375043
371,0.375043
372,0.375043
373,0.368573
374,0.368573
375,0.368573
376,0.368573
377,0.366144
378,0.366144
379,0.366144
380,0.366144
381,0.362468
382,0.362468
383,0.362468
384,0.362468
385,0.361284
386,0.361284
387,0.361284
388,0.361284
389,0.367421
390,0.367421
391,0.367421
392,0.367421
393,0.377618
394,0.377618
395,0.377618
396,0.377618
397,0.38428
398,0.38428
399,0.38428
400,0.38428
401,0.39149
402,0.39149
403,0.39149
404,0.39149
405,0.396961
406,0.396961
407,0.396961
408,0.396961
409,0.406264
410,0.406264
411,0.406264
412,0.406264
413,0.416958
414,0.416958
415,0.416958
416,0.416958
417,0.427049
418,0.427049
419,0.427049
420,0.427049
421,0.437966
422,0.437966
423,0.437966
424,0.437966
425,0.453927
426,0.453927
427,0.453927
428,0.453927
429,0.469802
430,0.469802
431,0.469802
432,0.469802
433,0.489972
434,0.489972
435,0.489972
436,0.489972
437,0.507571
438,0.507571
439,0.507571
440,0.507571
441,0.521663
442,0.521663
443,0.521663
444,0.521663
445,0.538541
446,0.538541
447,0.538541
448,0.538541
449,0.547918
450,0.547918
451,0.547918
452,0.547918
453,0.553628
454,0.553628
455,0.553628
456,0.553628
457,0.560991
458,0.560991
459,0.560991
460,0.560991
461,0.569926
462,0.569926
463,0.569926
464,0.569926
465,0.576937
466,0.576937
467,0.576937
468,0.576937
469,0.58122
470,0.58122
471,0.58122
472,0.58122
473,0.597416
474,0.597416
475,0.597416
476,0.597416
477,0.598603
478,0.598603
479,0.598603
480,0.598603
481,0.602342
482,0.602342
483,0.602342
484,0.602342
485,0.602667
486,0.602667
487,0.602667
488,0.602667
489,0.602381
490,0.602381
491,0.602381
492,0.602381
493,0.6034
494,0.6034
495,0.6034
496,0.6034
497,0.603796
498,0.603796
499,0.603796
500,0.603796
501,0.602205
502,0.602205
503,0.602205
504,0.602205
505,0.602781
506,0.602781
507,0.602781
508,0.602781
509,0.599795
510,0.599795
511,0.599795
512,0.599795
513,0.600719
514,0.600719
515,0.600719
516,0.600719
517,0.614408
518,0.614408
519,0.614408
520,0.614408
521,0.646502
522,0.646502
523,0.646502
524,0.646502
525,0.670548
526,0.670548
527,0.670548
528,0.670548
529,0.682782
530,0.682782
531,0.682782
532,0.682782
533,0.688868
534,0.688868
535,0.688868
536,0.688868
537,0.691199
538,0.691199
539,0.691199
540,0.691199
541,0.693531
542,0.693531
543,0.693531
544,0.693531
545,0.70979
546,0.70979
547,0.70979
548,0.70979
549,0.706396
550,0.706396
551,0.706396
552,0.706396
553,0.70591
554,0.70591
555,0.70591
556,0.70591
557,0.701694
558,0.701694
559,0.701694
560,0.701694
561,0.700079
562,0.700079
563,0.700079
564,0.700079
565,0.700232
566,0.700232
567,0.700232
568,0.700232
569,0.701259
570,0.701259
571,0.701259
572,0.701259
573,0.695071
574,0.695071
575,0.695071
576,0.695071
577,0.694256
578,0.694256
579,0.694256
580,0.694256
581,0.693245
582,0.693245
583,0.693245
584,0.693245
585,0.691826
586,0.691826
587,0.691826
588,0.691826
589,0.693166
590,0.693166
591,0.693166
592,0.693166
593,0.696854
594,0.696854
595,0.696854
596,0.696854
597,0.724117
598,0.724117
599,0.724117
600,0.724117
601,0.736206
602,0.736206
603,0.736206
604,0.736206
605,0.739078
606,0.739078
607,0.739078
608,0.739078
609,0.750396
610,0.750396
611,0.750396
612,0.750396
613,0.760181
614,0.760181
615,0.760181
616,0.760181
617,0.764699
618,0.764699
619,0.764699
620,0.764699
621,0.784124
622,0.784124
623,0.784124
624,0.784124
625,0.783431
626,0.783431
627,0.783431
628,0.783431
629,0.784842
630,0.784842
631,0.784842
632,0.784842
633,0.796155
634,0.796155
635,0.796155
636,0.796155
637,0.801339
638,0.801339
639,0.801339
640,0.801339
641,0.805329
642,0.805329
643,0.805329
644,0.805329
645,0.817986
646,0.817986
647,0.817986
648,0.817986
649,0.817351
650,0.817351
651,0.817351
652,0.817351
653,0.817253
654,0.817253
655,0.817253
656,0.817253
657,0.824515
658,0.824515
659,0.824515
660,0.824515
661,0.823065
662,0.823065
663,0.823065
664,0.823065
665,0.821936
666,0.821936
667,0.821936
668,0.821936
669,0.820682
670,0.820682
671,0.820682
672,0.820682
673,0.819366
674,0.819366
675,0.819366
676,0.819366
677,0.818449
678,0.818449
679,0.818449
680,0.818449
681,0.817877
682,0.817877
683,0.817877
684,0.817877
685,0.815647
686,0.815647
687,0.815647
688,0.815647
689,0.812441
690,0.812441
691,0.812441
692,0.812441
693,0.809749
694,0.809749
695,0.809749
696,0.809749
697,0.813127
698,0.813127
699,0.813127
700,0.813127
701,0.810811
702,0.810811
703,0.810811
704,0.810811
705,0.816681
706,0.816681
707,0.816681
708,0.816681
709,0.82205
710,0.82205
711,0.82205
712,0.82205
713,0.826533
714,0.826533
715,0.826533
716,0.826533
717,0.828136
718,0.828136
719,0.828136
720,0.828136
721,0.837795
722,0.837795
723,0.837795
724,0.837795
725,0.838638
726,0.838638
727,0.838638
728,0.838638
729,0.838807
730,0.838807
731,0.838807
732,0.838807
733,0.839198
734,0.839198
735,0.839198
736,0.839198
737,0.838889
738,0.838889
739,0.838889
740,0.838889
741,0.838665
742,0.838665
743,0.838665
744,0.838665
745,0.8399
746,0.8399
747,0.8399
748,0.8399
749,0.839422
750,0.839422
751,0.839422
752,0.839422
753,0.839982
754,0.839982
755,0.839982
756,0.839982
757,0.840601
758,0.840601
759,0.840601
760,0.840601
761,0.841052
762,0.841052
763,0.841052
764,0.841052
765,0.841871
766,0.841871
767,0.841871
768,0.841871
769,0.84229
770,0.84229
771,0.84229
772,0.84229
773,0.846338
774,0.846338
775,0.846338
776,0.846338
777,0.846511
778,0.846511
779,0.846511
780,0.846511
781,0.846307
782,0.846307
783,0.846307
784,0.846307
785,0.845331
786,0.845331
787,0.845331
788,0.845331
789,0.84566
790,0.84566
791,0.84566
792,0.84566
793,0.844908
794,0.844908
795,0.844908
796,0.844908
797,0.842396
798,0.842396
799,0.842396
800,0.842396
801,0.841808
802,0.841808
803,0.841808
804,0.841808
805,0.841887
806,0.841887
807,0.841887
808,0.841887
809,0.840797
810,0.840797
811,0.840797
812,0.840797
813,0.84095
814,0.84095
815,0.84095
816,0.84095
817,0.843678
818,0.843678
819,0.843678
820,0.843678
821,0.845323
822,0.845323
823,0.845323
824,0.845323
825,0.846378
826,0.846378
827,0.846378
828,0.846378
829,0.847643
830,0.847643
831,0.847643
832,0.847643
833,0.848541
834,0.848541
835,0.848541
836,0.848541
837,0.84876
838,0.84876
839,0.84876
840,0.84876
841,0.849277
842,0.849277
843,0.849277
844,0.849277
845,0.850398
846,0.850398
847,0.850398
848,0.850398
849,0.85099
850,0.85099
851,0.85099
852,0.85099
853,0.850919
854,0.850919
855,0.850919
856,0.850919
857,0.850892
858,0.850892
859,0.850892
860,0.850892
861,0.850014
862,0.850014
863,0.850014
864,0.850014
865,0.850089
866,0.850089
867,0.850089
868,0.850089
869,0.850669
870,0.850669
871,0.850669
872,0.850669
873,0.848791
874,0.848791
875,0.848791
876,0.848791
877,0.848513
878,0.848513
879,0.848513
880,0.848513
881,0.84916
882,0.84916
883,0.84916
884,0.84916
885,0.849724
886,0.849724
887,0.849724
888,0.849724
889,0.850265
890,0.850265
891,0.850265
892,0.850265
893,0.850265
894,0.850265
895,0.850265
896,0.850265
897,0.850759
898,0.850759
899,0.850759
900,0.850759
901,0.850821
902,0.850821
903,0.850821
904,0.850821
905,0.851809
906,0.851809
907,0.851809
908,0.851809
909,0.852232
910,0.852232
911,0.852232
912,0.852232
913,0.852314
914,0.852314
915,0.852314
916,0.852314
917,0.852569
918,0.852569
919,0.852569
920,0.852569
921,0.85146
922,0.85146
923,0.85146
924,0.85146
925,0.851895
926,0.851895
927,0.851895
928,0.851895
929,0.851746
930,0.851746
931,0.851746
932,0.851746
933,0.850559
934,0.850559
935,0.850559
936,0.850559
937,0.850045
938,0.850045
939,0.850045
940,0.850045
941,0.849258
942,0.849258
943,0.849258
944,0.849258
945,0.848748
946,0.848748
947,0.848748
948,0.848748
949,0.848968
950,0.848968
951,0.848968
952,0.848968
953,0.848878
954,0.848878
955,0.848878
956,0.848878
957,0.849959
958,0.849959
959,0.849959
960,0.849959
961,0.850006
962,0.850006
963,0.850006
964,0.850006
965,0.850226
966,0.850226
967,0.850226
968,0.850226
969,0.850527
970,0.850527
971,0.850527
972,0.850527
973,0.849755
974,0.849755
975,0.849755
976,0.849755
977,0.848737
978,0.848737
979,0.848737
980,0.848737
981,0.846954
982,0.846954
983,0.846954
984,0.846954
985,0.848368
986,0.848368
987,0.848368
988,0.848368
989,0.84914
990,0.84914
991,0.84914
992,0.84914
993,0.848893
994,0.848893
995,0.848893
996,0.848893
997,0.848682
998,0.848682
999,0.848682
1000,0.848682
1001,0.849426
1002,0.849426
1003,0.849426
1004,0.849426
1005,0.850077
1006,0.850077
1007,0.850077
1008,0.850077
1009,0.849591
1010,0.849591
1011,0.849591
1012,0.849591
1013,0.846848
1014,0.846848
1015,0.846848
1016,0.846848
1017,0.847244
1018,0.847244
1019,0.847244
1020,0.847244
1021,0.848055
1022,0.848055
1023,0.848055
1024,0.848055
1025,0.846879
1026,0.846879
1027,0.846879
1028,0.846879
1029,0.846464
1030,0.846464
1031,0.846464
1032,0.846464
1033,0.846773
1034,0.846773
1035,0.846773
1036,0.846773
1037,0.848255
1038,0.848255
1039,0.848255
1040,0.848255
1041,0.847855
1042,0.847855
1043,0.847855
1044,0.847855
1045,0.848106
1046,0.848106
1047,0.848106
1048,0.848106
1049,0.847694
1050,0.847694
1051,0.847694
1052,0.847694
1053,0.848168
1054,0.848168
1055,0.848168
1056,0.848168
1057,0.847871
1058,0.847871
1059,0.847871
1060,0.847871
1061,0.846742
1062,0.846742
1063,0.846742
1064,0.846742
1065,0.846812
1066,0.846812
1067,0.846812
1068,0.846812
1069,0.846989
1070,0.846989
1071,0.846989
1072,0.846989
1073,0.847381
1074,0.847381
1075,0.847381
1076,0.847381
1077,0.847588
1078,0.847588
1079,0.847588
1080,0.847588
1081,0.847506
1082,0.847506
1083,0.847506
1084,0.847506
1085,0.84733
1086,0.84733
1087,0.84733
1088,0.84733
1089,0.846213
1090,0.846213
1091,0.846213
1092,0.846213
1093,0.846491
1094,0.846491
1095,0.846491
1096,0.846491
1097,0.84664
1098,0.84664
1099,0.84664
1100,0.84664
1101,0.846436
1102,0.846436
1103,0.846436
1104,0.846436
1105,0.846189
1106,0.846189
1107,0.846189
1108,0.846189
1109,0.846009
1110,0.846009
1111,0.846009
1112,0.846009
1113,0.846479
1114,0.846479
1115,0.846479
1116,0.846479
1117,0.846523
1118,0.846523
1119,0.846523
1120,0.846523
1121,0.847224
1122,0.847224
1123,0.847224
1124,0.847224
1125,0.847208
1126,0.847208
1127,0.847208
1128,0.847208
1129,0.845606
1130,0.845606
1131,0.845606
1132,0.845606
1133,0.845225
1134,0.845225
1135,0.845225
1136,0.845225
1137,0.845751
1138,0.845751
1139,0.845751
1140,0.845751
1141,0.845801
1142,0.845801
1143,0.845801
1144,0.845801
1145,0.845351
1146,0.845351
1147,0.845351
1148,0.845351
1149,0.845331
1150,0.845331
1151,0.845331
1152,0.845331
1153,0.847055
1154,0.847055
1155,0.847055
1156,0.847055
1157,0.846691
1158,0.846691
1159,0.846691
1160,0.846691
1161,0.845316
1162,0.845316
1163,0.845316
1164,0.845316
1165,0.844489
1166,0.844489
1167,0.844489
1168,0.844489
1169,0.845562
1170,0.845562
1171,0.845562
1172,0.845562
1173,0.846664
1174,0.846664
1175,0.846664
1176,0.846664
1177,0.847773
1178,0.847773
1179,0.847773
1180,0.847773
1181,0.847291
1182,0.847291
1183,0.847291
1184,0.847291
1185,0.847314
1186,0.847314
1187,0.847314
1188,0.847314
1189,0.846981
1190,0.846981
1191,0.846981
1192,0.846981
1193,0.846867
1194,0.846867
1195,0.846867
1196,0.846867
1197,0.847369
1198,0.847369
1199,0.847369
1200,0.847369
1201,0.846577
1202,0.846577
1203,0.846577
1204,0.846577
1205,0.846479
1206,0.846479
1207,0.846479
1208,0.846479
1209,0.84657
1210,0.84657
1211,0.84657
1212,0.84657
1213,0.848537
1214,0.848537
1215,0.848537
1216,0.848537
1217,0.847961
1218,0.847961
1219,0.847961
1220,0.847961
1221,0.848157
1222,0.848157
1223,0.848157
1224,0.848157
1225,0.847592
1226,0.847592
1227,0.847592
1228,0.847592
1229,0.847682
1230,0.847682
1231,0.847682
1232,0.847682
1233,0.847197
1234,0.847197
1235,0.847197
1236,0.847197
1237,0.844955
1238,0.844955
1239,0.844955
1240,0.844955
1241,0.844896
1242,0.844896
1243,0.844896
1244,0.844896
1245,0.844857
1246,0.844857
1247,0.844857
1248,0.844857
1249,0.84588
1250,0.84588
1251,0.84588
1252,0.84588
1253,0.845703
1254,0.845703
1255,0.845703
1256,0.845703
1257,0.846268
1258,0.846268
1259,0.846268
1260,0.846268
1261,0.846217
1262,0.846217
1263,0.846217
1264,0.846217
1265,0.845903
1266,0.845903
1267,0.845903
1268,0.845903
1269,0.845637
1270,0.845637
1271,0.845637
1272,0.845637
1273,0.846041
1274,0.846041
1275,0.846041
1276,0.846041
1277,0.846691
1278,0.846691
1279,0.846691
1280,0.846691
1281,0.84724
1282,0.84724
1283,0.84724
1284,0.84724
1285,0.847287
1286,0.847287
1287,0.847287
1288,0.847287
1289,0.845684
1290,0.845684
1291,0.845684
1292,0.845684
1293,0.845833
1294,0.845833
1295,0.845833
1296,0.845833
1297,0.845045
1298,0.845045
1299,0.845045
1300,0.845045
1301,0.846342
1302,0.846342
1303,0.846342
1304,0.846342
1305,0.846867
1306,0.846867
1307,0.846867
1308,0.846867
1309,0.84662
1310,0.84662
1311,0.84662
1312,0.84662
1313,0.84624
1314,0.84624
1315,0.84624
1316,0.84624
1317,0.845531
1318,0.845531
1319,0.845531
1320,0.845531
1321,0.846064
1322,0.846064
1323,0.846064
1324,0.846064
1325,0.846573
1326,0.846573
1327,0.846573
1328,0.846573
1329,0.846511
1330,0.846511
1331,0.846511
1332,0.846511
1333,0.846495
1334,0.846495
1335,0.846495
1336,0.846495
1337,0.846852
1338,0.846852
1339,0.846852
1340,0.846852
1341,0.847537
1342,0.847537
1343,0.847537
1344,0.847537
1345,0.847032
1346,0.847032
1347,0.847032
1348,0.847032
1349,0.846577
1350,0.846577
1351,0.846577
1352,0.846577
1353,0.846456
1354,0.846456
1355,0.846456
1356,0.846456
1357,0.846358
1358,0.846358
1359,0.846358
1360,0.846358
1361,0.846276
1362,0.846276
1363,0.846276
1364,0.846276
1365,0.845684
1366,0.845684
1367,0.845684
1368,0.845684
1369,0.84461
1370,0.84461
1371,0.84461
1372,0.84461
1373,0.846037
1374,0.846037
1375,0.846037
1376,0.846037
1377,0.845731
1378,0.845731
1379,0.845731
1380,0.845731
1381,0.846452
1382,0.846452
1383,0.846452
1384,0.846452
1385,0.846762
1386,0.846762
1387,0.846762
1388,0.846762
1389,0.846566
1390,0.846566
1391,0.846566
1392,0.846566
1393,0.847357
1394,0.847357
1395,0.847357
1396,0.847357
1397,0.848384
1398,0.848384
1399,0.848384
1400,0.848384
1401,0.84914
1402,0.84914
1403,0.84914
1404,0.84914
1405,0.84974
1406,0.84974
1407,0.84974
1408,0.84974
1409,0.850155
1410,0.850155
1411,0.850155
1412,0.850155
1413,0.850249
1414,0.850249
1415,0.850249
1416,0.850249
1417,0.850445
1418,0.850445
1419,0.850445
1420,0.850445
1421,0.850857
1422,0.850857
1423,0.850857
1424,0.850857
1425,0.85186
1426,0.85186
1427,0.85186
1428,0.85186
1429,0.852146
1430,0.852146
1431,0.852146
1432,0.852146
1433,0.850915
1434,0.850915
1435,0.850915
1436,0.850915
1437,0.853815
1438,0.853815
1439,0.853815
1440,0.853815
1441,0.853525
1442,0.853525
1443,0.853525
1444,0.853525
1445,0.854548
1446,0.854548
1447,0.854548
1448,0.854548
1449,0.856672
1450,0.856672
1451,0.856672
1452,0.856672
1453,0.856668
1454,0.856668
1455,0.856668
1456,0.856668
1457,0.856304
1458,0.856304
1459,0.856304
1460,0.856304
1461,0.858584
1462,0.858584
1463,0.858584
1464,0.858584
1465,0.857867
1466,0.857867
1467,0.857867
1468,0.857867
1469,0.858859
1470,0.858859
1471,0.858859
1472,0.858859
1473,0.860873
1474,0.860873
1475,0.860873
1476,0.860873
1477,0.862754
1478,0.862754
1479,0.862754
1480,0.862754
1481,0.863001
1482,0.863001
1483,0.863001
1484,0.863001
1485,0.86572
1486,0.86572
1487,0.86572
1488,0.86572
1489,0.868707
1490,0.868707
1491,0.868707
1492,0.868707
1493,0.873284
1494,0.873284
1495,0.873284
1496,0.873284
1497,0.880537
1498,0.880537
1499,0.880537
1500,0.880537
1501,0.871928
1502,0.871928
1503,0.871928
1504,0.871928
1505,0.867594
1506,0.867594
1507,0.867594
1508,0.867594
1509,0.866626
1510,0.866626
1511,0.866626
1512,0.866626
1513,0.871599
1514,0.871599
1515,0.871599
1516,0.871599
1517,0.874624
1518,0.874624
1519,0.874624
1520,0.874624
1521,0.874847
1522,0.874847
1523,0.874847
1524,0.874847
1525,0.873856
1526,0.873856
1527,0.873856
1528,0.873856
1529,0.879032
1530,0.879032
1531,0.879032
1532,0.879032
1533,0.879499
1534,0.879499
1535,0.879499
1536,0.879499
1537,0.878006
1538,0.878006
1539,0.878006
1540,0.878006
1541,0.873997
1542,0.873997
1543,0.873997
1544,0.873997
1545,0.873918
1546,0.873918
1547,0.873918
1548,0.873918
1549,0.876767
1550,0.876767
1551,0.876767
1552,0.876767
1553,0.878092
1554,0.878092
1555,0.878092
1556,0.878092
1557,0.882595
1558,0.882595
1559,0.882595
1560,0.882595
1561,0.882516
1562,0.882516
1563,0.882516
1564,0.882516
1565,0.875968
1566,0.875968
1567,0.875968
1568,0.875968
1569,0.876211
1570,0.876211
1571,0.876211
1572,0.876211
1573,0.876771
1574,0.876771
1575,0.876771
1576,0.876771
1577,0.877935
1578,0.877935
1579,0.877935
1580,0.877935
1581,0.879448
1582,0.879448
1583,0.879448
1584,0.879448
1585,0.884276
1586,0.884276
1587,0.884276
1588,0.884276
1589,0.88399
1590,0.88399
1591,0.88399
1592,0.88399
1593,0.878413
1594,0.878413
1595,0.878413
1596,0.878413
1597,0.86601
1598,0.86601
1599,0.86601
1600,0.86601
1601,0.857562
1602,0.857562
1603,0.857562
1604,0.857562
1605,0.858459
1606,0.858459
1607,0.858459
1608,0.858459
1609,0.858851
1610,0.858851
1611,0.858851
1612,0.858851
1613,0.862103
1614,0.862103
1615,0.862103
1616,0.862103
1617,0.867786
1618,0.867786
1619,0.867786
1620,0.867786
1621,0.860787
1622,0.860787
1623,0.860787
1624,0.860787
1625,0.867621
1626,0.867621
1627,0.867621
1628,0.867621
1629,0.867331
1630,0.867331
1631,0.867331
1632,0.867331
1633,0.863177
1634,0.863177
1635,0.863177
1636,0.863177
1637,0.86411
1638,0.86411
1639,0.86411
1640,0.86411
1641,0.868444
1642,0.868444
1643,0.868444
1644,0.868444
1645,0.866379
1646,0.866379
1647,0.866379
1648,0.866379
1649,0.863201
1650,0.863201
1651,0.863201
1652,0.863201
1653,0.859466
1654,0.859466
1655,0.859466
1656,0.859466
1657,0.852169
1658,0.852169
1659,0.852169
1660,0.852169
1661,0.852087
1662,0.852087
1663,0.852087
1664,0.852087
1665,0.854427
1666,0.854427
1667,0.854427
1668,0.854427
1669,0.85918
1670,0.85918
1671,0.85918
1672,0.85918
1673,0.863209
1674,0.863209
1675,0.863209
1676,0.863209
1677,0.85949
1678,0.85949
1679,0.85949
1680,0.85949
1681,0.850061
1682,0.850061
1683,0.850061
1684,0.850061
1685,0.837184
1686,0.837184
1687,0.837184
1688,0.837184
1689,0.837709
1690,0.837709
1691,0.837709
1692,0.837709
1693,0.84307
1694,0.84307
1695,0.84307
1696,0.84307
1697,0.836071
1698,0.836071
1699,0.836071
1700,0.836071
1701,0.831302
1702,0.831302
1703,0.831302
1704,0.831302
1705,0.832787
1706,0.832787
1707,0.832787
1708,0.832787
1709,0.844904
1710,0.844904
1711,0.844904
1712,0.844904
1713,0.846091
1714,0.846091
1715,0.846091
1716,0.846091
1717,0.834241
1718,0.834241
1719,0.834241
1720,0.834241
1721,0.835421
1722,0.835421
1723,0.835421
1724,0.835421
1725,0.841847
1726,0.841847
1727,0.841847
1728,0.841847
1729,0.855986
1730,0.855986
1731,0.855986
1732,0.855986
1733,0.845782
1734,0.845782
1735,0.845782
1736,0.845782
1737,0.8013
1738,0.8013
1739,0.8013
1740,0.8013
1741,0.780362
1742,0.780362
1743,0.780362
1744,0.780362
1745,0.761737
1746,0.761737
1747,0.761737
1748,0.761737
1749,0.71633
1750,0.71633
1751,0.71633
1752,0.71633
1753,0.668181
1754,0.668181
1755,0.668181
1756,0.668181
1757,0.64624
1758,0.64624
1759,0.64624
1760,0.64624
1761,0.620133
1762,0.620133
1763,0.620133
1764,0.620133
1765,0.589896
1766,0.589896
1767,0.589896
1768,0.589896
1769,0.617974
1770,0.617974
1771,0.617974
1772,0.617974
1773,0.654492
1774,0.654492
1775,0.654492
1776,0.654492
1777,0.689287
1778,0.689287
1779,0.689287
1780,0.689287
1781,0.706126
1782,0.706126
1783,0.706126
1784,0.706126
1785,0.684984
1786,0.684984
1787,0.684984
1788,0.684984
1789,0.684173
1790,0.684173
1791,0.684173
1792,0.684173
1793,0.661354
1794,0.661354
1795,0.661354
1796,0.661354
1797,0.632195
1798,0.632195
1799,0.632195
1800,0.632195
1801,0.624075
1802,0.624075
1803,0.624075
1804,0.624075
1805,0.628754
1806,0.628754
1807,0.628754
1808,0.628754
1809,0.632587
1810,0.632587
1811,0.632587
1812,0.632587
1813,0.623789
1814,0.623789
1815,0.623789
1816,0.623789
1817,0.619588
1818,0.619588
1819,0.619588
1820,0.619588
1821,0.600089
1822,0.600089
1823,0.600089
1824,0.600089
1825,0.578539
1826,0.578539
1827,0.578539
1828,0.578539
1829,0.551437
1830,0.551437
1831,0.551437
1832,0.551437
1833,0.540508
1834,0.540508
1835,0.540508
1836,0.540508
1837,0.518316
1838,0.518316
1839,0.518316
1840,0.518316
1841,0.526691
1842,0.526691
1843,0.526691
1844,0.526691
1845,0.52905
1846,0.52905
1847,0.52905
1848,0.52905
1849,0.541108
1850,0.541108
1851,0.541108
1852,0.541108
1853,0.538572
1854,0.538572
1855,0.538572
1856,0.538572
1857,0.510165
1858,0.510165
1859,0.510165
1860,0.510165
1861,0.491222
1862,0.491222
1863,0.491222
1864,0.491222
1865,0.479646
1866,0.479646
1867,0.479646
1868,0.479646
1869,0.449962
1870,0.449962
1871,0.449962
1872,0.449962
1873,0.459014
1874,0.459014
1875,0.459014
1876,0.459014
1877,0.479619
1878,0.479619
1879,0.479619
1880,0.479619
1881,0.502743
1882,0.502743
1883,0.502743
1884,0.502743
1885,0.494655
1886,0.494655
1887,0.494655
1888,0.494655
1889,0.502528
1890,0.502528
1891,0.502528
1892,0.502528
1893,0.531275
1894,0.531275
1895,0.531275
1896,0.531275
1897,0.539046
1898,0.539046
1899,0.539046
1900,0.539046
1901,0.530096
1902,0.530096
1903,0.530096
1904,0.530096
1905,0.581698
1906,0.581698
1907,0.581698
1908,0.581698
1909,0.671931
1910,0.671931
1911,0.671931
1912,0.671931
1913,0.696948
1914,0.696948
1915,0.696948
1916,0.696948
1917,0.727424
1918,0.727424
1919,0.727424
1920,0.727424
1921,0.7533
1922,0.7533
1923,0.7533
1924,0.7533
1925,0.719932
1926,0.719932
1927,0.719932
1928,0.719932
1929,0.672946
1930,0.672946
1931,0.672946
1932,0.672946
1933,0.544333
1934,0.544333
1935,0.544333
1936,0.544333
1937,0.470543
1938,0.470543
1939,0.470543
1940,0.470543
1941,0.423847
1942,0.423847
1943,0.423847
1944,0.423847
1945,0.420007
1946,0.420007
1947,0.420007
1948,0.420007
1949,0.391067
1950,0.391067
1951,0.391067
1952,0.391067
1953,0.363538
1954,0.363538
1955,0.363538
1956,0.363538
1957,0.349881
1958,0.349881
1959,0.349881
1960,0.349881
1961,0.335123
1962,0.335123
1963,0.335123
1964,0.335123
1965,0.321521
1966,0.321521
1967,0.321521
1968,0.321521
1969,0.303514
1970,0.303514
1971,0.303514
1972,0.303514
1973,0.272478
1974,0.272478
1975,0.272478
1976,0.272478
1977,0.229395
1978,0.229395
1979,0.229395
1980,0.229395
1981,0.21144
1982,0.21144
1983,0.21144
1984,0.21144
1985,0.199139
1986,0.199139
1987,0.199139
1988,0.199139
1989,0.174862
1990,0.174862
1991,0.174862
1992,0.174862
1993,0.174909
1994,0.174909
1995,0.174909
1996,0.174909
1997,0.173291
1998,0.173291
1999,0.173291
2000,0.173291
2001,0.167205
2002,0.167205
2003,0.167205
2004,0.167205
2005,0.195263
2006,0.195263
2007,0.195263
2008,0.195263
2009,0.236159
2010,0.236159
2011,0.236159
2012,0.236159
2013,0.308225
2014,0.308225
2015,0.308225
2016,0.308225
2017,0.403779
2018,0.403779
2019,0.403779
2020,0.403779
2021,0.471366
2022,0.471366
2023,0.471366
2024,0.471366
2025,0.544752
2026,0.544752
2027,0.544752
2028,0.544752
2029,0.652894
2030,0.652894
2031,0.652894
2032,0.652894
2033,0.682602
2034,0.682602
2035,0.682602
2036,0.682602
2037,0.701016
2038,0.701016
2039,0.701016
2040,0.701016
2041,0.697183
2042,0.697183
2043,0.697183
2044,0.697183
2045,0.564777
2046,0.564777
2047,0.564777
2048,0.564777
2049,0.476613
2050,0.476613
2051,0.476613
2052,0.476613
2053,0.410856
2054,0.410856
2055,0.410856
2056,0.410856
2057,0.36808
2058,0.36808
2059,0.36808
2060,0.36808
2061,0.298318
2062,0.298318
2063,0.298318
2064,0.298318
2065,0.278971
2066,0.278971
2067,0.278971
2068,0.278971
2069,0.271933
2070,0.271933
2071,0.271933
2072,0.271933
2073,0.273497
2074,0.273497
2075,0.273497
2076,0.273497
2077,0.247053
2078,0.247053
2079,0.247053
2080,0.247053
2081,0.209198
2082,0.209198
2083,0.209198
2084,0.209198
2085,0.179768
2086,0.179768
2087,0.179768
2088,0.179768
2089,0.168859
2090,0.168859
2091,0.168859
2092,0.168859
2093,0.168482
2094,0.168482
2095,0.168482
2096,0.168482
2097,0.16927
2098,0.16927
2099,0.16927
2100,0.16927
2101,0.174235
2102,0.174235
2103,0.174235
2104,0.174235
2105,0.19203
2106,0.19203
2107,0.19203
2108,0.19203
2109,0.220978
2110,0.220978
2111,0.220978
2112,0.220978
2113,0.292322
2114,0.292322
2115,0.292322
2116,0.292322
2117,0.389919
2118,0.389919
2119,0.389919
2120,0.389919
2121,0.542483
2122,0.542483
2123,0.542483
2124,0.542483
2125,0.678816
2126,0.678816
2127,0.678816
2128,0.678816
2129,0.796613
2130,0.796613
2131,0.796613
2132,0.796613
2133,0.85068
2134,0.85068
2135,0.85068
2136,0.85068
2137,0.891612
2138,0.891612
2139,0.891612
2140,0.891612
2141,0.893583
2142,0.893583
2143,0.893583
2144,0.893583
2145,0.885961
2146,0.885961
2147,0.885961
2148,0.885961
2149,0.891008
2150,0.891008
2151,0.891008
2152,0.891008
2153,0.855927
2154,0.855927
2155,0.855927
2156,0.855927
2157,0.738075
2158,0.738075
2159,0.738075
2160,0.738075
2161,0.647243
2162,0.647243
2163,0.647243
2164,0.647243
2165,0.650774
2166,0.650774
2167,0.650774
2168,0.650774
2169,0.646059
2170,0.646059
2171,0.646059
2172,0.646059
2173,0.638093
2174,0.638093
2175,0.638093
2176,0.638093
2177,0.571431
2178,0.571431
2179,0.571431
2180,0.571431
2181,0.445706
2182,0.445706
2183,0.445706
2184,0.445706
2185,0.363256
2186,0.363256
2187,0.363256
2188,0.363256
2189,0.299529
2190,0.299529
2191,0.299529
2192,0.299529
2193,0.267438
2194,0.267438
2195,0.267438
2196,0.267438
2197,0.235826
2198,0.235826
2199,0.235826
2200,0.235826
2201,0.216624
2202,0.216624
2203,0.216624
2204,0.216624
2205,0.197148
2206,0.197148
2207,0.197148
2208,0.197148
2209,0.19105
2210,0.19105
2211,0.19105
2212,0.19105
2213,0.171994
2214,0.171994
2215,0.171994
2216,0.171994
2217,0.165387
2218,0.165387
2219,0.165387
2220,0.165387
2221,0.163118
2222,0.163118
2223,0.163118
2224,0.163118
2225,0.162573
2226,0.162573
2227,0.162573
2228,0.162573
2229,0.163623
2230,0.163623
2231,0.163623
2232,0.163623
2233,0.162941
2234,0.162941
2235,0.162941
2236,0.162941
2237,0.16233
2238,0.16233
2239,0.16233
2240,0.16233
2241,0.165155
2242,0.165155
2243,0.165155
2244,0.165155
2245,0.165222
2246,0.165222
2247,0.165222
2248,0.165222
2249,0.165951
2250,0.165951
2251,0.165951
2252,0.165951
2253,0.167836
2254,0.167836
2255,0.167836
2256,0.167836
2257,0.166801
2258,0.166801
2259,0.166801
2260,0.166801
2261,0.168067
2262,0.168067
2263,0.168067
2264,0.168067
2265,0.169634
2266,0.169634
2267,0.169634
2268,0.169634
2269,0.183758
2270,0.183758
2271,0.183758
2272,0.183758
2273,0.210425
2274,0.210425
2275,0.210425
2276,0.210425
2277,0.247774
2278,0.247774
2279,0.247774
2280,0.247774
2281,0.280453
2282,0.280453
2283,0.280453
2284,0.280453
2285,0.296249
2286,0.296249
2287,0.296249
2288,0.296249
2289,0.303291
2290,0.303291
2291,0.303291
2292,0.303291
2293,0.300963
2294,0.300963
2295,0.300963
2296,0.300963
2297,0.279528
2298,0.279528
2299,0.279528
2300,0.279528
2301,0.274202
2302,0.274202
2303,0.274202
2304,0.274202
2305,0.288078
2306,0.288078
2307,0.288078
2308,0.288078
2309,0.288553
2310,0.288553
2311,0.288553
2312,0.288553
2313,0.276083
2314,0.276083
2315,0.276083
2316,0.276083
2317,0.270801
2318,0.270801
2319,0.270801
2320,0.270801
2321,0.268508
2322,0.268508
2323,0.268508
2324,0.268508
2325,0.252614
2326,0.252614
2327,0.252614
2328,0.252614
2329,0.238044
2330,0.238044
2331,0.238044
2332,0.238044
2333,0.21635
2334,0.21635
2335,0.21635
2336,0.21635
2337,0.191137
2338,0.191137
2339,0.191137
2340,0.191137
2341,0.183534
2342,0.183534
2343,0.183534
2344,0.183534
2345,0.179208
2346,0.179208
2347,0.179208
2348,0.179208
2349,0.175375
2350,0.175375
2351,0.175375
2352,0.175375
2353,0.188429
2354,0.188429
2355,0.188429
2356,0.188429
2357,0.204429
2358,0.204429
2359,0.204429
2360,0.204429
2361,0.197171
2362,0.197171
2363,0.197171
2364,0.197171
2365,0.184545
2366,0.184545
2367,0.184545
2368,0.184545
2369,0.176896
2370,0.176896
2371,0.176896
2372,0.176896
2373,0.16724
2374,0.16724
2375,0.16724
2376,0.16724
2377,0.166445
2378,0.166445
2379,0.166445
2380,0.166445
2381,0.162107
2382,0.162107
2383,0.162107
2384,0.162107
2385,0.174713
2386,0.174713
2387,0.174713
2388,0.174713
2389,0.224234
2390,0.224234
2391,0.224234
2392,0.224234
2393,0.298087
2394,0.298087
2395,0.298087
2396,0.298087
2397,0.395252
2398,0.395252
2399,0.395252
2400,0.395252
2401,0.436783
2402,0.436783
2403,0.436783
2404,0.436783
2405,0.436767
2406,0.436767
2407,0.436767
2408,0.436767
2409,0.431242
2410,0.431242
2411,0.431242
2412,0.431242
2413,0.360293
2414,0.360293
2415,0.360293
2416,0.360293
2417,0.297824
2418,0.297824
2419,0.297824
2420,0.297824
2421,0.247966
2422,0.247966
2423,0.247966
2424,0.247966
2425,0.20294
2426,0.20294
2427,0.20294
2428,0.20294
2429,0.178287
2430,0.178287
2431,0.178287
2432,0.178287
2433,0.16012
2434,0.16012
2435,0.16012
2436,0.16012
2437,0.191148
2438,0.191148
2439,0.191148
2440,0.191148
2441,0.225598
2442,0.225598
2443,0.225598
2444,0.225598
2445,0.242891
2446,0.242891
2447,0.242891
2448,0.242891
2449,0.226527
2450,0.226527
2451,0.226527
2452,0.226527
2453,0.20109
2454,0.20109
2455,0.20109
2456,0.20109
2457,0.187578
2458,0.187578
2459,0.187578
2460,0.187578
2461,0.194656
2462,0.194656
2463,0.194656
2464,0.194656
2465,0.190874
2466,0.190874
2467,0.190874
2468,0.190874
2469,0.185823
2470,0.185823
2471,0.185823
2472,0.185823
2473,0.173428
2474,0.173428
2475,0.173428
2476,0.173428
2477,0.165853
2478,0.165853
2479,0.165853
2480,0.165853
2481,0.176641
2482,0.176641
2483,0.176641
2484,0.176641
2485,0.193331
2486,0.193331
2487,0.193331
2488,0.193331
2489,0.185521
2490,0.185521
2491,0.185521
2492,0.185521
2493,0.179157
2494,0.179157
2495,0.179157
2496,0.179157
2497,0.174043
2498,0.174043
2499,0.174043
2500,0.174043
2501,0.168772
2502,0.168772
2503,0.168772
2504,0.168772
2505,0.169274
2506,0.169274
2507,0.169274
2508,0.169274
2509,0.173675
2510,0.173675
2511,0.173675
2512,0.173675
2513,0.196819
2514,0.196819
2515,0.196819
2516,0.196819
2517,0.243832
2518,0.243832
2519,0.243832
2520,0.243832
2521,0.285461
2522,0.285461
2523,0.285461
2524,0.285461
2525,0.330561
2526,0.330561
2527,0.330561
2528,0.330561
2529,0.356841
2530,0.356841
2531,0.356841
2532,0.356841
2533,0.353898
2534,0.353898
2535,0.353898
2536,0.353898
2537,0.329813
2538,0.329813
2539,0.329813
2540,0.329813
2541,0.300446
2542,0.300446
2543,0.300446
2544,0.300446
2545,0.275284
2546,0.275284
2547,0.275284
2548,0.275284
2549,0.236418
2550,0.236418
2551,0.236418
2552,0.236418
2553,0.235653
2554,0.235653
2555,0.235653
2556,0.235653
2557,0.230692
2558,0.230692
2559,0.230692
2560,0.230692
2561,0.194605
2562,0.194605
2563,0.194605
2564,0.194605
2565,0.171139
2566,0.171139
2567,0.171139
2568,0.171139
2569,0.153717
2570,0.153717
2571,0.153717
2572,0.153717
2573,0.145809
2574,0.145809
2575,0.145809
2576,0.145809
2577,0.144555
2578,0.144555
2579,0.144555
2580,0.144555
2581,0.144613
2582,0.144613
2583,0.144613
2584,0.144613
2585,0.144586
2586,0.144586
2587,0.144586
2588,0.144586
2589,0.143975
2590,0.143975
2591,0.143975
2592,0.143975
2593,0.144284
2594,0.144284
2595,0.144284
2596,0.144284
2597,0.144386
2598,0.144386
2599,0.144386
2600,0.144386
2601,0.144135
2602,0.144135
2603,0.144135
2604,0.144135
2605,0.144527
2606,0.144527
2607,0.144527
2608,0.144527
2609,0.144539
2610,0.144539
2611,0.144539
2612,0.144539
2613,0.143355
2614,0.143355
2615,0.143355
2616,0.143355
2617,0.143206
2618,0.143206
2619,0.143206
2620,0.143206
2621,0.143242
2622,0.143242
2623,0.143242
2624,0.143242
2625,0.145099
2626,0.145099
2627,0.145099
2628,0.145099
2629,0.177872
2630,0.177872
2631,0.177872
2632,0.177872
2633,0.206929
2634,0.206929
2635,0.206929
2636,0.206929
2637,0.22039
2638,0.22039
2639,0.22039
2640,0.22039
2641,0.240764
2642,0.240764
2643,0.240764
2644,0.240764
2645,0.283729
2646,0.283729
2647,0.283729
2648,0.283729
2649,0.360124
2650,0.360124
2651,0.360124
2652,0.360124
2653,0.437939
2654,0.437939
2655,0.437939
2656,0.437939
2657,0.486527
2658,0.486527
2659,0.486527
2660,0.486527
2661,0.518065
2662,0.518065
2663,0.518065
2664,0.518065
2665,0.517117
2666,0.517117
2667,0.517117
2668,0.517117
2669,0.500145
2670,0.500145
2671,0.500145
2672,0.500145
2673,0.483322
2674,0.483322
2675,0.483322
2676,0.483322
2677,0.449064
2678,0.449064
2679,0.449064
2680,0.449064
2681,0.417083
2682,0.417083
2683,0.417083
2684,0.417083
2685,0.389264
2686,0.389264
2687,0.389264
2688,0.389264
2689,0.365842
2690,0.365842
2691,0.365842
2692,0.365842
2693,0.380514
2694,0.380514
2695,0.380514
2696,0.380514
2697,0.378213
2698,0.378213
2699,0.378213
2700,0.378213
2701,0.345433
2702,0.345433
2703,0.345433
2704,0.345433
2705,0.315192
2706,0.315192
2707,0.315192
2708,0.315192
2709,0.284183
2710,0.284183
2711,0.284183
2712,0.284183
2713,0.274817
2714,0.274817
2715,0.274817
2716,0.274817
2717,0.275045
2718,0.275045
2719,0.275045
2720,0.275045
2721,0.265565
2722,0.265565
2723,0.265565
2724,0.265565
2725,0.249099
2726,0.249099
2727,0.249099
2728,0.249099
2729,0.245732
2730,0.245732
2731,0.245732
2732,0.245732
2733,0.25986
2734,0.25986
2735,0.25986
2736,0.25986
2737,0.253166
2738,0.253166
2739,0.253166
2740,0.253166
2741,0.267509
2742,0.267509
2743,0.267509
2744,0.267509
2745,0.276886
2746,0.276886
2747,0.276886
2748,0.276886
2749,0.278493
2750,0.278493
2751,0.278493
2752,0.278493
2753,0.280511
2754,0.280511
2755,0.280511
2756,0.280511
2757,0.27814
2758,0.27814
2759,0.27814
2760,0.27814
2761,0.271302
2762,0.271302
2763,0.271302
2764,0.271302
2765,0.270315
2766,0.270315
2767,0.270315
2768,0.270315
2769,0.26812
2770,0.26812
2771,0.26812
2772,0.26812
2773,0.267822
2774,0.267822
2775,0.267822
2776,0.267822
2777,0.263872
2778,0.263872
2779,0.263872
2780,0.263872
2781,0.260867
2782,0.260867
2783,0.260867
2784,0.260867
2785,0.257497
2786,0.257497
2787,0.257497
2788,0.257497
2789,0.250329
2790,0.250329
2791,0.250329
2792,0.250329
2793,0.247327
2794,0.247327
2795,0.247327
2796,0.247327
2797,0.2448
2798,0.2448
2799,0.2448
2800,0.2448
2801,0.242374
2802,0.242374
2803,0.242374
2804,0.242374
2805,0.239655
2806,0.239655
2807,0.239655
2808,0.239655
2809,0.241104
2810,0.241104
2811,0.241104
2812,0.241104
2813,0.23987
2814,0.23987
2815,0.23987
2816,0.23987
2817,0.240701
2818,0.240701
2819,0.240701
2820,0.240701
2821,0.240572
2822,0.240572
2823,0.240572
2824,0.240572
2825,0.240564
2826,0.240564
2827,0.240564
2828,0.240564
2829,0.239239
2830,0.239239
2831,0.239239
2832,0.239239
2833,0.237766
2834,0.237766
2835,0.237766
2836,0.237766
2837,0.237354
2838,0.237354
2839,0.237354
2840,0.237354
2841,0.238095
2842,0.238095
2843,0.238095
2844,0.238095
2845,0.238557
2846,0.238557
2847,0.238557
2848,0.238557
2849,0.238542
2850,0.238542
2851,0.238542
2852,0.238542
2853,0.239404
2854,0.239404
2855,0.239404
2856,0.239404
2857,0.238687
2858,0.238687
2859,0.238687
2860,0.238687
2861,0.237268
2862,0.237268
2863,0.237268
2864,0.237268
2865,0.238992
2866,0.238992
2867,0.238992
2868,0.238992
2869,0.24018
2870,0.24018
2871,0.24018
2872,0.24018
2873,0.240207
2874,0.240207
2875,0.240207
2876,0.240207
2877,0.238953
2878,0.238953
2879,0.238953
2880,0.238953
2881,0.246117
2882,0.246117
2883,0.246117
2884,0.246117
2885,0.259472
2886,0.259472
2887,0.259472
2888,0.259472
2889,0.266733
2890,0.266733
2891,0.266733
2892,0.266733
2893,0.266913
2894,0.266913
2895,0.266913
2896,0.266913
2897,0.262634
2898,0.262634
2899,0.262634
2900,0.262634
2901,0.257305
2902,0.257305
2903,0.257305
2904,0.257305
2905,0.254001
2906,0.254001
2907,0.254001
2908,0.254001
2909,0.25453
2910,0.25453
2911,0.25453
2912,0.25453
2913,0.252461
2914,0.252461
2915,0.252461
2916,0.252461
2917,0.252532
2918,0.252532
2919,0.252532
2920,0.252532
2921,0.251532
2922,0.251532
2923,0.251532
2924,0.251532
2925,0.252606
2926,0.252606
2927,0.252606
2928,0.252606
2929,0.252778
2930,0.252778
2931,0.252778
2932,0.252778
2933,0.257536
2934,0.257536
2935,0.257536
2936,0.257536
2937,0.252861
2938,0.252861
2939,0.252861
2940,0.252861
2941,0.253566
2942,0.253566
2943,0.253566
2944,0.253566
2945,0.25504
2946,0.25504
2947,0.25504
2948,0.25504
2949,0.264409
2950,0.264409
2951,0.264409
2952,0.264409
2953,0.280711
2954,0.280711
2955,0.280711
2956,0.280711
2957,0.299886
2958,0.299886
2959,0.299886
2960,0.299886
2961,0.41166
2962,0.41166
2963,0.41166
2964,0.41166
2965,0.472345
2966,0.472345
2967,0.472345
2968,0.472345
2969,0.55815
2970,0.55815
2971,0.55815
2972,0.55815
2973,0.619079
2974,0.619079
2975,0.619079
2976,0.619079
2977,0.681532
2978,0.681532
2979,0.681532
2980,0.681532
2981,0.697552
2982,0.697552
2983,0.697552
2984,0.697552
2985,0.757775
2986,0.757775
2987,0.757775
2988,0.757775
2989,0.810129
2990,0.810129
2991,0.810129
2992,0.810129
2993,0.843262
2994,0.843262
2995,0.843262
2996,0.843262
2997,0.848419
2998,0.848419
2999,0.848419
3000,0.848419
3001,0.863855
3002,0.863855
3003,0.863855
3004,0.863855
3005,0.871391
3006,0.871391
3007,0.871391
3008,0.871391
3009,0.87344
3010,0.87344
3011,0.87344
3012,0.87344
3013,0.874753
3014,0.874753
3015,0.874753
3016,0.874753
3017,0.874444
3018,0.874444
3019,0.874444
3020,0.874444
3021,0.874753
3022,0.874753
3023,0.874753
3024,0.874753
3025,0.875803
3026,0.875803
3027,0.875803
3028,0.875803
3029,0.879714
3030,0.879714
3031,0.879714
3032,0.879714
3033,0.882293
3034,0.882293
3035,0.882293
3036,0.882293
3037,0.890793
3038,0.890793
3039,0.890793
3040,0.890793
3041,0.890879
3042,0.890879
3043,0.890879
3044,0.890879
3045,0.890303
3046,0.890303
3047,0.890303
3048,0.890303
3049,0.890389
3050,0.890389
3051,0.890389
3052,0.890389
3053,0.888218
3054,0.888218
3055,0.888218
3056,0.888218
3057,0.889033
3058,0.889033
3059,0.889033
3060,0.889033
3061,0.889315
3062,0.889315
3063,0.889315
3064,0.889315
3065,0.888575
3066,0.888575
3067,0.888575
3068,0.888575
3069,0.879746
3070,0.879746
3071,0.879746
3072,0.879746
3073,0.877641
3074,0.877641
3075,0.877641
3076,0.877641
3077,0.875235
3078,0.875235
3079,0.875235
3080,0.875235
3081,0.873621
3082,0.873621
3083,0.873621
3084,0.873621
3085,0.873507
3086,0.873507
3087,0.873507
3088,0.873507
3089,0.874824
3090,0.874824
3091,0.874824
3092,0.874824
3093,0.875956
3094,0.875956
3095,0.875956
3096,0.875956
3097,0.874608
3098,0.874608
3099,0.874608
3100,0.874608
3101,0.873703
3102,0.873703
3103,0.873703
3104,0.873703
3105,0.873801
3106,0.873801
3107,0.873801
3108,0.873801
3109,0.872343
3110,0.872343
3111,0.872343
3112,0.872343
3113,0.871336
3114,0.871336
3115,0.871336
3116,0.871336
3117,0.870501
3118,0.870501
3119,0.870501
3120,0.870501
3121,0.869749
3122,0.869749
3123,0.869749
3124,0.869749
3125,0.86842
3126,0.86842
3127,0.86842
3128,0.86842
3129,0.870783
3130,0.870783
3131,0.870783
3132,0.870783
3133,0.871281
3134,0.871281
3135,0.871281
3136,0.871281
3137,0.869126
3138,0.869126
3139,0.869126
3140,0.869126
3141,0.866524
3142,0.866524
3143,0.866524
3144,0.866524
3145,0.864882
3146,0.864882
3147,0.864882
3148,0.864882
3149,0.86333
3150,0.86333
3151,0.86333
3152,0.86333
3153,0.860614
3154,0.860614
3155,0.860614
3156,0.860614
3157,0.859164
3158,0.859164
3159,0.859164
3160,0.859164
3161,0.858639
3162,0.858639
3163,0.858639
3164,0.858639
3165,0.858957
3166,0.858957
3167,0.858957
3168,0.858957
3169,0.859031
3170,0.859031
3171,0.859031
3172,0.859031
3173,0.858682
3174,0.858682
3175,0.858682
3176,0.858682
3177,0.858063
3178,0.858063
3179,0.858063
3180,0.858063
3181,0.858181
3182,0.858181
3183,0.858181
3184,0.858181
3185,0.854709
3186,0.854709
3187,0.854709
3188,0.854709
3189,0.855743
3190,0.855743
3191,0.855743
3192,0.855743
3193,0.852365
3194,0.852365
3195,0.852365
3196,0.852365
3197,0.851629
3198,0.851629
3199,0.851629
3200,0.851629
3201,0.850061
3202,0.850061
3203,0.850061
3204,0.850061
3205,0.850167
3206,0.850167
3207,0.850167
3208,0.850167
3209,0.848599
3210,0.848599
3211,0.848599
3212,0.848599
3213,0.849998
3214,0.849998
3215,0.849998
3216,0.849998
3217,0.848858
3218,0.848858
3219,0.848858
3220,0.848858
3221,0.848208
3222,0.848208
3223,0.848208
3224,0.848208
3225,0.848325
3226,0.848325
3227,0.848325
3228,0.848325
3229,0.847443
3230,0.847443
3231,0.847443
3232,0.847443
3233,0.84682
3234,0.84682
3235,0.84682
3236,0.84682
3237,0.84653
3238,0.84653
3239,0.84653
3240,0.84653
3241,0.846534
3242,0.846534
3243,0.846534
3244,0.846534
3245,0.845539
3246,0.845539
3247,0.845539
3248,0.845539
3249,0.844892
3250,0.844892
3251,0.844892
3252,0.844892
3253,0.845374
3254,0.845374
3255,0.845374
3256,0.845374
3257,0.845558
3258,0.845558
3259,0.845558
3260,0.845558
3261,0.847694
3262,0.847694
3263,0.847694
3264,0.847694
3265,0.847287
3266,0.847287
3267,0.847287
3268,0.847287
3269,0.84657
3270,0.84657
3271,0.84657
3272,0.84657
3273,0.845903
3274,0.845903
3275,0.845903
3276,0.845903
3277,0.846926
3278,0.846926
3279,0.846926
3280,0.846926
3281,0.84713
3282,0.84713
3283,0.84713
3284,0.84713
3285,0.847686
3286,0.847686
3287,0.847686
3288,0.847686
3289,0.851973
3290,0.851973
3291,0.851973
3292,0.851973
3293,0.851472
3294,0.851472
3295,0.851472
3296,0.851472
3297,0.851041
3298,0.851041
3299,0.851041
3300,0.851041
3301,0.850414
3302,0.850414
3303,0.850414
3304,0.850414
3305,0.850312
3306,0.850312
3307,0.850312
3308,0.850312
3309,0.849567
3310,0.849567
3311,0.849567
3312,0.849567
3313,0.849418
3314,0.849418
3315,0.849418
3316,0.849418
3317,0.8499
3318,0.8499
3319,0.8499
3320,0.8499
3321,0.850657
3322,0.850657
3323,0.850657
3324,0.850657
3325,0.850782
3326,0.850782
3327,0.850782
3328,0.850782
3329,0.852005
3330,0.852005
3331,0.852005
3332,0.852005
3333,0.852252
3334,0.852252
3335,0.852252
3336,0.852252
3337,0.853666
3338,0.853666
3339,0.853666
3340,0.853666
3341,0.853349
3342,0.853349
3343,0.853349
3344,0.853349
3345,0.852847
3346,0.852847
3347,0.852847
3348,0.852847
3349,0.851535
3350,0.851535
3351,0.851535
3352,0.851535
3353,0.851319
3354,0.851319
3355,0.851319
3356,0.851319
3357,0.852185
3358,0.852185
3359,0.852185
3360,0.852185
3361,0.854391
3362,0.854391
3363,0.854391
3364,0.854391
3365,0.853949
3366,0.853949
3367,0.853949
3368,0.853949
3369,0.854532
3370,0.854532
3371,0.854532
3372,0.854532
3373,0.854387
3374,0.854387
3375,0.854387
3376,0.854387
3377,0.854094
3378,0.854094
3379,0.854094
3380,0.854094
3381,0.85389
3382,0.85389
3383,0.85389
3384,0.85389
3385,0.85405
3386,0.85405
3387,0.85405
3388,0.85405
3389,0.853482
3390,0.853482
3391,0.853482
3392,0.853482
3393,0.853274
3394,0.853274
3395,0.853274
3396,0.853274
3397,0.851554
3398,0.851554
3399,0.851554
3400,0.851554
3401,0.85157
3402,0.85157
3403,0.85157
3404,0.85157
3405,0.851582
3406,0.851582
3407,0.851582
3408,0.851582
3409,0.851456
3410,0.851456
3411,0.851456
3412,0.851456
3413,0.854262
3414,0.854262
3415,0.854262
3416,0.854262
3417,0.854101
3418,0.854101
3419,0.854101
3420,0.854101
3421,0.853913
3422,0.853913
3423,0.853913
3424,0.853913
3425,0.853854
3426,0.853854
3427,0.853854
3428,0.853854
3429,0.85349
3430,0.85349
3431,0.85349
3432,0.85349
3433,0.854129
3434,0.854129
3435,0.854129
3436,0.854129
3437,0.860387
3438,0.860387
3439,0.860387
3440,0.860387
3441,0.860034
3442,0.860034
3443,0.860034
3444,0.860034
3445,0.860414
3446,0.860414
3447,0.860414
3448,0.860414
3449,0.860477
3450,0.860477
3451,0.860477
3452,0.860477
3453,0.860579
3454,0.860579
3455,0.860579
3456,0.860579
3457,0.860191
3458,0.860191
3459,0.860191
3460,0.860191
3461,0.862213
3462,0.862213
3463,0.862213
3464,0.862213
3465,0.861911
3466,0.861911
3467,0.861911
3468,0.861911
3469,0.861304
3470,0.861304
3471,0.861304
3472,0.861304
3473,0.860928
3474,0.860928
3475,0.860928
3476,0.860928
3477,0.860877
3478,0.860877
3479,0.860877
3480,0.860877
3481,0.860748
3482,0.860748
3483,0.860748
3484,0.860748
3485,0.860242
3486,0.860242
3487,0.860242
3488,0.860242
3489,0.860865
3490,0.860865
3491,0.860865
3492,0.860865
3493,0.860559
3494,0.860559
3495,0.860559
3496,0.860559
3497,0.860164
3498,0.860164
3499,0.860164
3500,0.860164
3501,0.86023
3502,0.86023
3503,0.86023
3504,0.86023
3505,0.85958
3506,0.85958
3507,0.85958
3508,0.85958
3509,0.859639
3510,0.859639
3511,0.859639
3512,0.859639
3513,0.86061
3514,0.86061
3515,0.86061
3516,0.86061
3517,0.859913
3518,0.859913
3519,0.859913
3520,0.859913
3521,0.85996
3522,0.85996
3523,0.85996
3524,0.85996
3525,0.859588
3526,0.859588
3527,0.859588
3528,0.859588
3529,0.859533
3530,0.859533
3531,0.859533
3532,0.859533
3533,0.859341
3534,0.859341
3535,0.859341
3536,0.859341
3537,0.859137
3538,0.859137
3539,0.859137
3540,0.859137
3541,0.858976
3542,0.858976
3543,0.858976
3544,0.858976
3545,0.858588
3546,0.858588
3547,0.858588
3548,0.858588
3549,0.858565
3550,0.858565
3551,0.858565
3552,0.858565
3553,0.858091
3554,0.858091
3555,0.858091
3556,0.858091
3557,0.857965
3558,0.857965
3559,0.857965
3560,0.857965
3561,0.858561
3562,0.858561
3563,0.858561
3564,0.858561
3565,0.858263
3566,0.858263
3567,0.858263
3568,0.858263
3569,0.858639
3570,0.858639
3571,0.858639
3572,0.858639
3573,0.85974
3574,0.85974
3575,0.85974
3576,0.85974
3577,0.859266
3578,0.859266
3579,0.859266
3580,0.859266
3581,0.859258
3582,0.859258
3583,0.859258
3584,0.859258
3585,0.859411
3586,0.859411
3587,0.859411
3588,0.859411
3589,0.858933
3590,0.858933
3591,0.858933
3592,0.858933
3593,0.858761
3594,0.858761
3595,0.858761
3596,0.858761
3597,0.858929
3598,0.858929
3599,0.858929
3600,0.858929
3601,0.859168
3602,0.859168
3603,0.859168
3604,0.859168
3605,0.858925
3606,0.858925
3607,0.858925
3608,0.858925
3609,0.859219
3610,0.859219
3611,0.859219
3612,0.859219
3613,0.860175
3614,0.860175
3615,0.860175
3616,0.860175
3617,0.862068
3618,0.862068
3619,0.862068
3620,0.862068
3621,0.863906
3622,0.863906
3623,0.863906
3624,0.863906
3625,0.863702
3626,0.863702
3627,0.863702
3628,0.863702
3629,0.864067
3630,0.864067
3631,0.864067
3632,0.864067
3633,0.863381
3634,0.863381
3635,0.863381
3636,0.863381
3637,0.861962
3638,0.861962
3639,0.861962
3640,0.861962
3641,0.860798
3642,0.860798
3643,0.860798
3644,0.860798
3645,0.859854
3646,0.859854
3647,0.859854
3648,0.859854
3649,0.858988
3650,0.858988
3651,0.858988
3652,0.858988
3653,0.858827
3654,0.858827
3655,0.858827
3656,0.858827
3657,0.859125
3658,0.859125
3659,0.859125
3660,0.859125
3661,0.85891
3662,0.85891
3663,0.85891
3664,0.85891
3665,0.858929
3666,0.858929
3667,0.858929
3668,0.858929
3669,0.858972
3670,0.858972
3671,0.858972
3672,0.858972
3673,0.858953
3674,0.858953
3675,0.858953
3676,0.858953
3677,0.860144
3678,0.860144
3679,0.860144
3680,0.860144
3681,0.861335
3682,0.861335
3683,0.861335
3684,0.861335
3685,0.860994
3686,0.860994
3687,0.860994
3688,0.860994
3689,0.861002
3690,0.861002
3691,0.861002
3692,0.861002
3693,0.860567
3694,0.860567
3695,0.860567
3696,0.860567
3697,0.861343
3698,0.861343
3699,0.861343
3700,0.861343
3701,0.860595
3702,0.860595
3703,0.860595
3704,0.860595
3705,0.861755
3706,0.861755
3707,0.861755
3708,0.861755
3709,0.861233
3710,0.861233
3711,0.861233
3712,0.861233
3713,0.859995
3714,0.859995
3715,0.859995
3716,0.859995
3717,0.858953
3718,0.858953
3719,0.858953
3720,0.858953
3721,0.857687
3722,0.857687
3723,0.857687
3724,0.857687
3725,0.857013
3726,0.857013
3727,0.857013
3728,0.857013
3729,0.856692
3730,0.856692
3731,0.856692
3732,0.856692
3733,0.856656
3734,0.856656
3735,0.856656
3736,0.856656
3737,0.85599
3738,0.85599
3739,0.85599
3740,0.85599
3741,0.855779
3742,0.855779
3743,0.855779
3744,0.855779
3745,0.855014
3746,0.855014
3747,0.855014
3748,0.855014
3749,0.854615
3750,0.854615
3751,0.854615
3752,0.854615
3753,0.854395
3754,0.854395
3755,0.854395
3756,0.854395
3757,0.853298
3758,0.853298
3759,0.853298
3760,0.853298
3761,0.852581
3762,0.852581
3763,0.852581
3764,0.852581
3765,0.850719
3766,0.850719
3767,0.850719
3768,0.850719
3769,0.849716
3770,0.849716
3771,0.849716
3772,0.849716
3773,0.852742
3774,0.852742
3775,0.852742
3776,0.852742
3777,0.853098
3778,0.853098
3779,0.853098
3780,0.853098
3781,0.853094
3782,0.853094
3783,0.853094
3784,0.853094
3785,0.852695
3786,0.852695
3787,0.852695
3788,0.852695
3789,0.851848
3790,0.851848
3791,0.851848
3792,0.851848
3793,0.851864
3794,0.851864
3795,0.851864
3796,0.851864
3797,0.853486
3798,0.853486
3799,0.853486
3800,0.853486
3801,0.852115
3802,0.852115
3803,0.852115
3804,0.852115
3805,0.851198
3806,0.851198
3807,0.851198
3808,0.851198
3809,0.850696
3810,0.850696
3811,0.850696
3812,0.850696
3813,0.850986
3814,0.850986
3815,0.850986
3816,0.850986
3817,0.851613
3818,0.851613
3819,0.851613
3820,0.851613
3821,0.859991
3822,0.859991
3823,0.859991
3824,0.859991
3825,0.859435
3826,0.859435
3827,0.859435
3828,0.859435
3829,0.859599
3830,0.859599
3831,0.859599
3832,0.859599
3833,0.860603
3834,0.860603
3835,0.860603
3836,0.860603
3837,0.860559
3838,0.860559
3839,0.860559
3840,0.860559
3841,0.860712
3842,0.860712
3843,0.860712
3844,0.860712
3845,0.859474
3846,0.859474
3847,0.859474
3848,0.859474
3849,0.859556
3850,0.859556
3851,0.859556
3852,0.859556
3853,0.859544
3854,0.859544
3855,0.859544
3856,0.859544
3857,0.859254
3858,0.859254
3859,0.859254
3860,0.859254
3861,0.858847
3862,0.858847
3863,0.858847
3864,0.858847
3865,0.858898
3866,0.858898
3867,0.858898
3868,0.858898
3869,0.858663
3870,0.858663
3871,0.858663
3872,0.858663
3873,0.860779
3874,0.860779
3875,0.860779
3876,0.860779
3877,0.861441
3878,0.861441
3879,0.861441
3880,0.861441
3881,0.861817
3882,0.861817
3883,0.861817
3884,0.861817
3885,0.860928
3886,0.860928
3887,0.860928
3888,0.860928
3889,0.860497
3890,0.860497
3891,0.860497
3892,0.860497
3893,0.860168
3894,0.860168
3895,0.860168
3896,0.860168
3897,0.859815
3898,0.859815
3899,0.859815
3900,0.859815
3901,0.856907
3902,0.856907
3903,0.856907
3904,0.856907
3905,0.859834
3906,0.859834
3907,0.859834
3908,0.859834
3909,0.859756
3910,0.859756
3911,0.859756
3912,0.859756
3913,0.859807
3914,0.859807
3915,0.859807
3916,0.859807
3917,0.85938
3918,0.85938
3919,0.85938
3920,0.85938
3921,0.859717
3922,0.859717
3923,0.859717
3924,0.859717
3925,0.860179
3926,0.860179
3927,0.860179
3928,0.860179
3929,0.860109
3930,0.860109
3931,0.860109
3932,0.860109
3933,0.860038
3934,0.860038
3935,0.860038
3936,0.860038
3937,0.860136
3938,0.860136
3939,0.860136
3940,0.860136
3941,0.860254
3942,0.860254
3943,0.860254
3944,0.860254
3945,0.860814
3946,0.860814
3947,0.860814
3948,0.860814
3949,0.861324
3950,0.861324
3951,0.861324
3952,0.861324
3953,0.860642
3954,0.860642
3955,0.860642
3956,0.860642
3957,0.860904
3958,0.860904
3959,0.860904
3960,0.860904
3961,0.860505
3962,0.860505
3963,0.860505
3964,0.860505
3965,0.85862
3966,0.85862
3967,0.85862
3968,0.85862
3969,0.860003
3970,0.860003
3971,0.860003
3972,0.860003
3973,0.861668
3974,0.861668
3975,0.861668
3976,0.861668
3977,0.86157
3978,0.86157
3979,0.86157
3980,0.86157
3981,0.861418
3982,0.861418
3983,0.861418
3984,0.861418
3985,0.856656
3986,0.856656
3987,0.856656
3988,0.856656
3989,0.858565
3990,0.858565
3991,0.858565
3992,0.858565
3993,0.861049
3994,0.861049
3995,0.861049
3996,0.861049
3997,0.861465
3998,0.861465
3999,0.861465
4000,0.861465
4001,0.861167
4002,0.861167
4003,0.861167
4004,0.861167
4005,0.860677
4006,0.860677
4007,0.860677
4008,0.860677
4009,0.860744
4010,0.860744
4011,0.860744
4012,0.860744
4013,0.860975
4014,0.860975
4015,0.860975
4016,0.860975
4017,0.86072
4018,0.86072
4019,0.86072
4020,0.86072
4021,0.861347
4022,0.861347
4023,0.861347
4024,0.861347
4025,0.859713
4026,0.859713
4027,0.859713
4028,0.859713
4029,0.858287
4030,0.858287
4031,0.858287
4032,0.858287
4033,0.857957
4034,0.857957
4035,0.857957
4036,0.857957
4037,0.859215
4038,0.859215
4039,0.859215
4040,0.859215
4041,0.860254
4042,0.860254
4043,0.860254
4044,0.860254
4045,0.860579
4046,0.860579
4047,0.860579
4048,0.860579
4049,0.860465
4050,0.860465
4051,0.860465
4052,0.860465
4053,0.860622
4054,0.860622
4055,0.860622
4056,0.860622
4057,0.860399
4058,0.860399
4059,0.860399
4060,0.860399
4061,0.860136
4062,0.860136
4063,0.860136
4064,0.860136
4065,0.860548
4066,0.860548
4067,0.860548
4068,0.860548
4069,0.860818
4070,0.860818
4071,0.860818
4072,0.860818
4073,0.860383
4074,0.860383
4075,0.860383
4076,0.860383
4077,0.860552
4078,0.860552
4079,0.860552
4080,0.860552
4081,0.860109
4082,0.860109
4083,0.860109
4084,0.860109
4085,0.86025
4086,0.86025
4087,0.86025
4088,0.86025
4089,0.860175
4090,0.860175
4091,0.860175
4092,0.860175
4093,0.859881
4094,0.859881
4095,0.859881
4096,0.859881
4097,0.862123
4098,0.862123
4099,0.862123
4100,0.862123
4101,0.86161
4102,0.86161
4103,0.86161
4104,0.86161
4105,0.860834
4106,0.860834
4107,0.860834
4108,0.860834
4109,0.859983
4110,0.859983
4111,0.859983
4112,0.859983
4113,0.859729
4114,0.859729
4115,0.859729
4116,0.859729
4117,0.858804
4118,0.858804
4119,0.858804
4120,0.858804
4121,0.859658
4122,0.859658
4123,0.859658
4124,0.859658
4125,0.859811
4126,0.859811
4127,0.859811
4128,0.859811
4129,0.859447
4130,0.859447
4131,0.859447
4132,0.859447
4133,0.858432
4134,0.858432
4135,0.858432
4136,0.858432
4137,0.857824
4138,0.857824
4139,0.857824
4140,0.857824
4141,0.85802
4142,0.85802
4143,0.85802
4144,0.85802
4145,0.858753
4146,0.858753
4147,0.858753
4148,0.858753
4149,0.858196
4150,0.858196
4151,0.858196
4152,0.858196
4153,0.85842
4154,0.85842
4155,0.85842
4156,0.85842
4157,0.857127
4158,0.857127
4159,0.857127
4160,0.857127
4161,0.855395
4162,0.855395
4163,0.855395
4164,0.855395
4165,0.853251
4166,0.853251
4167,0.853251
4168,0.853251
4169,0.852604
4170,0.852604
4171,0.852604
4172,0.852604
4173,0.850653
4174,0.850653
4175,0.850653
4176,0.850653
4177,0.849336
4178,0.849336
4179,0.849336
4180,0.849336
4181,0.849125
4182,0.849125
4183,0.849125
4184,0.849125
4185,0.855822
4186,0.855822
4187,0.855822
4188,0.855822
4189,0.858557
4190,0.858557
4191,0.858557
4192,0.858557
4193,0.865015
4194,0.865015
4195,0.865015
4196,0.865015
4197,0.869506
4198,0.869506
4199,0.869506
4200,0.869506
4201,0.872641
4202,0.872641
4203,0.872641
4204,0.872641
4205,0.866873
4206,0.866873
4207,0.866873
4208,0.866873
4209,0.863338
4210,0.863338
4211,0.863338
4212,0.863338
4213,0.861931
4214,0.861931
4215,0.861931
4216,0.861931
4217,0.862973
4218,0.862973
4219,0.862973
4220,0.862973
4221,0.866692
4222,0.866692
4223,0.866692
4224,0.866692
4225,0.876744
4226,0.876744
4227,0.876744
4228,0.876744
4229,0.881568
4230,0.881568
4231,0.881568
4232,0.881568
4233,0.892654
4234,0.892654
4235,0.892654
4236,0.892654
4237,0.897243
4238,0.897243
4239,0.897243
4240,0.897243
4241,0.898795
4242,0.898795
4243,0.898795
4244,0.898795
4245,0.906558
4246,0.906558
4247,0.906558
4248,0.906558
4249,0.896341
4250,0.896341
4251,0.896341
4252,0.896341
4253,0.88794
4254,0.88794
4255,0.88794
4256,0.88794
4257,0.879812
4258,0.879812
4259,0.879812
4260,0.879812
4261,0.874663
4262,0.874663
4263,0.874663
4264,0.874663
4265,0.87431
4266,0.87431
4267,0.87431
4268,0.87431
4269,0.878488
4270,0.878488
4271,0.878488
4272,0.878488
4273,0.882743
4274,0.882743
4275,0.882743
4276,0.882743
4277,0.889272
4278,0.889272
4279,0.889272
4280,0.889272
4281,0.89131
4282,0.89131
4283,0.89131
4284,0.89131
4285,0.903462
4286,0.903462
4287,0.903462
4288,0.903462
4289,0.910904
4290,0.910904
4291,0.910904
4292,0.910904
4293,0.913549
4294,0.913549
4295,0.913549
4296,0.913549
4297,0.903752
4298,0.903752
4299,0.903752
4300,0.903752
4301,0.894543
4302,0.894543
4303,0.894543
4304,0.894543
4305,0.891952
4306,0.891952
4307,0.891952
4308,0.891952
4309,0.885353
4310,0.885353
4311,0.885353
4312,0.885353
4313,0.891169
4314,0.891169
4315,0.891169
4316,0.891169
4317,0.887352
4318,0.887352
4319,0.887352
4320,0.887352
4321,0.872273
4322,0.872273
4323,0.872273
4324,0.872273
4325,0.861739
4326,0.861739
4327,0.861739
4328,0.861739
4329,0.863299
4330,0.863299
4331,0.863299
4332,0.863299
4333,0.868056
4334,0.868056
4335,0.868056
4336,0.868056
4337,0.858792
4338,0.858792
4339,0.858792
4340,0.858792
4341,0.847961
4342,0.847961
4343,0.847961
4344,0.847961
4345,0.836831
4346,0.836831
4347,0.836831
4348,0.836831
4349,0.824527
4350,0.824527
4351,0.824527
4352,0.824527
4353,0.823304
4354,0.823304
4355,0.823304
4356,0.823304
4357,0.820537
4358,0.820537
4359,0.820537
4360,0.820537
4361,0.824762
4362,0.824762
4363,0.824762
4364,0.824762
4365,0.832607
4366,0.832607
4367,0.832607
4368,0.832607
4369,0.843403
4370,0.843403
4371,0.843403
4372,0.843403
4373,0.85262
4374,0.85262
4375,0.85262
4376,0.85262
4377,0.860352
4378,0.860352
4379,0.860352
4380,0.860352
4381,0.858134
4382,0.858134
4383,0.858134
4384,0.858134
4385,0.861053
4386,0.861053
4387,0.861053
4388,0.861053
4389,0.864847
4390,0.864847
4391,0.864847
4392,0.864847
4393,0.865803
4394,0.865803
4395,0.865803
4396,0.865803
4397,0.854497
4398,0.854497
4399,0.854497
4400,0.854497
4401,0.853161
4402,0.853161
4403,0.853161
4404,0.853161
4405,0.842079
4406,0.842079
4407,0.842079
4408,0.842079
4409,0.799647
4410,0.799647
4411,0.799647
4412,0.799647
4413,0.770064
4414,0.770064
4415,0.770064
4416,0.770064
4417,0.79505
4418,0.79505
4419,0.79505
4420,0.79505
4421,0.837282
4422,0.837282
4423,0.837282
4424,0.837282
4425,0.847941
4426,0.847941
4427,0.847941
4428,0.847941
4429,0.837662
4430,0.837662
4431,0.837662
4432,0.837662
4433,0.826631
4434,0.826631
4435,0.826631
4436,0.826631
4437,0.821552
4438,0.821552
4439,0.821552
4440,0.821552
4441,0.806136
4442,0.806136
4443,0.806136
4444,0.806136
4445,0.798878
4446,0.798878
4447,0.798878
4448,0.798878
4449,0.79088
4450,0.79088
4451,0.79088
4452,0.79088
4453,0.777274
4454,0.777274
4455,0.777274
4456,0.777274
4457,0.755067
4458,0.755067
4459,0.755067
4460,0.755067
4461,0.73273
4462,0.73273
4463,0.73273
4464,0.73273
4465,0.730144
4466,0.730144
4467,0.730144
4468,0.730144
4469,0.736324
4470,0.736324
4471,0.736324
4472,0.736324
4473,0.735465
4474,0.735465
4475,0.735465
4476,0.735465
4477,0.744467
4478,0.744467
4479,0.744467
4480,0.744467
4481,0.736484
4482,0.736484
4483,0.736484
4484,0.736484
4485,0.733306
4486,0.733306
4487,0.733306
4488,0.733306
4489,0.733549
4490,0.733549
4491,0.733549
4492,0.733549
4493,0.7529
4494,0.7529
4495,0.7529
4496,0.7529
4497,0.764707
4498,0.764707
4499,0.764707
4500,0.764707
4501,0.78175
4502,0.78175
4503,0.78175
4504,0.78175
4505,0.815764
4506,0.815764
4507,0.815764
4508,0.815764
4509,0.845982
4510,0.845982
4511,0.845982
4512,0.845982
4513,0.874898
4514,0.874898
4515,0.874898
4516,0.874898
4517,0.896388
4518,0.896388
4519,0.896388
4520,0.896388
4521,0.904688
4522,0.904688
4523,0.904688
4524,0.904688
4525,0.898375
4526,0.898375
4527,0.898375
4528,0.898375
4529,0.898124
4530,0.898124
4531,0.898124
4532,0.898124
4533,0.895358
4534,0.895358
4535,0.895358
4536,0.895358
4537,0.896729
4538,0.896729
4539,0.896729
4540,0.896729
4541,0.898755
4542,0.898755
4543,0.898755
4544,0.898755
4545,0.902788
4546,0.902788
4547,0.902788
4548,0.902788
4549,0.886733
4550,0.886733
4551,0.886733
4552,0.886733
4553,0.871826
4554,0.871826
4555,0.871826
4556,0.871826
4557,0.858823
4558,0.858823
4559,0.858823
4560,0.858823
4561,0.843576
4562,0.843576
4563,0.843576
4564,0.843576
4565,0.835095
4566,0.835095
4567,0.835095
4568,0.835095
4569,0.841691
4570,0.841691
4571,0.841691
4572,0.841691
4573,0.85023
4574,0.85023
4575,0.85023
4576,0.85023
4577,0.837976
4578,0.837976
4579,0.837976
4580,0.837976
4581,0.818386
4582,0.818386
4583,0.818386
4584,0.818386
4585,0.809365
4586,0.809365
4587,0.809365
4588,0.809365
4589,0.808068
4590,0.808068
4591,0.808068
4592,0.808068
4593,0.822798
4594,0.822798
4595,0.822798
4596,0.822798
4597,0.842729
4598,0.842729
4599,0.842729
4600,0.842729
4601,0.839308
4602,0.839308
4603,0.839308
4604,0.839308
4605,0.822363
4606,0.822363
4607,0.822363
4608,0.822363
4609,0.80949
4610,0.80949
4611,0.80949
4612,0.80949
4613,0.823876
4614,0.823876
4615,0.823876
4616,0.823876
4617,0.8341
4618,0.8341
4619,0.8341
4620,0.8341
4621,0.83265
4622,0.83265
4623,0.83265
4624,0.83265
4625,0.820945
4626,0.820945
4627,0.820945
4628,0.820945
4629,0.804521
4630,0.804521
4631,0.804521
4632,0.804521
4633,0.785508
4634,0.785508
4635,0.785508
4636,0.785508
4637,0.771051
4638,0.771051
4639,0.771051
4640,0.771051
4641,0.779312
4642,0.779312
4643,0.779312
4644,0.779312
4645,0.791786
4646,0.791786
4647,0.791786
4648,0.791786
4649,0.802119
4650,0.802119
4651,0.802119
4652,0.802119
4653,0.804161
4654,0.804161
4655,0.804161
4656,0.804161
4657,0.818989
4658,0.818989
4659,0.818989
4660,0.818989
4661,0.836589
4662,0.836589
4663,0.836589
4664,0.836589
4665,0.845194
4666,0.845194
4667,0.845194
4668,0.845194
4669,0.84673
4670,0.84673
4671,0.84673
4672,0.84673
4673,0.828653
4674,0.828653
4675,0.828653
4676,0.828653
4677,0.80413
4678,0.80413
4679,0.80413
4680,0.80413
4681,0.763931
4682,0.763931
4683,0.763931
4684,0.763931
4685,0.722322
4686,0.722322
4687,0.722322
4688,0.722322
4689,0.6933
4690,0.6933
4691,0.6933
4692,0.6933
4693,0.683385
4694,0.683385
4695,0.683385
4696,0.683385
4697,0.685976
4698,0.685976
4699,0.685976
4700,0.685976
4701,0.691109
4702,0.691109
4703,0.691109
4704,0.691109
4705,0.712792
4706,0.712792
4707,0.712792
4708,0.712792
4709,0.728854
4710,0.728854
4711,0.728854
4712,0.728854
4713,0.754479
4714,0.754479
4715,0.754479
4716,0.754479
4717,0.780519
4718,0.780519
4719,0.780519
4720,0.780519
4721,0.814499
4722,0.814499
4723,0.814499
4724,0.814499
4725,0.811767
4726,0.811767
4727,0.811767
4728,0.811767
4729,0.827231
4730,0.827231
4731,0.827231
4732,0.827231
4733,0.836918
4734,0.836918
4735,0.836918
4736,0.836918
4737,0.84778
4738,0.84778
4739,0.84778
4740,0.84778
4741,0.859388
4742,0.859388
4743,0.859388
4744,0.859388
4745,0.860975
4746,0.860975
4747,0.860975
4748,0.860975
4749,0.809584
4750,0.809584
4751,0.809584
4752,0.809584
4753,0.691987
4754,0.691987
4755,0.691987
4756,0.691987
4757,0.560756
4758,0.560756
4759,0.560756
4760,0.560756
4761,0.457548
4762,0.457548
4763,0.457548
4764,0.457548
4765,0.409407
4766,0.409407
4767,0.409407
4768,0.409407
4769,0.371124
4770,0.371124
4771,0.371124
4772,0.371124
4773,0.336353
4774,0.336353
4775,0.336353
4776,0.336353
4777,0.316795
4778,0.316795
4779,0.316795
4780,0.316795
4781,0.29851
4782,0.29851
4783,0.29851
4784,0.29851
4785,0.282055
4786,0.282055
4787,0.282055
4788,0.282055
4789,0.252242
4790,0.252242
4791,0.252242
4792,0.252242
4793,0.219822
4794,0.219822
4795,0.219822
4796,0.219822
4797,0.201404
4798,0.201404
4799,0.201404
4800,0.201404
4801,0.188256
4802,0.188256
4803,0.188256
4804,0.188256
4805,0.187433
4806,0.187433
4807,0.187433
4808,0.187433
4809,0.187966
4810,0.187966
4811,0.187966
4812,0.187966
4813,0.179502
4814,0.179502
4815,0.179502
4816,0.179502
4817,0.172585
4818,0.172585
4819,0.172585
4820,0.172585
4821,0.157153
4822,0.157153
4823,0.157153
4824,0.157153
4825,0.157667
4826,0.157667
4827,0.157667
4828,0.157667
4829,0.157706
4830,0.157706
4831,0.157706
4832,0.157706
4833,0.157498
4834,0.157498
4835,0.157498
4836,0.157498
4837,0.15617
4838,0.15617
4839,0.15617
4840,0.15617
4841,0.156228
4842,0.156228
4843,0.156228
4844,0.156228
4845,0.156401
4846,0.156401
4847,0.156401
4848,0.156401
4849,0.155872
4850,0.155872
4851,0.155872
4852,0.155872
4853,0.156044
4854,0.156044
4855,0.156044
4856,0.156044
4857,0.156013
4858,0.156013
4859,0.156013
4860,0.156013
4861,0.156577
4862,0.156577
4863,0.156577
4864,0.156577
4865,0.156205
4866,0.156205
4867,0.156205
4868,0.156205
4869,0.156275
4870,0.156275
4871,0.156275
4872,0.156275
4873,0.156221
4874,0.156221
4875,0.156221
4876,0.156221
4877,0.15615
4878,0.15615
4879,0.15615
4880,0.15615
4881,0.155684
4882,0.155684
4883,0.155684
4884,0.155684
4885,0.153458
4886,0.153458
4887,0.153458
4888,0.153458
4889,0.153685
4890,0.153685
4891,0.153685
4892,0.153685
4893,0.154007
4894,0.154007
4895,0.154007
4896,0.154007
4897,0.153356
4898,0.153356
4899,0.153356
4900,0.153356
4901,0.153203
4902,0.153203
4903,0.153203
4904,0.153203
4905,0.153521
4906,0.153521
4907,0.153521
4908,0.153521
4909,0.153767
4910,0.153767
4911,0.153767
4912,0.153767
4913,0.154261
4914,0.154261
4915,0.154261
4916,0.154261
4917,0.15644
4918,0.15644
4919,0.15644
4920,0.15644
4921,0.198037
4922,0.198037
4923,0.198037
4924,0.198037
4925,0.239082
4926,0.239082
4927,0.239082
4928,0.239082
4929,0.26573
4930,0.26573
4931,0.26573
4932,0.26573
4933,0.290872
4934,0.290872
4935,0.290872
4936,0.290872
4937,0.343583
4938,0.343583
4939,0.343583
4940,0.343583
4941,0.431947
4942,0.431947
4943,0.431947
4944,0.431947
4945,0.470958
4946,0.470958
4947,0.470958
4948,0.470958
4949,0.486022
4950,0.486022
4951,0.486022
4952,0.486022
4953,0.454147
4954,0.454147
4955,0.454147
4956,0.454147
4957,0.404908
4958,0.404908
4959,0.404908
4960,0.404908
4961,0.340468
4962,0.340468
4963,0.340468
4964,0.340468
4965,0.292142
4966,0.292142
4967,0.292142
4968,0.292142
4969,0.248103
4970,0.248103
4971,0.248103
4972,0.248103
4973,0.261643
4974,0.261643
4975,0.261643
4976,0.261643
4977,0.299117
4978,0.299117
4979,0.299117
4980,0.299117
4981,0.318441
4982,0.318441
4983,0.318441
4984,0.318441
4985,0.311074
4986,0.311074
4987,0.311074
4988,0.311074
4989,0.29927
4990,0.29927
4991,0.29927
4992,0.29927
4993,0.275005
4994,0.275005
4995,0.275005
4996,0.275005
4997,0.255208
4998,0.255208
4999,0.255208
5000,0.255208
5001,0.245051
5002,0.245051
5003,0.245051
5004,0.245051
5005,0.241042
5006,0.241042
5007,0.241042
5008,0.241042
5009,0.237727
5010,0.237727
5011,0.237727
5012,0.237727
5013,0.225861
5014,0.225861
5015,0.225861
5016,0.225861
5017,0.214849
5018,0.214849
5019,0.214849
5020,0.214849
5021,0.200573
5022,0.200573
5023,0.200573
5024,0.200573
5025,0.202317
5026,0.202317
5027,0.202317
5028,0.202317
5029,0.208261
5030,0.208261
5031,0.208261
5032,0.208261
5033,0.19667
5034,0.19667
5035,0.19667
5036,0.19667
5037,0.181908
5038,0.181908
5039,0.181908
5040,0.181908
5041,0.177225
5042,0.177225
5043,0.177225
5044,0.177225
5045,0.169944
5046,0.169944
5047,0.169944
5048,0.169944
5049,0.182288
5050,0.182288
5051,0.182288
5052,0.182288
5053,0.204139
5054,0.204139
5055,0.204139
5056,0.204139
5057,0.235693
5058,0.235693
5059,0.235693
5060,0.235693
5061,0.287714
5062,0.287714
5063,0.287714
5064,0.287714
5065,0.364521
5066,0.364521
5067,0.364521
5068,0.364521
5069,0.397979
5070,0.397979
5071,0.397979
5072,0.397979
5073,0.451145
5074,0.451145
5075,0.451145
5076,0.451145
5077,0.515769
5078,0.515769
5079,0.515769
5080,0.515769
5081,0.548592
5082,0.548592
5083,0.548592
5084,0.548592
5085,0.570651
5086,0.570651
5087,0.570651
5088,0.570651
5089,0.498977
5090,0.498977
5091,0.498977
5092,0.498977
5093,0.377202
5094,0.377202
5095,0.377202
5096,0.377202
5097,0.330804
5098,0.330804
5099,0.330804
5100,0.330804
5101,0.296982
5102,0.296982
5103,0.296982
5104,0.296982
5105,0.245439
5106,0.245439
5107,0.245439
5108,0.245439
5109,0.192916
5110,0.192916
5111,0.192916
5112,0.192916
5113,0.198147
5114,0.198147
5115,0.198147
5116,0.198147
5117,0.20883
5118,0.20883
5119,0.20883
5120,0.20883
5121,0.203418
5122,0.203418
5123,0.203418
5124,0.203418
5125,0.166688
5126,0.166688
5127,0.166688
5128,0.166688
5129,0.143206
5130,0.143206
5131,0.143206
5132,0.143206
5133,0.131619
5134,0.131619
5135,0.131619
5136,0.131619
5137,0.131305
5138,0.131305
5139,0.131305
5140,0.131305
5141,0.131717
5142,0.131717
5143,0.131717
5144,0.131717
5145,0.132011
5146,0.132011
5147,0.132011
5148,0.132011
5149,0.132261
5150,0.132261
5151,0.132261
5152,0.132261
5153,0.132422
5154,0.132422
5155,0.132422
5156,0.132422
5157,0.132583
5158,0.132583
5159,0.132583
5160,0.132583
5161,0.132414
5162,0.132414
5163,0.132414
5164,0.132414
5165,0.132469
5166,0.132469
5167,0.132469
5168,0.132469
5169,0.132853
5170,0.132853
5171,0.132853
5172,0.132853
5173,0.133045
5174,0.133045
5175,0.133045
5176,0.133045
5177,0.13312
5178,0.13312
5179,0.13312
5180,0.13312
5181,0.133159
5182,0.133159
5183,0.133159
5184,0.133159
5185,0.132199
5186,0.132199
5187,0.132199
5188,0.132199
5189,0.132489
5190,0.132489
5191,0.132489
5192,0.132489
5193,0.132512
5194,0.132512
5195,0.132512
5196,0.132512
5197,0.132857
5198,0.132857
5199,0.132857
5200,0.132857
5201,0.132806
5202,0.132806
5203,0.132806
5204,0.132806
5205,0.132853
5206,0.132853
5207,0.132853
5208,0.132853
5209,0.133163
5210,0.133163
5211,0.133163
5212,0.133163
5213,0.133135
5214,0.133135
5215,0.133135
5216,0.133135
5217,0.133269
5218,0.133269
5219,0.133269
5220,0.133269
5221,0.132183
5222,0.132183
5223,0.132183
5224,0.132183
5225,0.132559
5226,0.132559
5227,0.132559
5228,0.132559
5229,0.132881
5230,0.132881
5231,0.132881
5232,0.132881
5233,0.132818
5234,0.132818
5235,0.132818
5236,0.132818
5237,0.132888
5238,0.132888
5239,0.132888
5240,0.132888
5241,0.132861
5242,0.132861
5243,0.132861
5244,0.132861
5245,0.130565
5246,0.130565
5247,0.130565
5248,0.130565
5249,0.131004
5250,0.131004
5251,0.131004
5252,0.131004
5253,0.130788
5254,0.130788
5255,0.130788
5256,0.130788
5257,0.131274
5258,0.131274
5259,0.131274
5260,0.131274
5261,0.160053
5262,0.160053
5263,0.160053
5264,0.160053
5265,0.190086
5266,0.190086
5267,0.190086
5268,0.190086
5269,0.23378
5270,0.23378
5271,0.23378
5272,0.23378
5273,0.273293
5274,0.273293
5275,0.273293
5276,0.273293
5277,0.297378
5278,0.297378
5279,0.297378
5280,0.297378
5281,0.308734
5282,0.308734
5283,0.308734
5284,0.308734
5285,0.304055
5286,0.304055
5287,0.304055
5288,0.304055
5289,0.296512
5290,0.296512
5291,0.296512
5292,0.296512
5293,0.3077
5294,0.3077
5295,0.3077
5296,0.3077
5297,0.346977
5298,0.346977
5299,0.346977
5300,0.346977
5301,0.397302
5302,0.397302
5303,0.397302
5304,0.397302
5305,0.473415
5306,0.473415
5307,0.473415
5308,0.473415
5309,0.523861
5310,0.523861
5311,0.523861
5312,0.523861
5313,0.555423
5314,0.555423
5315,0.555423
5316,0.555423
5317,0.584829
5318,0.584829
5319,0.584829
5320,0.584829
5321,0.616794
5322,0.616794
5323,0.616794
5324,0.616794
5325,0.615685
5326,0.615685
5327,0.615685
5328,0.615685
5329,0.611951
5330,0.611951
5331,0.611951
5332,0.611951
5333,0.597663
5334,0.597663
5335,0.597663
5336,0.597663
5337,0.581506
5338,0.581506
5339,0.581506
5340,0.581506
5341,0.572226
5342,0.572226
5343,0.572226
5344,0.572226
5345,0.539336
5346,0.539336
5347,0.539336
5348,0.539336
5349,0.552158
5350,0.552158
5351,0.552158
5352,0.552158
5353,0.558573
5354,0.558573
5355,0.558573
5356,0.558573
5357,0.56991
5358,0.56991
5359,0.56991
5360,0.56991
5361,0.576071
5362,0.576071
5363,0.576071
5364,0.576071
5365,0.54032
5366,0.54032
5367,0.54032
5368,0.54032
5369,0.504013
5370,0.504013
5371,0.504013
5372,0.504013
5373,0.498691
5374,0.498691
5375,0.498691
5376,0.498691
5377,0.492351
5378,0.492351
5379,0.492351
5380,0.492351
5381,0.486273
5382,0.486273
5383,0.486273
5384,0.486273
5385,0.463328
5386,0.463328
5387,0.463328
5388,0.463328
5389,0.449346
5390,0.449346
5391,0.449346
5392,0.449346
5393,0.441572
5394,0.441572
5395,0.441572
5396,0.441572
5397,0.442649
5398,0.442649
5399,0.442649
5400,0.442649
5401,0.460421
5402,0.460421
5403,0.460421
5404,0.460421
5405,0.475637
5406,0.475637
5407,0.475637
5408,0.475637
5409,0.486817
5410,0.486817
5411,0.486817
5412,0.486817
5413,0.494471
5414,0.494471
5415,0.494471
5416,0.494471
5417,0.502093
5418,0.502093
5419,0.502093
5420,0.502093
5421,0.505522
5422,0.505522
5423,0.505522
5424,0.505522
5425,0.523042
5426,0.523042
5427,0.523042
5428,0.523042
5429,0.53684
5430,0.53684
5431,0.53684
5432,0.53684
5433,0.54436
5434,0.54436
5435,0.54436
5436,0.54436
5437,0.547719
5438,0.547719
5439,0.547719
5440,0.547719
5441,0.557805
5442,0.557805
5443,0.557805
5444,0.557805
5445,0.565133
5446,0.565133
5447,0.565133
5448,0.565133
5449,0.574934
5450,0.574934
5451,0.574934
5452,0.574934
5453,0.58881
5454,0.58881
5455,0.58881
5456,0.58881
5457,0.594026
5458,0.594026
5459,0.594026
5460,0.594026
5461,0.595625
5462,0.595625
5463,0.595625
5464,0.595625
5465,0.61219
5466,0.61219
5467,0.61219
5468,0.61219
5469,0.620752
5470,0.620752
5471,0.620752
5472,0.620752
5473,0.641325
5474,0.641325
5475,0.641325
5476,0.641325
5477,0.643355
5478,0.643355
5479,0.643355
5480,0.643355
5481,0.645189
5482,0.645189
5483,0.645189
5484,0.645189
5485,0.649194
5486,0.649194
5487,0.649194
5488,0.649194
5489,0.650178
5490,0.650178
5491,0.650178
5492,0.650178
5493,0.651228
5494,0.651228
5495,0.651228
5496,0.651228
5497,0.675669
5498,0.675669
5499,0.675669
5500,0.675669
5501,0.709649
5502,0.709649
5503,0.709649
5504,0.709649
5505,0.743021
5506,0.743021
5507,0.743021
5508,0.743021
5509,0.776361
5510,0.776361
5511,0.776361
5512,0.776361
5513,0.792726
5514,0.792726
5515,0.792726
5516,0.792726
5517,0.802738
5518,0.802738
5519,0.802738
5520,0.802738
5521,0.824433
5522,0.824433
5523,0.824433
5524,0.824433
5525,0.823018
5526,0.823018
5527,0.823018
5528,0.823018
5529,0.823884
5530,0.823884
5531,0.823884
5532,0.823884
5533,0.827932
5534,0.827932
5535,0.827932
5536,0.827932
5537,0.827501
5538,0.827501
5539,0.827501
5540,0.827501
5541,0.82464
5542,0.82464
5543,0.82464
5544,0.82464
5545,0.831745
5546,0.831745
5547,0.831745
5548,0.831745
5549,0.831623
5550,0.831623
5551,0.831623
5552,0.831623
5553,0.831788
5554,0.831788
5555,0.831788
5556,0.831788
5557,0.830859
5558,0.830859
5559,0.830859
5560,0.830859
5561,0.83042
5562,0.83042
5563,0.83042
5564,0.83042
5565,0.829315
5566,0.829315
5567,0.829315
5568,0.829315
5569,0.829331
5570,0.829331
5571,0.829331
5572,0.829331
5573,0.819381
5574,0.819381
5575,0.819381
5576,0.819381
5577,0.817892
5578,0.817892
5579,0.817892
5580,0.817892
5581,0.816164
5582,0.816164
5583,0.816164
5584,0.816164
5585,0.816564
5586,0.816564
5587,0.816564
5588,0.816564
5589,0.819444
5590,0.819444
5591,0.819444
5592,0.819444
5593,0.821509
5594,0.821509
5595,0.821509
5596,0.821509
5597,0.822203
5598,0.822203
5599,0.822203
5600,0.822203
5601,0.821948
5602,0.821948
5603,0.821948
5604,0.821948
5605,0.821282
5606,0.821282
5607,0.821282
5608,0.821282
5609,0.819785
5610,0.819785
5611,0.819785
5612,0.819785
5613,0.818758
5614,0.818758
5615,0.818758
5616,0.818758
5617,0.816407
5618,0.816407
5619,0.816407
5620,0.816407
5621,0.811187
5622,0.811187
5623,0.811187
5624,0.811187
5625,0.81
5626,0.81
5627,0.81
5628,0.81
5629,0.80931
5630,0.80931
5631,0.80931
5632,0.80931
5633,0.808793
5634,0.808793
5635,0.808793
5636,0.808793
5637,0.81103
5638,0.81103
5639,0.81103
5640,0.81103
5641,0.811528
5642,0.811528
5643,0.811528
5644,0.811528
5645,0.81578
5646,0.81578
5647,0.81578
5648,0.81578
5649,0.815408
5650,0.815408
5651,0.815408
5652,0.815408
5653,0.812974
5654,0.812974
5655,0.812974
5656,0.812974
5657,0.808323
5658,0.808323
5659,0.808323
5660,0.808323
5661,0.807723
5662,0.807723
5663,0.807723
5664,0.807723
5665,0.808758
5666,0.808758
5667,0.808758
5668,0.808758
5669,0.808566
5670,0.808566
5671,0.808566
5672,0.808566
5673,0.805137
5674,0.805137
5675,0.805137
5676,0.805137
5677,0.806003
5678,0.806003
5679,0.806003
5680,0.806003
5681,0.806355
5682,0.806355
5683,0.806355
5684,0.806355
5685,0.805485
5686,0.805485
5687,0.805485
5688,0.805485
5689,0.805203
5690,0.805203
5691,0.805203
5692,0.805203
5693,0.805568
5694,0.805568
5695,0.805568
5696,0.805568
5697,0.81047
5698,0.81047
5699,0.81047
5700,0.81047
5701,0.808287
5702,0.808287
5703,0.808287
5704,0.808287
5705,0.805587
5706,0.805587
5707,0.805587
5708,0.805587
5709,0.805893
5710,0.805893
5711,0.805893
5712,0.805893
5713,0.805129
5714,0.805129
5715,0.805129
5716,0.805129
5717,0.805674
5718,0.805674
5719,0.805674
5720,0.805674
5721,0.809036
5722,0.809036
