framenum,queue density
1,0.260208
2,0.25487
3,0.252214
4,0.248507
5,0.244948
6,0.244106
7,0.245677
8,0.250026
9,0.252144
10,0.260035
11,0.268568
12,0.273385
13,0.28342
14,0.292075
15,0.295252
16,0.302135
17,0.308958
18,0.310521
19,0.316762
20,0.316215
21,0.319306
22,0.323898
23,0.328472
24,0.330095
25,0.330911
26,0.328872
27,0.328628
28,0.324792
29,0.3248
30,0.324349
31,0.32204
32,0.322075
33,0.321988
34,0.321354
35,0.323186
36,0.323472
37,0.321927
38,0.323681
39,0.325156
40,0.324227
41,0.325573
42,0.325148
43,0.322196
44,0.321632
45,0.309783
46,0.309358
47,0.308177
48,0.308108
49,0.306059
50,0.305061
51,0.305417
52,0.302491
53,0.301892
54,0.301406
55,0.300148
56,0.299809
57,0.299861
58,0.299887
59,0.299896
60,0.29947
61,0.299549
62,0.299705
63,0.298325
64,0.297795
65,0.298194
66,0.296814
67,0.296198
68,0.296163
69,0.296589
70,0.290408
71,0.291528
72,0.292613
73,0.293984
74,0.295599
75,0.29599
76,0.297847
77,0.297248
78,0.297318
79,0.29566
80,0.296797
81,0.298281
82,0.300304
83,0.303429
84,0.3048
85,0.309826
86,0.31671
87,0.319549
88,0.328342
89,0.335651
90,0.33796
91,0.345582
92,0.351163
93,0.354123
94,0.361476
95,0.371293
96,0.373724
97,0.380668
98,0.385304
99,0.391181
100,0.395842
101,0.400399
102,0.402847
103,0.407995
104,0.41053
105,0.410946
106,0.409722
107,0.409931
108,0.408993
109,0.408082
110,0.405651
111,0.407135
112,0.403516
113,0.4023
114,0.400729
115,0.398759
116,0.397943
117,0.395078
118,0.393047
119,0.392188
120,0.382674
121,0.385955
122,0.390651
123,0.392977
124,0.398967
125,0.403316
126,0.405477
127,0.410278
128,0.413212
129,0.415356
130,0.417257
131,0.422292
132,0.422873
133,0.425807
134,0.426736
135,0.428967
136,0.431146
137,0.432587
138,0.4325
139,0.434063
140,0.431649
141,0.432491
142,0.430078
143,0.43046
144,0.429991
145,0.419627
146,0.420677
147,0.421363
148,0.419175
149,0.418056
150,0.416302
151,0.413568
152,0.411293
153,0.409219
154,0.407457
155,0.403325
156,0.400182
157,0.396311
158,0.393229
159,0.392049
160,0.38934
161,0.388281
162,0.386788
163,0.385095
164,0.382943
165,0.381554
166,0.380443
167,0.378628
168,0.37829
169,0.377569
170,0.370512
171,0.370608
172,0.369644
173,0.36763
174,0.367266
175,0.364783
176,0.364627
177,0.364167
178,0.363559
179,0.363472
180,0.362509
181,0.361736
182,0.360694
183,0.360339
184,0.359983
185,0.359497
186,0.360165
187,0.357951
188,0.356632
189,0.356884
190,0.356389
191,0.355833
192,0.355573
193,0.354288
194,0.353698
195,0.350269
196,0.349983
197,0.350417
198,0.350078
199,0.349679
200,0.350243
201,0.349844
202,0.350269
203,0.350278
204,0.3502
205,0.349757
206,0.34954
207,0.349505
208,0.348984
209,0.349253
210,0.349314
211,0.349714
212,0.349566
213,0.349418
214,0.349297
215,0.349141
216,0.349983
217,0.349679
218,0.3498
219,0.349757
220,0.350304
221,0.350755
222,0.350703
223,0.350911
224,0.35026
225,0.350313
226,0.350156
227,0.350477
228,0.350373
229,0.350252
230,0.350278
231,0.350547
232,0.349705
233,0.350017
234,0.350052
235,0.35026
236,0.350243
237,0.350243
238,0.34987
239,0.348958
240,0.348811
241,0.347969
242,0.348776
243,0.348299
244,0.348811
245,0.346849
246,0.347569
247,0.34776
248,0.347847
249,0.34875
250,0.349497
251,0.349931
252,0.349792
253,0.349601
254,0.349905
255,0.349852
256,0.350191
257,0.350069
258,0.350304
259,0.349887
260,0.349948
261,0.349809
262,0.349332
263,0.349488
264,0.348698
265,0.348359
266,0.347717
267,0.347543
268,0.347622
269,0.347378
270,0.342977
271,0.342526
272,0.342708
273,0.342908
274,0.342691
275,0.342005
276,0.341606
277,0.340894
278,0.340625
279,0.3402
280,0.340825
281,0.341762
282,0.34217
283,0.343776
284,0.344523
285,0.344896
286,0.345486
287,0.34658
288,0.346823
289,0.347309
290,0.346502
291,0.346155
292,0.345642
293,0.344497
294,0.343915
295,0.340313
296,0.339158
297,0.339115
298,0.337743
299,0.337257
300,0.337153
301,0.336519
302,0.336571
303,0.336293
304,0.336276
305,0.336415
306,0.336788
307,0.336736
308,0.336823
309,0.336719
310,0.3373
311,0.337708
312,0.337821
313,0.337561
314,0.338073
315,0.338273
316,0.338264
317,0.338325
318,0.33816
319,0.337769
320,0.340313
321,0.340694
322,0.340035
323,0.339913
324,0.340286
325,0.341059
326,0.341267
327,0.341181
328,0.341163
329,0.341111
330,0.341181
331,0.341198
332,0.341858
333,0.341875
334,0.342049
335,0.342274
336,0.342222
337,0.342474
338,0.342578
339,0.342622
340,0.343064
341,0.343342
342,0.343915
343,0.34566
344,0.347734
345,0.350286
346,0.35276
347,0.355616
348,0.356918
349,0.360095
350,0.362144
351,0.36296
352,0.365009
353,0.367014
354,0.368281
355,0.369661
356,0.371797
357,0.372309
358,0.373984
359,0.375573
360,0.375946
361,0.377196
362,0.377882
363,0.377925
364,0.378151
365,0.377821
366,0.377205
367,0.377031
368,0.375286
369,0.374722
370,0.368576
371,0.369019
372,0.369332
373,0.368594
374,0.367812
375,0.367274
376,0.366571
377,0.36605
378,0.365
379,0.363932
380,0.363012
381,0.362439
382,0.361823
383,0.361059
384,0.360755
385,0.361502
386,0.363359
387,0.363464
388,0.36592
389,0.367951
390,0.36888
391,0.373264
392,0.376997
393,0.378273
394,0.381814
395,0.378576
396,0.380148
397,0.384384
398,0.387517
399,0.388186
400,0.38947
401,0.391398
402,0.392561
403,0.394766
404,0.396059
405,0.396736
406,0.398316
407,0.401398
408,0.402691
409,0.406658
410,0.409722
411,0.411571
412,0.413689
413,0.417431
414,0.418828
415,0.422908
416,0.425799
417,0.427257
418,0.430208
419,0.432847
420,0.431918
421,0.438177
422,0.440061
423,0.440738
424,0.448108
425,0.453611
426,0.45533
427,0.46191
428,0.466797
429,0.4698
430,0.475373
431,0.48026
432,0.483325
433,0.490078
434,0.495642
435,0.497405
436,0.502457
437,0.507925
438,0.509618
439,0.515243
440,0.518377
441,0.52171
442,0.52579
443,0.52783
444,0.529618
445,0.538958
446,0.541484
447,0.542517
448,0.545747
449,0.548767
450,0.549462
451,0.552847
452,0.554028
453,0.554175
454,0.556693
455,0.559002
456,0.559444
457,0.561762
458,0.565312
459,0.566102
460,0.567786
461,0.570964
462,0.5725
463,0.574106
464,0.576276
465,0.577691
466,0.579861
467,0.580773
468,0.581606
469,0.582005
470,0.597023
471,0.597804
472,0.598177
473,0.598655
474,0.598394
475,0.59921
476,0.599453
477,0.599965
478,0.601259
479,0.602396
480,0.602613
481,0.603429
482,0.602734
483,0.602925
484,0.60316
485,0.603602
486,0.603021
487,0.602977
488,0.60303
489,0.603186
490,0.60375
491,0.604045
492,0.60375
493,0.604141
494,0.604913
495,0.602812
496,0.603281
497,0.603932
498,0.603628
499,0.604384
500,0.604149
501,0.602752
502,0.602422
503,0.602361
504,0.602491
505,0.602595
506,0.601944
507,0.600755
508,0.600139
509,0.599514
510,0.599158
511,0.599453
512,0.600556
513,0.600295
514,0.602014
515,0.603655
516,0.605035
517,0.613394
518,0.620217
519,0.624679
520,0.645122
521,0.646563
522,0.65092
523,0.657431
524,0.666606
525,0.670747
526,0.67329
527,0.67776
528,0.681597
529,0.683012
530,0.685677
531,0.688359
532,0.689592
533,0.68928
534,0.690964
535,0.691753
536,0.691302
537,0.691389
538,0.69263
539,0.693212
540,0.693576
541,0.694132
542,0.695477
543,0.695556
544,0.69691
545,0.710304
546,0.710087
547,0.709601
548,0.708142
549,0.707873
550,0.707161
551,0.706059
552,0.706536
553,0.70592
554,0.705095
555,0.704514
556,0.703524
557,0.703047
558,0.702187
559,0.700061
560,0.699896
561,0.7002
562,0.700295
563,0.700642
564,0.699922
565,0.700972
566,0.700469
567,0.701311
568,0.701111
569,0.701424
570,0.694965
571,0.694852
572,0.694384
573,0.695174
574,0.695573
575,0.694618
576,0.694427
577,0.693915
578,0.694141
579,0.693446
580,0.692795
581,0.692543
582,0.692318
583,0.692222
584,0.692222
585,0.691901
586,0.692248
587,0.69204
588,0.692344
589,0.692708
590,0.69276
591,0.692569
592,0.69329
593,0.697135
594,0.698915
595,0.716632
596,0.721207
597,0.723602
598,0.731033
599,0.73237
600,0.735
601,0.736302
602,0.736224
603,0.736823
604,0.738316
605,0.739106
606,0.739358
607,0.742509
608,0.749062
609,0.750981
610,0.756632
611,0.757752
612,0.759002
613,0.76
614,0.761918
615,0.76224
616,0.76349
617,0.764679
618,0.763576
619,0.763299
620,0.784592
621,0.784227
622,0.783229
623,0.783281
624,0.783212
625,0.783333
626,0.782604
627,0.784531
628,0.783316
629,0.784132
630,0.784931
631,0.78921
632,0.79066
633,0.795208
634,0.797587
635,0.797543
636,0.799262
637,0.800703
638,0.800556
639,0.803524
640,0.804635
641,0.804757
642,0.80572
643,0.805937
644,0.806224
645,0.818759
646,0.818247
647,0.817899
648,0.817891
649,0.817274
650,0.816892
651,0.817769
652,0.818507
653,0.817257
654,0.8223
655,0.82474
656,0.825286
657,0.824375
658,0.825668
659,0.823047
660,0.823229
661,0.822378
662,0.821649
663,0.823837
664,0.823594
665,0.821241
666,0.821328
667,0.820599
668,0.820052
669,0.819401
670,0.819505
671,0.819297
672,0.819193
673,0.819019
674,0.817526
675,0.817309
676,0.818099
677,0.818168
678,0.81803
679,0.817899
680,0.81691
681,0.817378
682,0.817491
683,0.815929
684,0.81684
685,0.815304
686,0.814141
687,0.81316
688,0.811988
689,0.812066
690,0.81026
691,0.80875
692,0.809688
693,0.809036
694,0.809818
695,0.814913
696,0.813351
697,0.812752
698,0.812726
699,0.812031
700,0.810191
701,0.81046
702,0.812318
703,0.811701
704,0.815859
705,0.815911
706,0.819323
707,0.819036
708,0.821632
709,0.821675
710,0.824201
711,0.825694
712,0.826372
713,0.826823
714,0.826892
715,0.827292
716,0.827778
717,0.828247
718,0.828542
719,0.830139
720,0.838411
721,0.838819
722,0.839141
723,0.839071
724,0.839063
725,0.838993
726,0.838802
727,0.839002
728,0.839071
729,0.839167
730,0.83901
731,0.839488
732,0.839748
733,0.83928
734,0.839123
735,0.839332
736,0.839392
737,0.83941
738,0.839766
739,0.839696
740,0.839549
741,0.839705
742,0.839696
743,0.839818
744,0.839757
745,0.840252
746,0.840382
747,0.840469
748,0.840278
749,0.839774
750,0.840278
751,0.840408
752,0.840564
753,0.840226
754,0.840408
755,0.84053
756,0.841155
757,0.841016
758,0.84138
759,0.841328
760,0.841589
761,0.841345
762,0.841042
763,0.841319
764,0.841502
765,0.84178
766,0.84184
767,0.841745
768,0.841988
769,0.842101
770,0.846155
771,0.846528
772,0.846493
773,0.846667
774,0.846484
775,0.84651
776,0.846345
777,0.846363
778,0.846363
779,0.846441
780,0.846554
781,0.846007
782,0.845755
783,0.845634
784,0.845382
785,0.845122
786,0.84513
787,0.844844
788,0.845148
789,0.845
790,0.844618
791,0.84513
792,0.844835
793,0.844618
794,0.844271
795,0.84204
796,0.841458
797,0.84151
798,0.841589
799,0.841719
800,0.84197
801,0.841953
802,0.841328
803,0.842005
804,0.841667
805,0.841701
806,0.84158
807,0.841363
808,0.84145
809,0.84112
810,0.840616
811,0.839384
812,0.839071
813,0.840616
814,0.840712
815,0.84178
816,0.842335
817,0.843099
818,0.843177
819,0.842899
820,0.84447
821,0.844462
822,0.84408
823,0.844635
824,0.845122
825,0.84559
826,0.84566
827,0.845807
828,0.846293
829,0.846589
830,0.846571
831,0.846528
832,0.84717
833,0.847639
834,0.847734
835,0.847977
836,0.847917
837,0.847925
838,0.848073
839,0.848359
840,0.84816
841,0.848368
842,0.848203
843,0.848464
844,0.848924
845,0.84967
846,0.849401
847,0.849852
848,0.850686
849,0.850573
850,0.850295
851,0.850677
852,0.850686
853,0.850686
854,0.850729
855,0.850842
856,0.850764
857,0.850625
858,0.850269
859,0.849887
860,0.849661
861,0.849375
862,0.849418
863,0.849149
864,0.848898
865,0.84888
866,0.849097
867,0.849036
868,0.849245
869,0.84941
870,0.848984
871,0.848628
872,0.84855
873,0.848602
874,0.848437
875,0.848333
876,0.848047
877,0.848073
878,0.848472
879,0.848299
880,0.848307
881,0.848064
882,0.848056
883,0.848168
884,0.848464
885,0.848898
886,0.849019
887,0.849054
888,0.849366
889,0.849618
890,0.849852
891,0.849679
892,0.849583
893,0.849688
894,0.849644
895,0.849809
896,0.849948
897,0.850069
898,0.850069
899,0.850295
900,0.850234
901,0.850321
902,0.850382
903,0.850408
904,0.850547
905,0.850903
906,0.851293
907,0.851536
908,0.851354
909,0.851476
910,0.851215
911,0.851398
912,0.851441
913,0.851476
914,0.851649
915,0.851623
916,0.851528
917,0.851476
918,0.850929
919,0.850521
920,0.85046
921,0.85066
922,0.850694
923,0.850938
924,0.851033
925,0.851137
926,0.850981
927,0.851024
928,0.851016
929,0.850981
930,0.84934
931,0.849427
932,0.849392
933,0.849253
934,0.849384
935,0.849766
936,0.849557
937,0.849453
938,0.848906
939,0.848958
940,0.848724
941,0.848724
942,0.848351
943,0.848472
944,0.848429
945,0.848273
946,0.848177
947,0.848446
948,0.848255
949,0.848455
950,0.848342
951,0.848472
952,0.848437
953,0.848481
954,0.848568
955,0.849418
956,0.84921
957,0.849462
958,0.849375
959,0.849549
960,0.849505
961,0.84947
962,0.849497
963,0.849384
964,0.849549
965,0.849601
966,0.849523
967,0.849653
968,0.849922
969,0.849939
970,0.849575
971,0.849132
972,0.849063
973,0.848863
974,0.84855
975,0.848385
976,0.848368
977,0.847969
978,0.847804
979,0.847674
980,0.846181
981,0.846155
982,0.846562
983,0.84678
984,0.847526
985,0.847413
986,0.847891
987,0.848047
988,0.848464
989,0.848507
990,0.848516
991,0.848194
992,0.84822
993,0.848238
994,0.848446
995,0.848403
996,0.84809
997,0.848125
998,0.848351
999,0.848455
1000,0.848681
1001,0.848663
1002,0.848524
1003,0.848724
1004,0.848663
1005,0.849115
1006,0.848811
1007,0.848724
1008,0.84888
1009,0.848863
1010,0.848759
1011,0.846389
1012,0.846181
1013,0.846068
1014,0.846181
1015,0.846024
1016,0.846302
1017,0.846024
1018,0.845981
1019,0.846293
1020,0.846658
1021,0.846693
1022,0.846719
1023,0.846493
1024,0.84638
1025,0.845825
1026,0.845747
1027,0.84572
1028,0.845677
1029,0.845816
1030,0.846068
1031,0.846024
1032,0.846033
1033,0.845816
1034,0.845859
1035,0.845911
1036,0.847387
1037,0.847378
1038,0.84724
1039,0.846884
1040,0.846693
1041,0.846658
1042,0.846806
1043,0.846745
1044,0.846788
1045,0.847014
1046,0.847083
1047,0.846493
1048,0.846771
1049,0.846701
1050,0.846398
1051,0.847161
1052,0.847057
1053,0.847083
1054,0.84704
1055,0.846927
1056,0.847135
1057,0.847083
1058,0.84691
1059,0.847387
1060,0.847318
1061,0.84671
1062,0.84638
1063,0.84658
1064,0.846398
1065,0.846675
1066,0.846667
1067,0.846493
1068,0.846562
1069,0.846502
1070,0.846719
1071,0.846814
1072,0.847274
1073,0.847153
1074,0.847118
1075,0.847257
1076,0.847248
1077,0.847014
1078,0.847422
1079,0.847161
1080,0.846745
1081,0.846719
1082,0.846484
1083,0.84638
1084,0.846285
1085,0.84645
1086,0.845981
1087,0.845807
1088,0.845634
1089,0.845738
1090,0.846016
1091,0.845816
1092,0.845712
1093,0.845564
1094,0.845642
1095,0.845651
1096,0.845573
1097,0.84599
1098,0.845651
1099,0.845911
1100,0.846007
1101,0.845521
1102,0.845278
1103,0.845286
1104,0.845313
1105,0.845156
1106,0.845278
1107,0.845113
1108,0.845122
1109,0.845104
1110,0.845122
1111,0.845191
1112,0.845165
1113,0.845582
1114,0.845998
1115,0.846259
1116,0.846128
1117,0.846016
1118,0.845582
1119,0.845668
1120,0.846128
1121,0.846076
1122,0.846267
1123,0.846276
1124,0.846224
1125,0.846241
1126,0.845903
1127,0.845347
1128,0.844488
1129,0.844227
1130,0.844028
1131,0.843663
1132,0.843628
1133,0.843854
1134,0.843377
1135,0.844132
1136,0.845139
1137,0.845234
1138,0.844592
1139,0.844401
1140,0.844418
1141,0.844896
1142,0.844826
1143,0.84421
1144,0.844245
1145,0.844392
1146,0.844462
1147,0.844193
1148,0.844575
1149,0.844531
1150,0.845122
1151,0.845391
1152,0.846163
1153,0.846363
1154,0.846701
1155,0.846606
1156,0.846285
1157,0.846207
1158,0.846415
1159,0.846276
1160,0.845755
1161,0.843819
1162,0.843229
1163,0.843186
1164,0.8427
1165,0.843203
1166,0.843915
1167,0.843516
1168,0.844609
1169,0.844557
1170,0.845399
1171,0.845729
1172,0.84658
1173,0.845885
1174,0.846615
1175,0.847187
1176,0.846979
1177,0.847005
1178,0.847092
1179,0.846927
1180,0.84645
1181,0.846502
1182,0.846701
1183,0.846458
1184,0.846406
1185,0.846389
1186,0.846632
1187,0.846719
1188,0.846727
1189,0.846693
1190,0.846762
1191,0.846944
1192,0.846441
1193,0.846267
1194,0.846736
1195,0.846528
1196,0.846467
1197,0.846554
1198,0.846424
1199,0.846589
1200,0.846085
1201,0.846094
1202,0.84579
1203,0.846085
1204,0.846146
1205,0.845885
1206,0.845399
1207,0.845608
1208,0.845668
1209,0.845703
1210,0.84572
1211,0.847847
1212,0.847283
1213,0.847118
1214,0.84697
1215,0.846771
1216,0.846597
1217,0.846337
1218,0.846589
1219,0.84658
1220,0.846632
1221,0.846432
1222,0.846493
1223,0.846311
1224,0.846068
1225,0.846146
1226,0.846215
1227,0.846259
1228,0.846406
1229,0.846372
1230,0.846875
1231,0.846302
1232,0.846528
1233,0.845694
1234,0.84592
1235,0.845425
1236,0.844661
1237,0.843984
1238,0.843837
1239,0.843611
1240,0.843585
1241,0.843602
1242,0.843602
1243,0.843776
1244,0.843707
1245,0.843611
1246,0.84474
1247,0.84474
1248,0.844861
1249,0.844939
1250,0.844609
1251,0.845052
1252,0.844774
1253,0.845122
1254,0.844809
1255,0.845547
1256,0.845503
1257,0.845495
1258,0.845243
1259,0.845139
1260,0.84533
1261,0.844661
1262,0.844575
1263,0.844905
1264,0.844635
1265,0.844549
1266,0.844505
1267,0.844314
1268,0.844418
1269,0.844557
1270,0.844679
1271,0.844705
1272,0.844861
1273,0.844531
1274,0.844375
1275,0.845165
1276,0.845208
1277,0.845365
1278,0.845616
1279,0.846068
1280,0.845712
1281,0.845911
1282,0.846267
1283,0.846319
1284,0.846172
1285,0.84592
1286,0.845764
1287,0.845217
1288,0.844861
1289,0.844479
1290,0.844679
1291,0.844757
1292,0.844427
1293,0.844531
1294,0.844514
1295,0.845061
1296,0.844844
1297,0.844071
1298,0.843958
1299,0.844314
1300,0.844922
1301,0.845122
1302,0.845139
1303,0.845417
1304,0.845616
1305,0.845521
1306,0.845365
1307,0.845512
1308,0.845703
1309,0.84533
1310,0.845052
1311,0.845556
1312,0.845625
1313,0.845
1314,0.844818
1315,0.844653
1316,0.844505
1317,0.844349
1318,0.844991
1319,0.844887
1320,0.844931
1321,0.844913
1322,0.845174
1323,0.84553
1324,0.845521
1325,0.845538
1326,0.845347
1327,0.845243
1328,0.845425
1329,0.845417
1330,0.845764
1331,0.845773
1332,0.845703
1333,0.845399
1334,0.845399
1335,0.845651
1336,0.845868
1337,0.845807
1338,0.845668
1339,0.845668
1340,0.846241
1341,0.846163
1342,0.846128
1343,0.845972
1344,0.845703
1345,0.845885
1346,0.846094
1347,0.846285
1348,0.845833
1349,0.845599
1350,0.845321
1351,0.844965
1352,0.84526
1353,0.845278
1354,0.845009
1355,0.844844
1356,0.845174
1357,0.845286
1358,0.845191
1359,0.844444
1360,0.845
1361,0.845078
1362,0.845078
1363,0.845556
1364,0.845382
1365,0.844748
1366,0.844384
1367,0.844297
1368,0.844219
1369,0.843715
1370,0.84342
1371,0.844115
1372,0.845
1373,0.844809
1374,0.844714
1375,0.84474
1376,0.844896
1377,0.844366
1378,0.844913
1379,0.8448
1380,0.84487
1381,0.845182
1382,0.845017
1383,0.845321
1384,0.84559
1385,0.845833
1386,0.845547
1387,0.845295
1388,0.845582
1389,0.845382
1390,0.84533
1391,0.845434
1392,0.846849
1393,0.846137
1394,0.846146
1395,0.846762
1396,0.847387
1397,0.846918
1398,0.847595
1399,0.847578
1400,0.847856
1401,0.847344
1402,0.847457
1403,0.847543
1404,0.848203
1405,0.848116
1406,0.848012
1407,0.84816
1408,0.848507
1409,0.848594
1410,0.848915
1411,0.849106
1412,0.848932
1413,0.849002
1414,0.848585
1415,0.848715
1416,0.848889
1417,0.849193
1418,0.849731
1419,0.849497
1420,0.849436
1421,0.849783
1422,0.849922
1423,0.850191
1424,0.850234
1425,0.850582
1426,0.851363
1427,0.85105
1428,0.851024
1429,0.851536
1430,0.851345
1431,0.850972
1432,0.850799
1433,0.850451
1434,0.85053
1435,0.850304
1436,0.852943
1437,0.853368
1438,0.852899
1439,0.852743
1440,0.853793
1441,0.852951
1442,0.852743
1443,0.852491
1444,0.853238
1445,0.852882
1446,0.853785
1447,0.856484
1448,0.855747
1449,0.856458
1450,0.856597
1451,0.855981
1452,0.856085
1453,0.85612
1454,0.856806
1455,0.856571
1456,0.85605
1457,0.855217
1458,0.85513
1459,0.853967
1460,0.854054
1461,0.857778
1462,0.8573
1463,0.855964
1464,0.856441
1465,0.856719
1466,0.856571
1467,0.856302
1468,0.857977
1469,0.85763
1470,0.858594
1471,0.860417
1472,0.861085
1473,0.859514
1474,0.860825
1475,0.861076
1476,0.862118
1477,0.861597
1478,0.863247
1479,0.862448
1480,0.860113
1481,0.861667
1482,0.863993
1483,0.864418
1484,0.865556
1485,0.864071
1486,0.866033
1487,0.865972
1488,0.867474
1489,0.867448
1490,0.868273
1491,0.870009
1492,0.871293
1493,0.872326
1494,0.875122
1495,0.877569
1496,0.87724
1497,0.878498
1498,0.876901
1499,0.876302
1500,0.87474
1501,0.871328
1502,0.869479
1503,0.868403
1504,0.868186
1505,0.867092
1506,0.866198
1507,0.867135
1508,0.865781
1509,0.865747
1510,0.866207
1511,0.869852
1512,0.869227
1513,0.870816
1514,0.871988
1515,0.873203
1516,0.872682
1517,0.873585
1518,0.874792
1519,0.874583
1520,0.873481
1521,0.873429
1522,0.871128
1523,0.871163
1524,0.872457
1525,0.873655
1526,0.874922
1527,0.876128
1528,0.879227
1529,0.878715
1530,0.876571
1531,0.876771
1532,0.87763
1533,0.879149
1534,0.878247
1535,0.87974
1536,0.877326
1537,0.878281
1538,0.874861
1539,0.874253
1540,0.874036
1541,0.87362
1542,0.874523
1543,0.873359
1544,0.872882
1545,0.872326
1546,0.875651
1547,0.875495
1548,0.874957
1549,0.875929
1550,0.875087
1551,0.874488
1552,0.877127
1553,0.877595
1554,0.878932
1555,0.87888
1556,0.87974
1557,0.881484
1558,0.88283
1559,0.883021
1560,0.883776
1561,0.881224
1562,0.879818
1563,0.877943
1564,0.873689
1565,0.875573
1566,0.875
1567,0.873333
1568,0.873594
1569,0.874236
1570,0.87678
1571,0.876111
1572,0.875885
1573,0.874931
1574,0.874731
1575,0.876198
1576,0.877231
1577,0.876389
1578,0.875165
1579,0.875417
1580,0.877804
1581,0.878403
1582,0.87928
1583,0.879896
1584,0.882396
1585,0.883021
1586,0.885043
1587,0.881007
1588,0.881059
1589,0.882326
1590,0.881181
1591,0.881589
1592,0.881102
1593,0.875738
1594,0.871068
1595,0.870694
1596,0.866927
1597,0.863672
1598,0.860234
1599,0.860061
1600,0.857969
1601,0.858351
1602,0.856276
1603,0.85803
1604,0.857439
1605,0.858229
1606,0.860304
1607,0.861007
1608,0.857873
1609,0.858134
1610,0.858368
1611,0.862604
1612,0.862083
1613,0.860859
1614,0.865894
1615,0.867205
1616,0.866606
1617,0.867057
1618,0.865017
1619,0.864826
1620,0.86217
1621,0.86099
1622,0.860955
1623,0.865738
1624,0.866858
1625,0.86678
1626,0.86697
1627,0.866267
1628,0.866389
1629,0.866233
1630,0.865521
1631,0.865408
1632,0.862839
1633,0.862196
1634,0.860538
1635,0.860234
1636,0.862083
1637,0.863724
1638,0.865677
1639,0.867075
1640,0.867075
1641,0.868863
1642,0.867899
1643,0.866658
1644,0.86783
1645,0.866415
1646,0.865773
1647,0.866137
1648,0.864922
1649,0.863429
1650,0.859844
1651,0.860313
1652,0.860113
1653,0.858646
1654,0.855998
1655,0.855547
1656,0.854062
1657,0.851597
1658,0.848611
1659,0.848056
1660,0.849375
1661,0.850269
1662,0.854427
1663,0.857075
1664,0.855764
1665,0.853125
1666,0.856302
1667,0.855078
1668,0.856172
1669,0.859201
1670,0.858516
1671,0.859818
1672,0.861172
1673,0.862622
1674,0.863047
1675,0.863828
1676,0.862587
1677,0.859141
1678,0.856632
1679,0.856198
1680,0.854097
1681,0.85046
1682,0.84651
1683,0.843724
1684,0.841345
1685,0.836701
1686,0.832457
1687,0.836649
1688,0.836198
1689,0.83842
1690,0.836962
1691,0.837292
1692,0.839609
1693,0.84171
1694,0.844227
1695,0.842118
1696,0.837257
1697,0.835434
1698,0.836884
1699,0.837292
1700,0.832135
1701,0.830738
1702,0.831024
1703,0.830486
1704,0.829688
1705,0.832127
1706,0.836233
1707,0.839809
1708,0.8427
1709,0.844644
1710,0.846146
1711,0.843993
1712,0.845078
1713,0.845972
1714,0.838958
1715,0.838403
1716,0.835
1717,0.833984
1718,0.833828
1719,0.833472
1720,0.835052
1721,0.835781
1722,0.833776
1723,0.836606
1724,0.836771
1725,0.84204
1726,0.848516
1727,0.850217
1728,0.85329
1729,0.856033
1730,0.858385
1731,0.857023
1732,0.850903
1733,0.846128
1734,0.831892
1735,0.824063
1736,0.800608
1737,0.80112
1738,0.79908
1739,0.795773
1740,0.790547
1741,0.781528
1742,0.780078
1743,0.777587
1744,0.762292
1745,0.761285
1746,0.761128
1747,0.767561
1748,0.718333
1749,0.716727
1750,0.715903
1751,0.716597
1752,0.71217
1753,0.66862
1754,0.66316
1755,0.653559
1756,0.648524
1757,0.645339
1758,0.642144
1759,0.635642
1760,0.630981
1761,0.619019
1762,0.612483
1763,0.609705
1764,0.59809
1765,0.589792
1766,0.587665
1767,0.602839
1768,0.611372
1769,0.618281
1770,0.625903
1771,0.629783
1772,0.643785
1773,0.653715
1774,0.659175
1775,0.66197
1776,0.679601
1777,0.689557
1778,0.693689
1779,0.698681
1780,0.704983
1781,0.705243
1782,0.700747
1783,0.697352
1784,0.694488
1785,0.68408
1786,0.684158
1787,0.687187
1788,0.688142
1789,0.68276
1790,0.680729
1791,0.670304
1792,0.664028
1793,0.662092
1794,0.651884
1795,0.642891
1796,0.638472
1797,0.631988
1798,0.625035
1799,0.625365
1800,0.621146
1801,0.623307
1802,0.623533
1803,0.62349
1804,0.625799
1805,0.627361
1806,0.630911
1807,0.632127
1808,0.632804
1809,0.631736
1810,0.631675
1811,0.619575
1812,0.622465
1813,0.623924
1814,0.622839
1815,0.623333
1816,0.619852
1817,0.619991
1818,0.614306
1819,0.606684
1820,0.603082
1821,0.600017
1822,0.590877
1823,0.585833
1824,0.583958
1825,0.57803
1826,0.57303
1827,0.565625
1828,0.554835
1829,0.550156
1830,0.54487
1831,0.544566
1832,0.544314
1833,0.539714
1834,0.5323
1835,0.528438
1836,0.509852
1837,0.517474
1838,0.519722
1839,0.524019
1840,0.526276
1841,0.52684
1842,0.529358
1843,0.527517
1844,0.527604
1845,0.529028
1846,0.533802
1847,0.534497
1848,0.53842
1849,0.54151
1850,0.541345
1851,0.541632
1852,0.539661
1853,0.538038
1854,0.534097
1855,0.522283
1856,0.518472
1857,0.509991
1858,0.50809
1859,0.503915
1860,0.496406
1861,0.48895
1862,0.489175
1863,0.489366
1864,0.484184
1865,0.479618
1866,0.466597
1867,0.458411
1868,0.454818
1869,0.449688
1870,0.44842
1871,0.447804
1872,0.452682
1873,0.458776
1874,0.461554
1875,0.470365
1876,0.479054
1877,0.479878
1878,0.489288
1879,0.497057
1880,0.499132
1881,0.502378
1882,0.51447
1883,0.502691
1884,0.491458
1885,0.494531
1886,0.486563
1887,0.492422
1888,0.496693
1889,0.50237
1890,0.509028
1891,0.517153
1892,0.518576
1893,0.529905
1894,0.542821
1895,0.546198
1896,0.54566
1897,0.540078
1898,0.527639
1899,0.52434
1900,0.526163
1901,0.529592
1902,0.54447
1903,0.557656
1904,0.565625
1905,0.581675
1906,0.617734
1907,0.629427
1908,0.652682
1909,0.671736
1910,0.679714
1911,0.685469
1912,0.692969
1913,0.697144
1914,0.704957
1915,0.713359
1916,0.717865
1917,0.727561
1918,0.740382
1919,0.744288
1920,0.747899
1921,0.753498
1922,0.752752
1923,0.755382
1924,0.755035
1925,0.720738
1926,0.70822
1927,0.698116
1928,0.689618
1929,0.673854
1930,0.652274
1931,0.644036
1932,0.624201
1933,0.544531
1934,0.530616
1935,0.510955
1936,0.473082
1937,0.470113
1938,0.458099
1939,0.443733
1940,0.432917
1941,0.423941
1942,0.418828
1943,0.426944
1944,0.424878
1945,0.420391
1946,0.417717
1947,0.404002
1948,0.392613
1949,0.391181
1950,0.379253
1951,0.373663
1952,0.369566
1953,0.362943
1954,0.359245
1955,0.360677
1956,0.356641
1957,0.349635
1958,0.34553
1959,0.339427
1960,0.335582
1961,0.334731
1962,0.330851
1963,0.328568
1964,0.326858
1965,0.321328
1966,0.315217
1967,0.314349
1968,0.308385
1969,0.303438
1970,0.299019
1971,0.29072
1972,0.278785
1973,0.27197
1974,0.253637
1975,0.242422
1976,0.237153
1977,0.228655
1978,0.222509
1979,0.219557
1980,0.215208
1981,0.21112
1982,0.208498
1983,0.20441
1984,0.201745
1985,0.198863
1986,0.17579
1987,0.174592
1988,0.175469
1989,0.174792
1990,0.174957
1991,0.174766
1992,0.175043
1993,0.174627
1994,0.174245
1995,0.173872
1996,0.174427
1997,0.172752
1998,0.170234
1999,0.169523
2000,0.167769
2001,0.166719
2002,0.172344
2003,0.176814
2004,0.18362
2005,0.19513
2006,0.203559
2007,0.21487
2008,0.22822
2009,0.235573
2010,0.255139
2011,0.26776
2012,0.273628
2013,0.308307
2014,0.326649
2015,0.356076
2016,0.383915
2017,0.404184
2018,0.428845
2019,0.457127
2020,0.468993
2021,0.47158
2022,0.482951
2023,0.501137
2024,0.514401
2025,0.544323
2026,0.576259
2027,0.593802
2028,0.622752
2029,0.652274
2030,0.663359
2031,0.68467
2032,0.683394
2033,0.683932
2034,0.682882
2035,0.681623
2036,0.692083
2037,0.702057
2038,0.687144
2039,0.695286
2040,0.697266
2041,0.69875
2042,0.661502
2043,0.641363
2044,0.581753
2045,0.565556
2046,0.533811
2047,0.509835
2048,0.49678
2049,0.476554
2050,0.456215
2051,0.446632
2052,0.433898
2053,0.411441
2054,0.405911
2055,0.386345
2056,0.376623
2057,0.36849
2058,0.351215
2059,0.334844
2060,0.325347
2061,0.297665
2062,0.28776
2063,0.283377
2064,0.281771
2065,0.278715
2066,0.27526
2067,0.271233
2068,0.271458
2069,0.27184
2070,0.272153
2071,0.273325
2072,0.272847
2073,0.27329
2074,0.267543
2075,0.264436
2076,0.259175
2077,0.24678
2078,0.243203
2079,0.226198
2080,0.214479
2081,0.208698
2082,0.197318
2083,0.188142
2084,0.184201
2085,0.179045
2086,0.168368
2087,0.168568
2088,0.169167
2089,0.16888
2090,0.168724
2091,0.168359
2092,0.168411
2093,0.168628
2094,0.167951
2095,0.168437
2096,0.16895
2097,0.169158
2098,0.169297
2099,0.169392
2100,0.171059
2101,0.174418
2102,0.17717
2103,0.18217
2104,0.188524
2105,0.19224
2106,0.199184
2107,0.207648
2108,0.211406
2109,0.221189
2110,0.235347
2111,0.241441
2112,0.26599
2113,0.292214
2114,0.299427
2115,0.340078
2116,0.359193
2117,0.389236
2118,0.4298
2119,0.48303
2120,0.500729
2121,0.541944
2122,0.566311
2123,0.611597
2124,0.656102
2125,0.678602
2126,0.699071
2127,0.733437
2128,0.780035
2129,0.796615
2130,0.81309
2131,0.827361
2132,0.838924
2133,0.850842
2134,0.857708
2135,0.860998
2136,0.887578
2137,0.891979
2138,0.892448
2139,0.89375
2140,0.892786
2141,0.894062
2142,0.890226
2143,0.889653
2144,0.886215
2145,0.885573
2146,0.884462
2147,0.884036
2148,0.885981
2149,0.890946
2150,0.890052
2151,0.886788
2152,0.859427
2153,0.85625
2154,0.813976
2155,0.784036
2156,0.776719
2157,0.737222
2158,0.711545
2159,0.703958
2160,0.691302
2161,0.647214
2162,0.64934
2163,0.649531
2164,0.650651
2165,0.650252
2166,0.652135
2167,0.650312
2168,0.648359
2169,0.64605
2170,0.64572
2171,0.644193
2172,0.63697
2173,0.637648
2174,0.635234
2175,0.63296
2176,0.584531
2177,0.570903
2178,0.550191
2179,0.523394
2180,0.485851
2181,0.445885
2182,0.418733
2183,0.408377
2184,0.39342
2185,0.363941
2186,0.317717
2187,0.308472
2188,0.301632
2189,0.299384
2190,0.28901
2191,0.277075
2192,0.274227
2193,0.267535
2194,0.257422
2195,0.252934
2196,0.24533
2197,0.235747
2198,0.233403
2199,0.226502
2200,0.219774
2201,0.216806
2202,0.208568
2203,0.20283
2204,0.200026
2205,0.197248
2206,0.195747
2207,0.194878
2208,0.193455
2209,0.190964
2210,0.189444
2211,0.177266
2212,0.172656
2213,0.171311
2214,0.168342
2215,0.167135
2216,0.165972
2217,0.165087
2218,0.162648
2219,0.162561
2220,0.163064
2221,0.162648
2222,0.163134
2223,0.16283
2224,0.161458
2225,0.162214
2226,0.162161
2227,0.162474
2228,0.162196
2229,0.163142
2230,0.161745
2231,0.161415
2232,0.162083
2233,0.162179
2234,0.162326
2235,0.162865
2236,0.162335
2237,0.16204
2238,0.163681
2239,0.163264
2240,0.16395
2241,0.164757
2242,0.164306
2243,0.163741
2244,0.163307
2245,0.164774
2246,0.165764
2247,0.166094
2248,0.166302
2249,0.165512
2250,0.165226
2251,0.16592
2252,0.165521
2253,0.167118
2254,0.1673
2255,0.167292
2256,0.166068
2257,0.165894
2258,0.16684
2259,0.168238
2260,0.168437
2261,0.167431
2262,0.166354
2263,0.167865
2264,0.168299
2265,0.168681
2266,0.170035
2267,0.171293
2268,0.174418
2269,0.182786
2270,0.18645
2271,0.196832
2272,0.20533
2273,0.209766
2274,0.218967
2275,0.22947
2276,0.234826
2277,0.247873
2278,0.257457
2279,0.262127
2280,0.272457
2281,0.279618
2282,0.282326
2283,0.288594
2284,0.293724
2285,0.296285
2286,0.292231
2287,0.296606
2288,0.300321
2289,0.302778
2290,0.303411
2291,0.303689
2292,0.302622
2293,0.300877
2294,0.295556
2295,0.288394
2296,0.281536
2297,0.278967
2298,0.272023
2299,0.268472
2300,0.270243
2301,0.273672
2302,0.276832
2303,0.278984
2304,0.281111
2305,0.287023
2306,0.289549
2307,0.288984
2308,0.288915
2309,0.288229
2310,0.285773
2311,0.279627
2312,0.27934
2313,0.27559
2314,0.275712
2315,0.277847
2316,0.272248
2317,0.269931
2318,0.270156
2319,0.269505
2320,0.268924
2321,0.268142
2322,0.264271
2323,0.2573
2324,0.255781
2325,0.252734
2326,0.250425
2327,0.249809
2328,0.241884
2329,0.237274
2330,0.234123
2331,0.227691
2332,0.220365
2333,0.216493
2334,0.208672
2335,0.201753
2336,0.195825
2337,0.190764
2338,0.187839
2339,0.184288
2340,0.182205
2341,0.183177
2342,0.182569
2343,0.17908
2344,0.17947
2345,0.178889
2346,0.17783
2347,0.176259
2348,0.174931
2349,0.174983
2350,0.176875
2351,0.178698
2352,0.181701
2353,0.187587
2354,0.192405
2355,0.196892
2356,0.20145
2357,0.204288
2358,0.205521
2359,0.206962
2360,0.206363
2361,0.197856
2362,0.193177
2363,0.189392
2364,0.185938
2365,0.184635
2366,0.180608
2367,0.179158
2368,0.177127
2369,0.176849
2370,0.175425
2371,0.171042
2372,0.170295
2373,0.167448
2374,0.166458
2375,0.167118
2376,0.166589
2377,0.166155
2378,0.165608
2379,0.16355
2380,0.162405
2381,0.162266
2382,0.162465
2383,0.162778
2384,0.1652
2385,0.174714
2386,0.181172
2387,0.188299
2388,0.199444
2389,0.222726
2390,0.232396
2391,0.25138
2392,0.285104
2393,0.297448
2394,0.318125
2395,0.362865
2396,0.371918
2397,0.394757
2398,0.415373
2399,0.423385
2400,0.430764
2401,0.436606
2402,0.438142
2403,0.441406
2404,0.437309
2405,0.436224
2406,0.437917
2407,0.435486
2408,0.434288
2409,0.431016
2410,0.389227
2411,0.360495
2412,0.359184
2413,0.360174
2414,0.341884
2415,0.316328
2416,0.305148
2417,0.297509
2418,0.292804
2419,0.268741
2420,0.260017
2421,0.248038
2422,0.231571
2423,0.224601
2424,0.213811
2425,0.202474
2426,0.197439
2427,0.189905
2428,0.182075
2429,0.177795
2430,0.171189
2431,0.165573
2432,0.16362
2433,0.160122
2434,0.166441
2435,0.169679
2436,0.177656
2437,0.190799
2438,0.195972
2439,0.208394
2440,0.217734
2441,0.2248
2442,0.234167
2443,0.239618
2444,0.241979
2445,0.242474
2446,0.241632
2447,0.239523
2448,0.232639
2449,0.22625
2450,0.223481
2451,0.215955
2452,0.205356
2453,0.200608
2454,0.188281
2455,0.185903
2456,0.186519
2457,0.187318
2458,0.193559
2459,0.194748
2460,0.197205
2461,0.194219
2462,0.197248
2463,0.195634
2464,0.190495
2465,0.190191
2466,0.187951
2467,0.185521
2468,0.184957
2469,0.185503
2470,0.185122
2471,0.18355
2472,0.177977
2473,0.173342
2474,0.171753
2475,0.169436
2476,0.166363
2477,0.165781
2478,0.166823
2479,0.169219
2480,0.172196
2481,0.17651
2482,0.183064
2483,0.187491
2484,0.192474
2485,0.192977
2486,0.192352
2487,0.193351
2488,0.187031
2489,0.185095
2490,0.180391
2491,0.179627
2492,0.178932
2493,0.179175
2494,0.178264
2495,0.177917
2496,0.175972
2497,0.174158
2498,0.173359
2499,0.170833
2500,0.169549
2501,0.16895
2502,0.167622
2503,0.168446
2504,0.169271
2505,0.16954
2506,0.16875
2507,0.168481
2508,0.169314
2509,0.173568
2510,0.176536
2511,0.180842
2512,0.189262
2513,0.196033
2514,0.209332
2515,0.224089
2516,0.231311
2517,0.24362
2518,0.253507
2519,0.259149
2520,0.274592
2521,0.284939
2522,0.289826
2523,0.31283
2524,0.324844
2525,0.330043
2526,0.340495
2527,0.351007
2528,0.354063
2529,0.356589
2530,0.355252
2531,0.357804
2532,0.354965
2533,0.35395
2534,0.349887
2535,0.340807
2536,0.331693
2537,0.329948
2538,0.327378
2539,0.318437
2540,0.315217
2541,0.300842
2542,0.291163
2543,0.28579
2544,0.276302
2545,0.274809
2546,0.263707
2547,0.244505
2548,0.236319
2549,0.236155
2550,0.233663
2551,0.234679
2552,0.235434
2553,0.235399
2554,0.234332
2555,0.234852
2556,0.236293
2557,0.230009
2558,0.227222
2559,0.220373
2560,0.211476
2561,0.194019
2562,0.187891
2563,0.180807
2564,0.177526
2565,0.171102
2566,0.165104
2567,0.16276
2568,0.15862
2569,0.153689
2570,0.151571
2571,0.148637
2572,0.146563
2573,0.145859
2574,0.144635
2575,0.144375
2576,0.144531
2577,0.144644
2578,0.144661
2579,0.144818
2580,0.144783
2581,0.144583
2582,0.144592
2583,0.14441
2584,0.144549
2585,0.144635
2586,0.143203
2587,0.143151
2588,0.143307
2589,0.143247
2590,0.143333
2591,0.143437
2592,0.143455
2593,0.143403
2594,0.143316
2595,0.14342
2596,0.143403
2597,0.143455
2598,0.14362
2599,0.143533
2600,0.14349
2601,0.143238
2602,0.143351
2603,0.143516
2604,0.143793
2605,0.144019
2606,0.144106
2607,0.144097
2608,0.143924
2609,0.143941
2610,0.143785
2611,0.142674
2612,0.142361
2613,0.142899
2614,0.142908
2615,0.142969
2616,0.14296
2617,0.142882
2618,0.142995
2619,0.143116
2620,0.142969
2621,0.142917
2622,0.14309
2623,0.143168
2624,0.143299
2625,0.144878
2626,0.152101
2627,0.156701
2628,0.167101
2629,0.177648
2630,0.182648
2631,0.192908
2632,0.202639
2633,0.206493
2634,0.213759
2635,0.217118
2636,0.216918
2637,0.22026
2638,0.220321
2639,0.222587
2640,0.228325
2641,0.240964
2642,0.246198
2643,0.260156
2644,0.27401
2645,0.282778
2646,0.308012
2647,0.328707
2648,0.335582
2649,0.35934
2650,0.372075
2651,0.378125
2652,0.414436
2653,0.43691
2654,0.444965
2655,0.458507
2656,0.475694
2657,0.485981
2658,0.504028
2659,0.51112
2660,0.511102
2661,0.517674
2662,0.523082
2663,0.527917
2664,0.523134
2665,0.517161
2666,0.513429
2667,0.508628
2668,0.503507
2669,0.499766
2670,0.497248
2671,0.500087
2672,0.498924
2673,0.482639
2674,0.475434
2675,0.482075
2676,0.458889
2677,0.44921
2678,0.445052
2679,0.438628
2680,0.433576
2681,0.417266
2682,0.404201
2683,0.394922
2684,0.391762
2685,0.389549
2686,0.359826
2687,0.36125
2688,0.365781
2689,0.365391
2690,0.372865
2691,0.374844
2692,0.378854
2693,0.380122
2694,0.383403
2695,0.385729
2696,0.384262
2697,0.377622
2698,0.36974
2699,0.365694
2700,0.353307
2701,0.344939
2702,0.339418
2703,0.328003
2704,0.319306
2705,0.314748
2706,0.30566
2707,0.295278
2708,0.290981
2709,0.28434
2710,0.281189
2711,0.272188
2712,0.273125
2713,0.27454
2714,0.274878
2715,0.275148
2716,0.275304
2717,0.275035
2718,0.274783
2719,0.275547
2720,0.270894
2721,0.264991
2722,0.259306
2723,0.255851
2724,0.251658
2725,0.248993
2726,0.245816
2727,0.245052
2728,0.244115
2729,0.245356
2730,0.248889
2731,0.252109
2732,0.254097
2733,0.259774
2734,0.26454
2735,0.260017
2736,0.247917
2737,0.252552
2738,0.255252
2739,0.259592
2740,0.265495
2741,0.267309
2742,0.27158
2743,0.273455
2744,0.275443
2745,0.275894
2746,0.277821
2747,0.277595
2748,0.276024
2749,0.277925
2750,0.278342
2751,0.277856
2752,0.278281
2753,0.279757
2754,0.276441
2755,0.278047
2756,0.278212
2757,0.276606
2758,0.27737
2759,0.279592
2760,0.276788
2761,0.271181
2762,0.270391
2763,0.270017
2764,0.270139
2765,0.270052
2766,0.270035
2767,0.268924
2768,0.268194
2769,0.268377
2770,0.267101
2771,0.26704
2772,0.266632
2773,0.267691
2774,0.266641
2775,0.264262
2776,0.26408
2777,0.263377
2778,0.26217
2779,0.261606
2780,0.261319
2781,0.260122
2782,0.259583
2783,0.258828
2784,0.257951
2785,0.256276
2786,0.25217
2787,0.251675
2788,0.249271
2789,0.249436
2790,0.248385
2791,0.248186
2792,0.247951
2793,0.246814
2794,0.246016
2795,0.245512
2796,0.243238
2797,0.243724
2798,0.243333
2799,0.242682
2800,0.241701
2801,0.241224
2802,0.23974
2803,0.239592
2804,0.239236
2805,0.239245
2806,0.239288
2807,0.238993
2808,0.240564
2809,0.240486
2810,0.239618
2811,0.239158
2812,0.239002
2813,0.239262
2814,0.239748
2815,0.239557
2816,0.239792
2817,0.239809
2818,0.239896
2819,0.239549
2820,0.239575
2821,0.239757
2822,0.239679
2823,0.239722
2824,0.239323
2825,0.239358
2826,0.239045
2827,0.238828
2828,0.238646
2829,0.238524
2830,0.237769
2831,0.237543
2832,0.237344
2833,0.237049
2834,0.23678
2835,0.236519
2836,0.236641
2837,0.236328
2838,0.236927
2839,0.236814
2840,0.237101
2841,0.236997
2842,0.237057
2843,0.237066
2844,0.236997
2845,0.237083
2846,0.237517
2847,0.237457
2848,0.237309
2849,0.237292
2850,0.237413
2851,0.237899
2852,0.237934
2853,0.238247
2854,0.238394
2855,0.237977
2856,0.237795
2857,0.237552
2858,0.238012
2859,0.23822
2860,0.238715
2861,0.236832
2862,0.23704
2863,0.237795
2864,0.237665
2865,0.238394
2866,0.238707
2867,0.238724
2868,0.239227
2869,0.239844
2870,0.240373
2871,0.239644
2872,0.239783
2873,0.239497
2874,0.239323
2875,0.238828
2876,0.23908
2877,0.238038
2878,0.237969
2879,0.238464
2880,0.240946
2881,0.245382
2882,0.248394
2883,0.254236
2884,0.258342
2885,0.259297
2886,0.262708
2887,0.265043
2888,0.265295
2889,0.265972
2890,0.266849
2891,0.267648
2892,0.266944
2893,0.266519
2894,0.265686
2895,0.261788
2896,0.260825
2897,0.262361
2898,0.260174
2899,0.258793
2900,0.258611
2901,0.257031
2902,0.256189
2903,0.255634
2904,0.25467
2905,0.253533
2906,0.253542
2907,0.253359
2908,0.253828
2909,0.254028
2910,0.254401
2911,0.25145
2912,0.251606
2913,0.251172
2914,0.251788
2915,0.251528
2916,0.251944
2917,0.251745
2918,0.251363
2919,0.250582
2920,0.250425
2921,0.250347
2922,0.250825
2923,0.251172
2924,0.250885
2925,0.251189
2926,0.251094
2927,0.250278
2928,0.250425
2929,0.251094
2930,0.251667
2931,0.253776
2932,0.255148
2933,0.256172
2934,0.255998
2935,0.255408
2936,0.253194
2937,0.251797
2938,0.252231
2939,0.251918
2940,0.252847
2941,0.253446
2942,0.253924
2943,0.254253
2944,0.255165
2945,0.255009
2946,0.256493
2947,0.259462
2948,0.260799
2949,0.26375
2950,0.26947
2951,0.271458
2952,0.276884
2953,0.280451
2954,0.281771
2955,0.289349
2956,0.297274
2957,0.300312
2958,0.320972
2959,0.333038
2960,0.3577
2961,0.41158
2962,0.418385
2963,0.421441
2964,0.45204
2965,0.472431
2966,0.482448
2967,0.494392
2968,0.544314
2969,0.557222
2970,0.569835
2971,0.58605
2972,0.59605
2973,0.618724
2974,0.647925
2975,0.661155
2976,0.672075
2977,0.681762
2978,0.685868
2979,0.692457
2980,0.695911
2981,0.697769
2982,0.708637
2983,0.737283
2984,0.750069
2985,0.758134
2986,0.803932
2987,0.806441
2988,0.808724
2989,0.810191
2990,0.817231
2991,0.829366
2992,0.836615
2993,0.842899
2994,0.844826
2995,0.848082
2996,0.848316
2997,0.848194
2998,0.856719
2999,0.859097
3000,0.862092
3001,0.863872
3002,0.866424
3003,0.869245
3004,0.87053
3005,0.871285
3006,0.873134
3007,0.873941
3008,0.875052
3009,0.873724
3010,0.870503
3011,0.880668
3012,0.877005
3013,0.874575
3014,0.87355
3015,0.873073
3016,0.873715
3017,0.874939
3018,0.874965
3019,0.874896
3020,0.875703
3021,0.875009
3022,0.876207
3023,0.876484
3024,0.875799
3025,0.876901
3026,0.877622
3027,0.878741
3028,0.879418
3029,0.880825
3030,0.880573
3031,0.882127
3032,0.8827
3033,0.882266
3034,0.882049
3035,0.882127
3036,0.889479
3037,0.890877
3038,0.891302
3039,0.891259
3040,0.89145
3041,0.890851
3042,0.891432
3043,0.89072
3044,0.889957
3045,0.889991
3046,0.890425
3047,0.891493
3048,0.890998
3049,0.890807
3050,0.889818
3051,0.889453
3052,0.889332
3053,0.88849
3054,0.88796
3055,0.888898
3056,0.889071
3057,0.889375
3058,0.888064
3059,0.887361
3060,0.887335
3061,0.889531
3062,0.889314
3063,0.889253
3064,0.888802
3065,0.888108
3066,0.885538
3067,0.882569
3068,0.881155
3069,0.879366
3070,0.878924
3071,0.877691
3072,0.87803
3073,0.877509
3074,0.878082
3075,0.875946
3076,0.875547
3077,0.87474
3078,0.873351
3079,0.872899
3080,0.873108
3081,0.872465
3082,0.872804
3083,0.871771
3084,0.872361
3085,0.872752
3086,0.876545
3087,0.876276
3088,0.87434
3089,0.874071
3090,0.873255
3091,0.87447
3092,0.875035
3093,0.875799
3094,0.874844
3095,0.874549
3096,0.874852
3097,0.874062
3098,0.874514
3099,0.873628
3100,0.873837
3101,0.873264
3102,0.87428
3103,0.87434
3104,0.87329
3105,0.873568
3106,0.873498
3107,0.873134
3108,0.872569
3109,0.871545
3110,0.871641
3111,0.873958
3112,0.872648
3113,0.871337
3114,0.871944
3115,0.870599
3116,0.869583
3117,0.870582
3118,0.870095
3119,0.870451
3120,0.870564
3121,0.869583
3122,0.869115
3123,0.868064
3124,0.868377
3125,0.867986
3126,0.868437
3127,0.870087
3128,0.870286
3129,0.871337
3130,0.870842
3131,0.870616
3132,0.870391
3133,0.870972
3134,0.871337
3135,0.869922
3136,0.869696
3137,0.868264
3138,0.867448
3139,0.866076
3140,0.864852
3141,0.865712
3142,0.865755
3143,0.86487
3144,0.864549
3145,0.863819
3146,0.863255
3147,0.863707
3148,0.863481
3149,0.862995
3150,0.86171
3151,0.860981
3152,0.860321
3153,0.860304
3154,0.859549
3155,0.859583
3156,0.859175
3157,0.859141
3158,0.858672
3159,0.858533
3160,0.858646
3161,0.858715
3162,0.858741
3163,0.858785
3164,0.859184
3165,0.859358
3166,0.859106
3167,0.858898
3168,0.858976
3169,0.859071
3170,0.858802
3171,0.858351
3172,0.858559
3173,0.858507
3174,0.857795
3175,0.857821
3176,0.858003
3177,0.857639
3178,0.857708
3179,0.857491
3180,0.85816
3181,0.857474
3182,0.857005
3183,0.855859
3184,0.855165
3185,0.854748
3186,0.854714
3187,0.855313
3188,0.855564
3189,0.855339
3190,0.854705
3191,0.854688
3192,0.852569
3193,0.852422
3194,0.851649
3195,0.851944
3196,0.851832
3197,0.851762
3198,0.851571
3199,0.851554
3200,0.850833
3201,0.850035
3202,0.850321
3203,0.850156
3204,0.850434
3205,0.850286
3206,0.849766
3207,0.849826
3208,0.848793
3209,0.84849
3210,0.848707
3211,0.850313
3212,0.85026
3213,0.850061
3214,0.849974
3215,0.849844
3216,0.849193
3217,0.848273
3218,0.848628
3219,0.848273
3220,0.84855
3221,0.848082
3222,0.848385
3223,0.848377
3224,0.848264
3225,0.848108
3226,0.84776
3227,0.847899
3228,0.847543
3229,0.84724
3230,0.847318
3231,0.846866
3232,0.846797
3233,0.846111
3234,0.846432
3235,0.845503
3236,0.846953
3237,0.846571
3238,0.846736
3239,0.84671
3240,0.846623
3241,0.846545
3242,0.846224
3243,0.845851
3244,0.84572
3245,0.845729
3246,0.845469
3247,0.845226
3248,0.845408
3249,0.845174
3250,0.845313
3251,0.844661
3252,0.845165
3253,0.845443
3254,0.845503
3255,0.845538
3256,0.846024
3257,0.845712
3258,0.845764
3259,0.845286
3260,0.845087
3261,0.8473
3262,0.846927
3263,0.846554
3264,0.846658
3265,0.846571
3266,0.846293
3267,0.846589
3268,0.846215
3269,0.846102
3270,0.845929
3271,0.845859
3272,0.845694
3273,0.845425
3274,0.845399
3275,0.845278
3276,0.845677
3277,0.846198
3278,0.845677
3279,0.846424
3280,0.84658
3281,0.847196
3282,0.847535
3283,0.847595
3284,0.847604
3285,0.847509
3286,0.851189
3287,0.851033
3288,0.851128
3289,0.851102
3290,0.850903
3291,0.85072
3292,0.85046
3293,0.850313
3294,0.850356
3295,0.850547
3296,0.850425
3297,0.850634
3298,0.850174
3299,0.850052
3300,0.849696
3301,0.850035
3302,0.849549
3303,0.849566
3304,0.849774
3305,0.849922
3306,0.849705
3307,0.849462
3308,0.849557
3309,0.84934
3310,0.849271
3311,0.850833
3312,0.850512
3313,0.849714
3314,0.84954
3315,0.849418
3316,0.849861
3317,0.849826
3318,0.85033
3319,0.850382
3320,0.850208
3321,0.850686
3322,0.850443
3323,0.850391
3324,0.850286
3325,0.85046
3326,0.851589
3327,0.851797
3328,0.851979
3329,0.852101
3330,0.852309
3331,0.852222
3332,0.851858
3333,0.852222
3334,0.852335
3335,0.852257
3336,0.853108
3337,0.853394
3338,0.853359
3339,0.853342
3340,0.853681
3341,0.853099
3342,0.853464
3343,0.853394
3344,0.852578
3345,0.852396
3346,0.85197
3347,0.851667
3348,0.851233
3349,0.850938
3350,0.85099
3351,0.851042
3352,0.850955
3353,0.850582
3354,0.851693
3355,0.851832
3356,0.852023
3357,0.85197
3358,0.85191
3359,0.851918
3360,0.852405
3361,0.853533
3362,0.853576
3363,0.853819
3364,0.853837
3365,0.853785
3366,0.853898
3367,0.853863
3368,0.85388
3369,0.854245
3370,0.854028
3371,0.853941
3372,0.854002
3373,0.854132
3374,0.854115
3375,0.854227
3376,0.854071
3377,0.854045
3378,0.853993
3379,0.853724
3380,0.853715
3381,0.853759
3382,0.853446
3383,0.853446
3384,0.85362
3385,0.853802
3386,0.852778
3387,0.852778
3388,0.852873
3389,0.852778
3390,0.852743
3391,0.852908
3392,0.852865
3393,0.852648
3394,0.852569
3395,0.852092
3396,0.851406
3397,0.851146
3398,0.850964
3399,0.850911
3400,0.850964
3401,0.851059
3402,0.851155
3403,0.851198
3404,0.851163
3405,0.851128
3406,0.851215
3407,0.851302
3408,0.851198
3409,0.851198
3410,0.851259
3411,0.853707
3412,0.853915
3413,0.853733
3414,0.853715
3415,0.853733
3416,0.853446
3417,0.853429
3418,0.853229
3419,0.85316
3420,0.853186
3421,0.853116
3422,0.85322
3423,0.853082
3424,0.853134
3425,0.853073
3426,0.852865
3427,0.852839
3428,0.853125
3429,0.852873
3430,0.852639
3431,0.85283
3432,0.852908
3433,0.853628
3434,0.853767
3435,0.853828
3436,0.860356
3437,0.860156
3438,0.860061
3439,0.860061
3440,0.85967
3441,0.859601
3442,0.859766
3443,0.859609
3444,0.859531
3445,0.859878
3446,0.859809
3447,0.85974
3448,0.859514
3449,0.859314
3450,0.859601
3451,0.859653
3452,0.859852
3453,0.860139
3454,0.860234
3455,0.860373
3456,0.860243
3457,0.859939
3458,0.859896
3459,0.86013
3460,0.860035
3461,0.862118
3462,0.861771
3463,0.861918
3464,0.861866
3465,0.861649
3466,0.861172
3467,0.861111
3468,0.861076
3469,0.860469
3470,0.860651
3471,0.860573
3472,0.860512
3473,0.860477
3474,0.8602
3475,0.860087
3476,0.860009
3477,0.860095
3478,0.860009
3479,0.859826
3480,0.859826
3481,0.860165
3482,0.86013
3483,0.859913
3484,0.859783
3485,0.859714
3486,0.861484
3487,0.86105
3488,0.860955
3489,0.860938
3490,0.860755
3491,0.860703
3492,0.860651
3493,0.860538
3494,0.860087
3495,0.860278
3496,0.85987
3497,0.859983
3498,0.86
3499,0.859531
3500,0.859679
3501,0.859887
3502,0.859948
3503,0.859948
3504,0.859748
3505,0.859392
3506,0.859479
3507,0.859366
3508,0.859262
3509,0.859332
3510,0.85941
3511,0.860339
3512,0.860269
3513,0.860382
3514,0.860417
3515,0.860035
3516,0.859601
3517,0.859661
3518,0.859288
3519,0.859392
3520,0.859557
3521,0.859965
3522,0.859635
3523,0.859575
3524,0.85941
3525,0.859618
3526,0.859601
3527,0.859436
3528,0.859575
3529,0.85934
3530,0.859332
3531,0.859184
3532,0.85921
3533,0.859236
3534,0.859106
3535,0.859089
3536,0.85934
3537,0.859184
3538,0.858906
3539,0.859036
3540,0.858932
3541,0.858941
3542,0.85875
3543,0.858793
3544,0.858681
3545,0.858698
3546,0.858767
3547,0.858776
3548,0.858594
3549,0.858759
3550,0.858611
3551,0.85822
3552,0.858151
3553,0.858056
3554,0.858073
3555,0.858186
3556,0.858021
3557,0.85796
3558,0.858247
3559,0.857882
3560,0.857786
3561,0.859366
3562,0.859401
3563,0.85888
3564,0.858837
3565,0.858906
3566,0.858828
3567,0.858446
3568,0.858325
3569,0.858646
3570,0.859635
3571,0.85941
3572,0.859479
3573,0.859427
3574,0.859418
3575,0.859592
3576,0.859245
3577,0.858872
3578,0.858767
3579,0.858984
3580,0.858941
3581,0.859123
3582,0.858958
3583,0.859175
3584,0.859071
3585,0.859366
3586,0.85895
3587,0.858819
3588,0.858837
3589,0.858802
3590,0.858793
3591,0.858741
3592,0.858585
3593,0.858542
3594,0.858724
3595,0.85875
3596,0.858455
3597,0.858516
3598,0.858281
3599,0.858437
3600,0.858203
3601,0.858681
3602,0.858585
3603,0.858802
3604,0.858767
3605,0.859019
3606,0.858906
3607,0.858863
3608,0.858976
3609,0.85928
3610,0.859332
3611,0.859427
3612,0.860191
3613,0.860373
3614,0.861198
3615,0.861554
3616,0.862014
3617,0.862031
3618,0.862318
3619,0.862344
3620,0.863481
3621,0.863576
3622,0.863724
3623,0.863498
3624,0.863203
3625,0.863785
3626,0.863924
3627,0.864314
3628,0.86421
3629,0.864115
3630,0.863993
3631,0.864045
3632,0.863611
3633,0.863611
3634,0.863247
3635,0.862821
3636,0.862387
3637,0.862101
3638,0.861398
3639,0.861137
3640,0.861016
3641,0.860668
3642,0.860156
3643,0.86
3644,0.860095
3645,0.860304
3646,0.859453
3647,0.859071
3648,0.858898
3649,0.858915
3650,0.858602
3651,0.858429
3652,0.858568
3653,0.858898
3654,0.859089
3655,0.859245
3656,0.859332
3657,0.85947
3658,0.85954
3659,0.859375
3660,0.859609
3661,0.859375
3662,0.859175
3663,0.859175
3664,0.859436
3665,0.85934
3666,0.859748
3667,0.859696
3668,0.859523
3669,0.859297
3670,0.859193
3671,0.859149
3672,0.858429
3673,0.858776
3674,0.858411
3675,0.858099
3676,0.858655
3677,0.859531
3678,0.859783
3679,0.860156
3680,0.860321
3681,0.861076
3682,0.861068
3683,0.860825
3684,0.86059
3685,0.860573
3686,0.860573
3687,0.860738
3688,0.860877
3689,0.860885
3690,0.860842
3691,0.860929
3692,0.860781
3693,0.860703
3694,0.86059
3695,0.861866
3696,0.861493
3697,0.861719
3698,0.860573
3699,0.860582
3700,0.860729
3701,0.860972
3702,0.86079
3703,0.861111
3704,0.861372
3705,0.861571
3706,0.861363
3707,0.861415
3708,0.860712
3709,0.860521
3710,0.860503
3711,0.859826
3712,0.860043
3713,0.859714
3714,0.859826
3715,0.859384
3716,0.85895
3717,0.858672
3718,0.858594
3719,0.858377
3720,0.857734
3721,0.857248
3722,0.85704
3723,0.857135
3724,0.857222
3725,0.856806
3726,0.856615
3727,0.856589
3728,0.856953
3729,0.856458
3730,0.856658
3731,0.856606
3732,0.85697
3733,0.856181
3734,0.856172
3735,0.856285
3736,0.855955
3737,0.855703
3738,0.855738
3739,0.855694
3740,0.85559
3741,0.855269
3742,0.855825
3743,0.855538
3744,0.855347
3745,0.854913
3746,0.854905
3747,0.854792
3748,0.85447
3749,0.854826
3750,0.854227
3751,0.854028
3752,0.854045
3753,0.854028
3754,0.853767
3755,0.853116
3756,0.853003
3757,0.85283
3758,0.853064
3759,0.852422
3760,0.85237
3761,0.852326
3762,0.85184
3763,0.85184
3764,0.851181
3765,0.851198
3766,0.850573
3767,0.848585
3768,0.84967
3769,0.849774
3770,0.851207
3771,0.852075
3772,0.851389
3773,0.853255
3774,0.853655
3775,0.853872
3776,0.853828
3777,0.854097
3778,0.854245
3779,0.853898
3780,0.853793
3781,0.853698
3782,0.853828
3783,0.853325
3784,0.853125
3785,0.852752
3786,0.852891
3787,0.852135
3788,0.851944
3789,0.852144
3790,0.852387
3791,0.852057
3792,0.852196
3793,0.852023
3794,0.852075
3795,0.85296
3796,0.853212
3797,0.85296
3798,0.852535
3799,0.852075
3800,0.851458
3801,0.851554
3802,0.851059
3803,0.851189
3804,0.850451
3805,0.85053
3806,0.849939
3807,0.849948
3808,0.849818
3809,0.849913
3810,0.849965
3811,0.851155
3812,0.85125
3813,0.851293
3814,0.851502
3815,0.851632
3816,0.851762
3817,0.851536
3818,0.851788
3819,0.852101
3820,0.859792
3821,0.859531
3822,0.859644
3823,0.859688
3824,0.859488
3825,0.859583
3826,0.859488
3827,0.859523
3828,0.859462
3829,0.859618
3830,0.859505
3831,0.859644
3832,0.860339
3833,0.860564
3834,0.86059
3835,0.860573
3836,0.860321
3837,0.860174
3838,0.860052
3839,0.860174
3840,0.8602
3841,0.860347
3842,0.860243
3843,0.860382
3844,0.860547
3845,0.859557
3846,0.859679
3847,0.859523
3848,0.859184
3849,0.859201
3850,0.859401
3851,0.859661
3852,0.85941
3853,0.859453
3854,0.859384
3855,0.858741
3856,0.858915
3857,0.859089
3858,0.858594
3859,0.858446
3860,0.858299
3861,0.858238
3862,0.858411
3863,0.858854
3864,0.858724
3865,0.858655
3866,0.85862
3867,0.858429
3868,0.858064
3869,0.858273
3870,0.859983
3871,0.860061
3872,0.860625
3873,0.86066
3874,0.860885
3875,0.861016
3876,0.860938
3877,0.861016
3878,0.861293
3879,0.861146
3880,0.86099
3881,0.861181
3882,0.861285
3883,0.860573
3884,0.860668
3885,0.860582
3886,0.860477
3887,0.859913
3888,0.860069
3889,0.860052
3890,0.860165
3891,0.859696
3892,0.859948
3893,0.86
3894,0.859991
3895,0.861571
3896,0.86046
3897,0.859905
3898,0.860564
3899,0.859549
3900,0.858255
3901,0.85684
3902,0.856979
3903,0.858125
3904,0.858342
3905,0.859531
3906,0.860477
3907,0.859844
3908,0.859349
3909,0.859306
3910,0.859097
3911,0.859905
3912,0.859566
3913,0.859253
3914,0.859262
3915,0.85901
3916,0.858915
3917,0.858958
3918,0.858854
3919,0.858776
3920,0.859601
3921,0.85967
3922,0.859722
3923,0.859688
3924,0.860069
3925,0.859878
3926,0.859809
3927,0.859783
3928,0.859983
3929,0.860165
3930,0.859653
3931,0.859488
3932,0.858125
3933,0.859965
3934,0.859332
3935,0.85888
3936,0.859844
3937,0.859878
3938,0.860069
3939,0.860043
3940,0.859852
3941,0.860095
3942,0.859514
3943,0.859939
3944,0.860304
3945,0.860807
3946,0.860885
3947,0.860729
3948,0.860885
3949,0.861224
3950,0.860773
3951,0.86046
3952,0.860486
3953,0.860512
3954,0.860521
3955,0.860391
3956,0.860443
3957,0.86059
3958,0.860512
3959,0.860556
3960,0.860477
3961,0.860217
3962,0.859453
3963,0.858941
3964,0.859002
3965,0.858099
3966,0.858828
3967,0.859583
3968,0.859575
3969,0.859887
3970,0.861337
3971,0.861276
3972,0.861215
3973,0.861372
3974,0.861259
3975,0.861328
3976,0.860972
3977,0.860885
3978,0.860868
3979,0.861042
3980,0.861146
3981,0.86066
3982,0.859002
3983,0.859332
3984,0.855938
3985,0.85592
3986,0.854818
3987,0.856667
3988,0.856467
3989,0.85803
3990,0.859844
3991,0.860182
3992,0.860694
3993,0.860833
3994,0.860747
3995,0.860799
3996,0.860851
3997,0.860634
3998,0.86079
3999,0.860608
4000,0.860356
4001,0.860512
4002,0.860747
4003,0.860686
4004,0.860356
4005,0.860339
4006,0.860226
4007,0.860043
4008,0.860269
4009,0.860304
4010,0.860408
4011,0.860208
4012,0.860347
4013,0.86046
4014,0.860365
4015,0.860373
4016,0.8602
4017,0.860208
4018,0.860208
4019,0.860313
4020,0.861849
4021,0.861493
4022,0.860538
4023,0.861415
4024,0.860833
4025,0.860182
4026,0.860911
4027,0.860877
4028,0.859601
4029,0.858134
4030,0.858446
4031,0.858134
4032,0.85783
4033,0.857925
4034,0.858776
4035,0.859314
4036,0.859514
4037,0.859097
4038,0.86013
4039,0.859288
4040,0.858993
4041,0.860521
4042,0.860217
4043,0.859939
4044,0.859957
4045,0.860816
4046,0.86099
4047,0.860894
4048,0.860938
4049,0.860443
4050,0.860512
4051,0.860642
4052,0.86072
4053,0.860547
4054,0.860399
4055,0.860304
4056,0.86033
4057,0.860599
4058,0.86099
4059,0.860495
4060,0.860469
4061,0.860477
4062,0.860304
4063,0.860408
4064,0.860694
4065,0.860651
4066,0.860616
4067,0.860911
4068,0.861137
4069,0.861042
4070,0.861267
4071,0.860747
4072,0.860503
4073,0.860391
4074,0.859792
4075,0.860191
4076,0.860781
4077,0.860634
4078,0.860399
4079,0.860495
4080,0.860217
4081,0.85974
4082,0.859991
4083,0.860043
4084,0.8598
4085,0.859731
4086,0.859679
4087,0.859957
4088,0.859991
4089,0.86
4090,0.860078
4091,0.859896
4092,0.859601
4093,0.859583
4094,0.859609
4095,0.862656
4096,0.862396
4097,0.862109
4098,0.862187
4099,0.861589
4100,0.861432
4101,0.861372
4102,0.860911
4103,0.860486
4104,0.86072
4105,0.860964
4106,0.860729
4107,0.860929
4108,0.860503
4109,0.860365
4110,0.860373
4111,0.860321
4112,0.86013
4113,0.860191
4114,0.859644
4115,0.859288
4116,0.859549
4117,0.859245
4118,0.859375
4119,0.859288
4120,0.860043
4121,0.859826
4122,0.859766
4123,0.859748
4124,0.859514
4125,0.859575
4126,0.859514
4127,0.859583
4128,0.85947
4129,0.859332
4130,0.859149
4131,0.85862
4132,0.85842
4133,0.858333
4134,0.858056
4135,0.858299
4136,0.858082
4137,0.858264
4138,0.858116
4139,0.858472
4140,0.858299
4141,0.858273
4142,0.858238
4143,0.858533
4144,0.858021
4145,0.858733
4146,0.858203
4147,0.858646
4148,0.858264
4149,0.857795
4150,0.85809
4151,0.857578
4152,0.858116
4153,0.858437
4154,0.857708
4155,0.857465
4156,0.856979
4157,0.856814
4158,0.856554
4159,0.85572
4160,0.85572
4161,0.855069
4162,0.854375
4163,0.853524
4164,0.853594
4165,0.852908
4166,0.852457
4167,0.852639
4168,0.852778
4169,0.851658
4170,0.852561
4171,0.851345
4172,0.850634
4173,0.850156
4174,0.849696
4175,0.848984
4176,0.848663
4177,0.848568
4178,0.849575
4179,0.849106
4180,0.848681
4181,0.848689
4182,0.849983
4183,0.851398
4184,0.85546
4185,0.856233
4186,0.857995
4187,0.858203
4188,0.858082
4189,0.858967
4190,0.862257
4191,0.863828
4192,0.86441
4193,0.865009
4194,0.864774
4195,0.866623
4196,0.868168
4197,0.869531
4198,0.872188
4199,0.87217
4200,0.871667
4201,0.872179
4202,0.87197
4203,0.87099
4204,0.869045
4205,0.865938
4206,0.865564
4207,0.863394
4208,0.863299
4209,0.862821
4210,0.861736
4211,0.862387
4212,0.861832
4213,0.861328
4214,0.862014
4215,0.861832
4216,0.862187
4217,0.863021
4218,0.863837
4219,0.866997
4220,0.866701
4221,0.866745
4222,0.870677
4223,0.874106
4224,0.876181
4225,0.877309
4226,0.878125
4227,0.878889
4228,0.87987
4229,0.881389
4230,0.883021
4231,0.886658
4232,0.889757
4233,0.892144
4234,0.895347
4235,0.895295
4236,0.896311
4237,0.895764
4238,0.899062
4239,0.899575
4240,0.89822
4241,0.897934
4242,0.897535
4243,0.898967
4244,0.902205
4245,0.906502
4246,0.90276
4247,0.900087
4248,0.89928
4249,0.897231
4250,0.893038
4251,0.889965
4252,0.888047
4253,0.88704
4254,0.885425
4255,0.882318
4256,0.880677
4257,0.878698
4258,0.876832
4259,0.877448
4260,0.876285
4261,0.873507
4262,0.873854
4263,0.874245
4264,0.873776
4265,0.874479
4266,0.874132
4267,0.875087
4268,0.878003
4269,0.878958
4270,0.876484
4271,0.877057
4272,0.878542
4273,0.882135
4274,0.884392
4275,0.886285
4276,0.88803
4277,0.888889
4278,0.887943
4279,0.888108
4280,0.889401
4281,0.891337
4282,0.895833
4283,0.898481
4284,0.899635
4285,0.903533
4286,0.906615
4287,0.907682
4288,0.908012
4289,0.910226
4290,0.912813
4291,0.912535
4292,0.916172
4293,0.913151
4294,0.910582
4295,0.905946
4296,0.905139
4297,0.902891
4298,0.901198
4299,0.899531
4300,0.89572
4301,0.893915
4302,0.895148
4303,0.89322
4304,0.891927
4305,0.891528
4306,0.887726
4307,0.887101
4308,0.88651
4309,0.884661
4310,0.886606
4311,0.888472
4312,0.89105
4313,0.891076
4314,0.892188
4315,0.891814
4316,0.888663
4317,0.88763
4318,0.882222
4319,0.87724
4320,0.875035
4321,0.872865
4322,0.871849
4323,0.86862
4324,0.864835
4325,0.860087
4326,0.861476
4327,0.863316
4328,0.862474
4329,0.862951
4330,0.8652
4331,0.866936
4332,0.866259
4333,0.866762
4334,0.865807
4335,0.865174
4336,0.864661
4337,0.858194
4338,0.85572
4339,0.851762
4340,0.848099
4341,0.847969
4342,0.845885
4343,0.845174
4344,0.844826
4345,0.836285
4346,0.833785
4347,0.831875
4348,0.828446
4349,0.825191
4350,0.824262
4351,0.825078
4352,0.826354
4353,0.823646
4354,0.823976
4355,0.823082
4356,0.819722
4357,0.819878
4358,0.819418
4359,0.820182
4360,0.823438
4361,0.824991
4362,0.826102
4363,0.829262
4364,0.833889
4365,0.83329
4366,0.836927
4367,0.840703
4368,0.840243
4369,0.842821
4370,0.847109
4371,0.847222
4372,0.849644
4373,0.851901
4374,0.854601
4375,0.856918
4376,0.859497
4377,0.859661
4378,0.860799
4379,0.853993
4380,0.853403
4381,0.857144
4382,0.859062
4383,0.858828
4384,0.859792
4385,0.860373
4386,0.860104
4387,0.862786
4388,0.862604
4389,0.86349
4390,0.867109
4391,0.865981
4392,0.868194
4393,0.865764
4394,0.852656
4395,0.854479
4396,0.853472
4397,0.853924
4398,0.853507
4399,0.853021
4400,0.85428
4401,0.852422
4402,0.848733
4403,0.845799
4404,0.845026
4405,0.84217
4406,0.83842
4407,0.836589
4408,0.826328
4409,0.800156
4410,0.793681
4411,0.782214
4412,0.773967
4413,0.770304
4414,0.779106
4415,0.780625
4416,0.782448
4417,0.794271
4418,0.803273
4419,0.805104
4420,0.819063
4421,0.836823
4422,0.839175
4423,0.844627
4424,0.847977
4425,0.846884
4426,0.842179
4427,0.840738
4428,0.839974
4429,0.836042
4430,0.832023
4431,0.831693
4432,0.824991
4433,0.826736
4434,0.827422
4435,0.827595
4436,0.822344
4437,0.82145
4438,0.815382
4439,0.811198
4440,0.807378
4441,0.805781
4442,0.804661
4443,0.802101
4444,0.800139
4445,0.799271
4446,0.797517
4447,0.795799
4448,0.791441
4449,0.790668
4450,0.789861
4451,0.785972
4452,0.785825
4453,0.776536
4454,0.766719
4455,0.762839
4456,0.760139
4457,0.754696
4458,0.74947
4459,0.740677
4460,0.734549
4461,0.732387
4462,0.732778
4463,0.731293
4464,0.728967
4465,0.729358
4466,0.725712
4467,0.727135
4468,0.730156
4469,0.735564
4470,0.72941
4471,0.732778
4472,0.732257
4473,0.735799
4474,0.738915
4475,0.741519
4476,0.740156
4477,0.744661
4478,0.746163
4479,0.738967
4480,0.733793
4481,0.735859
4482,0.733533
4483,0.726328
4484,0.732865
4485,0.732552
4486,0.7375
4487,0.730339
4488,0.730938
4489,0.733516
4490,0.73816
4491,0.741806
4492,0.746849
4493,0.752552
4494,0.752995
4495,0.750382
4496,0.761372
4497,0.765512
4498,0.771962
4499,0.778151
4500,0.780347
4501,0.781554
4502,0.788602
4503,0.78737
4504,0.800391
4505,0.814106
4506,0.820842
4507,0.840903
4508,0.844245
4509,0.845503
4510,0.856997
4511,0.859679
4512,0.861927
4513,0.874019
4514,0.876901
4515,0.879297
4516,0.890642
4517,0.896484
4518,0.896641
4519,0.895929
4520,0.905408
4521,0.904227
4522,0.903576
4523,0.899566
4524,0.896858
4525,0.896866
4526,0.89474
4527,0.891762
4528,0.891615
4529,0.89737
4530,0.899497
4531,0.900026
4532,0.896858
4533,0.895104
4534,0.895061
4535,0.893698
4536,0.894323
4537,0.89566
4538,0.897847
4539,0.896936
4540,0.897457
4541,0.898672
4542,0.899071
4543,0.900911
4544,0.902188
4545,0.902214
4546,0.897726
4547,0.89375
4548,0.891467
4549,0.886892
4550,0.885668
4551,0.881415
4552,0.878455
4553,0.871936
4554,0.869748
4555,0.865851
4556,0.859462
4557,0.859262
4558,0.851884
4559,0.850069
4560,0.849453
4561,0.843733
4562,0.842934
4563,0.841337
4564,0.839323
4565,0.834766
4566,0.834158
4567,0.834358
4568,0.838967
4569,0.840443
4570,0.848646
4571,0.847934
4572,0.849792
4573,0.849566
4574,0.847309
4575,0.844349
4576,0.843715
4577,0.837552
4578,0.832474
4579,0.825425
4580,0.820946
4581,0.818793
4582,0.812943
4583,0.811892
4584,0.812075
4585,0.808186
4586,0.806884
4587,0.807222
4588,0.80638
4589,0.808837
4590,0.811684
4591,0.812083
4592,0.817257
4593,0.8227
4594,0.827101
4595,0.835668
4596,0.839115
4597,0.842179
4598,0.845972
4599,0.845747
4600,0.843325
4601,0.83888
4602,0.837092
4603,0.828325
4604,0.824227
4605,0.821953
4606,0.814722
4607,0.813082
4608,0.809809
4609,0.809149
4610,0.811467
4611,0.813377
4612,0.818507
4613,0.823455
4614,0.82513
4615,0.830807
4616,0.832552
4617,0.833776
4618,0.833368
4619,0.83329
4620,0.829939
4621,0.831901
4622,0.833793
4623,0.835017
4624,0.823958
4625,0.821146
4626,0.81763
4627,0.813602
4628,0.806033
4629,0.80375
4630,0.798785
4631,0.79217
4632,0.790417
4633,0.785634
4634,0.777873
4635,0.775729
4636,0.772014
4637,0.770816
4638,0.769175
4639,0.772769
4640,0.776241
4641,0.778819
4642,0.779167
4643,0.782214
4644,0.783872
4645,0.792005
4646,0.796155
4647,0.797899
4648,0.801016
4649,0.801745
4650,0.801016
4651,0.805312
4652,0.804913
4653,0.804661
4654,0.808186
4655,0.813976
4656,0.815825
4657,0.818759
4658,0.825304
4659,0.828064
4660,0.830477
4661,0.836866
4662,0.838811
4663,0.839783
4664,0.844184
4665,0.844809
4666,0.846623
4667,0.848741
4668,0.848437
4669,0.846832
4670,0.839349
4671,0.836884
4672,0.834349
4673,0.828238
4674,0.826016
4675,0.818689
4676,0.808012
4677,0.80375
4678,0.799722
4679,0.797335
4680,0.780035
4681,0.763872
4682,0.754731
4683,0.749722
4684,0.745043
4685,0.722535
4686,0.715634
4687,0.7052
4688,0.694835
4689,0.693212
4690,0.688012
4691,0.685252
4692,0.683342
4693,0.682708
4694,0.685503
4695,0.681458
4696,0.681988
4697,0.685182
4698,0.68428
4699,0.68829
4700,0.690868
4701,0.690616
4702,0.696363
4703,0.70092
4704,0.701858
4705,0.712283
4706,0.713385
4707,0.718238
4708,0.724314
4709,0.728325
4710,0.728672
4711,0.740087
4712,0.750877
4713,0.752361
4714,0.77717
4715,0.782023
4716,0.77901
4717,0.78053
4718,0.784913
4719,0.789175
4720,0.812257
4721,0.813845
4722,0.810278
4723,0.808984
4724,0.808542
4725,0.810764
4726,0.812109
4727,0.819722
4728,0.819957
4729,0.828194
4730,0.827422
4731,0.825208
4732,0.82809
4733,0.836727
4734,0.837405
4735,0.842491
4736,0.845998
4737,0.84822
4738,0.856892
4739,0.857726
4740,0.858524
4741,0.859488
4742,0.861241
4743,0.862118
4744,0.861424
4745,0.859748
4746,0.839201
4747,0.820972
4748,0.81572
4749,0.809583
4750,0.733837
4751,0.718281
4752,0.713516
4753,0.692257
4754,0.633455
4755,0.618168
4756,0.590773
4757,0.561007
4758,0.551198
4759,0.53158
4760,0.471215
4761,0.457431
4762,0.438993
4763,0.426858
4764,0.420286
4765,0.409271
4766,0.394783
4767,0.387517
4768,0.375104
4769,0.37066
4770,0.348759
4771,0.342786
4772,0.336918
4773,0.335035
4774,0.333325
4775,0.327778
4776,0.323602
4777,0.316623
4778,0.310035
4779,0.308229
4780,0.303064
4781,0.297708
4782,0.29553
4783,0.290252
4784,0.284835
4785,0.28105
4786,0.272066
4787,0.264332
4788,0.259913
4789,0.251372
4790,0.241328
4791,0.235894
4792,0.228759
4793,0.218958
4794,0.215495
4795,0.206997
4796,0.202326
4797,0.200434
4798,0.196302
4799,0.192561
4800,0.190573
4801,0.18737
4802,0.186172
4803,0.186068
4804,0.186267
4805,0.186554
4806,0.187075
4807,0.18717
4808,0.187352
4809,0.187431
4810,0.185842
4811,0.184201
4812,0.182144
4813,0.179358
4814,0.17704
4815,0.173924
4816,0.173403
4817,0.17224
4818,0.171597
4819,0.170573
4820,0.156814
4821,0.15658
4822,0.157153
4823,0.157179
4824,0.157335
4825,0.157483
4826,0.157283
4827,0.157448
4828,0.157509
4829,0.157552
4830,0.157526
4831,0.157378
4832,0.157552
4833,0.157205
4834,0.155825
4835,0.155807
4836,0.155807
4837,0.155764
4838,0.155842
4839,0.155729
4840,0.155807
4841,0.155833
4842,0.155556
4843,0.155729
4844,0.155729
4845,0.15592
4846,0.155608
4847,0.155747
4848,0.155634
4849,0.155634
4850,0.155503
4851,0.155556
4852,0.155651
4853,0.15566
4854,0.155573
4855,0.155781
4856,0.155799
4857,0.155781
4858,0.156076
4859,0.155946
4860,0.155998
4861,0.156198
4862,0.156189
4863,0.155972
4864,0.155781
4865,0.155773
4866,0.155564
4867,0.155807
4868,0.155773
4869,0.155807
4870,0.155816
4871,0.155694
4872,0.155799
4873,0.155781
4874,0.155538
4875,0.155694
4876,0.155677
4877,0.155495
4878,0.155208
4879,0.155156
4880,0.155339
4881,0.155243
4882,0.15533
4883,0.155278
4884,0.153047
4885,0.152986
4886,0.153229
4887,0.153168
4888,0.15309
4889,0.153099
4890,0.153377
4891,0.153455
4892,0.153307
4893,0.153611
4894,0.153585
4895,0.153394
4896,0.153377
4897,0.153177
4898,0.15303
4899,0.152969
4900,0.152726
4901,0.152665
4902,0.152613
4903,0.152535
4904,0.152639
4905,0.152943
4906,0.152995
4907,0.152882
4908,0.152726
4909,0.153108
4910,0.153273
4911,0.153542
4912,0.153594
4913,0.15362
4914,0.153672
4915,0.153585
4916,0.153655
4917,0.155807
4918,0.164592
4919,0.170443
4920,0.184245
4921,0.197465
4922,0.205773
4923,0.220998
4924,0.233889
4925,0.238533
4926,0.246241
4927,0.254983
4928,0.259392
4929,0.265217
4930,0.266363
4931,0.267969
4932,0.267604
4933,0.290703
4934,0.297717
4935,0.309375
4936,0.335842
4937,0.343142
4938,0.353238
4939,0.399913
4940,0.408307
4941,0.432092
4942,0.448247
4943,0.45625
4944,0.461545
4945,0.470443
4946,0.472856
4947,0.479418
4948,0.484392
4949,0.485608
4950,0.477804
4951,0.465842
4952,0.461059
4953,0.454314
4954,0.445095
4955,0.441024
4956,0.421424
4957,0.404175
4958,0.397752
4959,0.361979
4960,0.349036
4961,0.340625
4962,0.328316
4963,0.318125
4964,0.311085
4965,0.292049
4966,0.266623
4967,0.25625
4968,0.249219
4969,0.247821
4970,0.247092
4971,0.250859
4972,0.255521
4973,0.260781
4974,0.272413
4975,0.282431
4976,0.288715
4977,0.298715
4978,0.308021
4979,0.310503
4980,0.316658
4981,0.318082
4982,0.317153
4983,0.312873
4984,0.307847
4985,0.310278
4986,0.308559
4987,0.304132
4988,0.303125
4989,0.299488
4990,0.290608
4991,0.285668
4992,0.274002
4993,0.275182
4994,0.272613
4995,0.263134
4996,0.257943
4997,0.254896
4998,0.246172
4999,0.246832
5000,0.247283
5001,0.243845
5002,0.239392
5003,0.242057
5004,0.242517
5005,0.24092
5006,0.238993
5007,0.238863
5008,0.242205
5009,0.237083
5010,0.235825
5011,0.232344
5012,0.23158
5013,0.225286
5014,0.221476
5015,0.221562
5016,0.218446
5017,0.21474
5018,0.212882
5019,0.207934
5020,0.201363
5021,0.199748
5022,0.198403
5023,0.196736
5024,0.198585
5025,0.20171
5026,0.20599
5027,0.208915
5028,0.210677
5029,0.208125
5030,0.207509
5031,0.204913
5032,0.200139
5033,0.196797
5034,0.182899
5035,0.182075
5036,0.181962
5037,0.180373
5038,0.179462
5039,0.179045
5040,0.177943
5041,0.176285
5042,0.17375
5043,0.171892
5044,0.17013
5045,0.168924
5046,0.170165
5047,0.173516
5048,0.175825
5049,0.1825
5050,0.188351
5051,0.192274
5052,0.198238
5053,0.203776
5054,0.208325
5055,0.219062
5056,0.229601
5057,0.235512
5058,0.245252
5059,0.270738
5060,0.275981
5061,0.287431
5062,0.301302
5063,0.321667
5064,0.346484
5065,0.364427
5066,0.372214
5067,0.381389
5068,0.393941
5069,0.399167
5070,0.410208
5071,0.427127
5072,0.435408
5073,0.451441
5074,0.470807
5075,0.480174
5076,0.500095
5077,0.516233
5078,0.521736
5079,0.532517
5080,0.54309
5081,0.549175
5082,0.557682
5083,0.562405
5084,0.567752
5085,0.570616
5086,0.55572
5087,0.5548
5088,0.54684
5089,0.499488
5090,0.482908
5091,0.459453
5092,0.38566
5093,0.376736
5094,0.360425
5095,0.346172
5096,0.339991
5097,0.330642
5098,0.323637
5099,0.320104
5100,0.307092
5101,0.296649
5102,0.289366
5103,0.2723
5104,0.25441
5105,0.244757
5106,0.224661
5107,0.216328
5108,0.209679
5109,0.192569
5110,0.191944
5111,0.192266
5112,0.195087
5113,0.197283
5114,0.1998
5115,0.202483
5116,0.207405
5117,0.208351
5118,0.209852
5119,0.206927
5120,0.207318
5121,0.203021
5122,0.193299
5123,0.188837
5124,0.178351
5125,0.16612
5126,0.160955
5127,0.15151
5128,0.145156
5129,0.142448
5130,0.136901
5131,0.131788
5132,0.131068
5133,0.13092
5134,0.130217
5135,0.130451
5136,0.130503
5137,0.130825
5138,0.131016
5139,0.130842
5140,0.131085
5141,0.131085
5142,0.131033
5143,0.131033
5144,0.130972
5145,0.131259
5146,0.131406
5147,0.131415
5148,0.131528
5149,0.131554
5150,0.131632
5151,0.131606
5152,0.131719
5153,0.131849
5154,0.131953
5155,0.131875
5156,0.131944
5157,0.131858
5158,0.131849
5159,0.131545
5160,0.131658
5161,0.131979
5162,0.132005
5163,0.13197
5164,0.131997
5165,0.132066
5166,0.132248
5167,0.132387
5168,0.132309
5169,0.132405
5170,0.132318
5171,0.132517
5172,0.132622
5173,0.132613
5174,0.132812
5175,0.132804
5176,0.132743
5177,0.132778
5178,0.132691
5179,0.132604
5180,0.132613
5181,0.132665
5182,0.132665
5183,0.132613
5184,0.131632
5185,0.131693
5186,0.131832
5187,0.131901
5188,0.131693
5189,0.13184
5190,0.131901
5191,0.132109
5192,0.132109
5193,0.132057
5194,0.13197
5195,0.131675
5196,0.131736
5197,0.132248
5198,0.132491
5199,0.132465
5200,0.132188
5201,0.131875
5202,0.131979
5203,0.131927
5204,0.132031
5205,0.131962
5206,0.132005
5207,0.132257
5208,0.132179
5209,0.132283
5210,0.132344
5211,0.132309
5212,0.132431
5213,0.132396
5214,0.132474
5215,0.132648
5216,0.132526
5217,0.1325
5218,0.132448
5219,0.132483
5220,0.131727
5221,0.131745
5222,0.131944
5223,0.131901
5224,0.131875
5225,0.132248
5226,0.132543
5227,0.132552
5228,0.132509
5229,0.132457
5230,0.132517
5231,0.132509
5232,0.132569
5233,0.132622
5234,0.1327
5235,0.1327
5236,0.1327
5237,0.132674
5238,0.1327
5239,0.132604
5240,0.132422
5241,0.132405
5242,0.132422
5243,0.132439
5244,0.132387
5245,0.130026
5246,0.130122
5247,0.130382
5248,0.130278
5249,0.13013
5250,0.130087
5251,0.130078
5252,0.130156
5253,0.130208
5254,0.130226
5255,0.130365
5256,0.130443
5257,0.130538
5258,0.135148
5259,0.139835
5260,0.149392
5261,0.159609
5262,0.164549
5263,0.174627
5264,0.184028
5265,0.189549
5266,0.19974
5267,0.214418
5268,0.218568
5269,0.23263
5270,0.252344
5271,0.256363
5272,0.266832
5273,0.272552
5274,0.277352
5275,0.286181
5276,0.293021
5277,0.296832
5278,0.301988
5279,0.305339
5280,0.307153
5281,0.308368
5282,0.307891
5283,0.307092
5284,0.304905
5285,0.303273
5286,0.302179
5287,0.300399
5288,0.296953
5289,0.295903
5290,0.297161
5291,0.299661
5292,0.302057
5293,0.307717
5294,0.312778
5295,0.311675
5296,0.322491
5297,0.346832
5298,0.353776
5299,0.373368
5300,0.389227
5301,0.397274
5302,0.411285
5303,0.447153
5304,0.45487
5305,0.472934
5306,0.487396
5307,0.496649
5308,0.508542
5309,0.523819
5310,0.528359
5311,0.539696
5312,0.547734
5313,0.554896
5314,0.56487
5315,0.572587
5316,0.575859
5317,0.584418
5318,0.588776
5319,0.59408
5320,0.612057
5321,0.616788
5322,0.617179
5323,0.619253
5324,0.617023
5325,0.614922
5326,0.614036
5327,0.611215
5328,0.612326
5329,0.611745
5330,0.60678
5331,0.605469
5332,0.60204
5333,0.596953
5334,0.592083
5335,0.588151
5336,0.583429
5337,0.580764
5338,0.579878
5339,0.57375
5340,0.57342
5341,0.571545
5342,0.568707
5343,0.566285
5344,0.568299
5345,0.540069
5346,0.543646
5347,0.550451
5348,0.552934
5349,0.552752
5350,0.553194
5351,0.553793
5352,0.554523
5353,0.558281
5354,0.562943
5355,0.563733
5356,0.568377
5357,0.569783
5358,0.56954
5359,0.570451
5360,0.573116
5361,0.575747
5362,0.575486
5363,0.541536
5364,0.541181
5365,0.540929
5366,0.539036
5367,0.537786
5368,0.513368
5369,0.504236
5370,0.489036
5371,0.493342
5372,0.497378
5373,0.498299
5374,0.49704
5375,0.496493
5376,0.495955
5377,0.491597
5378,0.490113
5379,0.48921
5380,0.488542
5381,0.485729
5382,0.481684
5383,0.475191
5384,0.46763
5385,0.462483
5386,0.457734
5387,0.4548
5388,0.450972
5389,0.448837
5390,0.447292
5391,0.445417
5392,0.444314
5393,0.441024
5394,0.439401
5395,0.435564
5396,0.438142
5397,0.441042
5398,0.448038
5399,0.453967
5400,0.45434
5401,0.45908
5402,0.46112
5403,0.464453
5404,0.47059
5405,0.473845
5406,0.474896
5407,0.479896
5408,0.483854
5409,0.484887
5410,0.488533
5411,0.491207
5412,0.491389
5413,0.492899
5414,0.496884
5415,0.497066
5416,0.498264
5417,0.501302
5418,0.502639
5419,0.506181
5420,0.501311
5421,0.504262
5422,0.507578
5423,0.513359
5424,0.515556
5425,0.5225
5426,0.527995
5427,0.528333
5428,0.534245
5429,0.53651
5430,0.537231
5431,0.540712
5432,0.543715
5433,0.544002
5434,0.54526
5435,0.546901
5436,0.547943
5437,0.547465
5438,0.550295
5439,0.551458
5440,0.555182
5441,0.557309
5442,0.557839
5443,0.56224
5444,0.564132
5445,0.563472
5446,0.566667
5447,0.568776
5448,0.571389
5449,0.573811
5450,0.580321
5451,0.582248
5452,0.585217
5453,0.587795
5454,0.589132
5455,0.590095
5456,0.591068
5457,0.592569
5458,0.593203
5459,0.593446
5460,0.594175
5461,0.595191
5462,0.597969
5463,0.600738
5464,0.607092
5465,0.611085
5466,0.613958
5467,0.616241
5468,0.6175
5469,0.61987
5470,0.638698
5471,0.639922
5472,0.641589
5473,0.642031
5474,0.641979
5475,0.642535
5476,0.642318
5477,0.643516
5478,0.643924
5479,0.643837
5480,0.645156
5481,0.645556
5482,0.647161
5483,0.648481
5484,0.64895
5485,0.649306
5486,0.649306
5487,0.649818
5488,0.650035
5489,0.650582
5490,0.650955
5491,0.650955
5492,0.651198
5493,0.651467
5494,0.651615
5495,0.671536
5496,0.67191
5497,0.675703
5498,0.679158
5499,0.687986
5500,0.702049
5501,0.710998
5502,0.722674
5503,0.734609
5504,0.743733
5505,0.744349
5506,0.75112
5507,0.768819
5508,0.774444
5509,0.778741
5510,0.78145
5511,0.785781
5512,0.795043
5513,0.793238
5514,0.794271
5515,0.796892
5516,0.80013
5517,0.802101
5518,0.80151
5519,0.803932
5520,0.82408
5521,0.824844
5522,0.822187
5523,0.821172
5524,0.822552
5525,0.823333
5526,0.822483
5527,0.823464
5528,0.823446
5529,0.824314
5530,0.825538
5531,0.826267
5532,0.828724
5533,0.828429
5534,0.82855
5535,0.828837
5536,0.82862
5537,0.828333
5538,0.827969
5539,0.826319
5540,0.825755
5541,0.82559
5542,0.824809
5543,0.825686
5544,0.825781
5545,0.83138
5546,0.831059
5547,0.831302
5548,0.830781
5549,0.83099
5550,0.831311
5551,0.831345
5552,0.831615
5553,0.831363
5554,0.831215
5555,0.831042
5556,0.830773
5557,0.830642
5558,0.830712
5559,0.830512
5560,0.830191
5561,0.83033
5562,0.830556
5563,0.830877
5564,0.82895
5565,0.828698
5566,0.828628
5567,0.828811
5568,0.82888
5569,0.828898
5570,0.823394
5571,0.82296
5572,0.821241
5573,0.819271
5574,0.818498
5575,0.818273
5576,0.817109
5577,0.817595
5578,0.816875
5579,0.816918
5580,0.816936
5581,0.816076
5582,0.815599
5583,0.8152
5584,0.814913
5585,0.815981
5586,0.816476
5587,0.816736
5588,0.818325
5589,0.818073
5590,0.819497
5591,0.820556
5592,0.820668
5593,0.821311
5594,0.821823
5595,0.823707
5596,0.823446
5597,0.822083
5598,0.82204
5599,0.822292
5600,0.822031
5601,0.821988
5602,0.821467
5603,0.82112
5604,0.82059
5605,0.821363
5606,0.82046
5607,0.820148
5608,0.820095
5609,0.819957
5610,0.81974
5611,0.818793
5612,0.819575
5613,0.818958
5614,0.818663
5615,0.818333
5616,0.817995
5617,0.816571
5618,0.815642
5619,0.81441
5620,0.811597
5621,0.810964
5622,0.809922
5623,0.810061
5624,0.80967
5625,0.810234
5626,0.809583
5627,0.80941
5628,0.810191
5629,0.809314
5630,0.808976
5631,0.809575
5632,0.808837
5633,0.809384
5634,0.809332
5635,0.809523
5636,0.810781
5637,0.811363
5638,0.811319
5639,0.811389
5640,0.811241
5641,0.811788
5642,0.812726
5643,0.813611
5644,0.812457
5645,0.814731
5646,0.814696
5647,0.815356
5648,0.814974
5649,0.814939
5650,0.81447
5651,0.814592
5652,0.813559
5653,0.813012
5654,0.810781
5655,0.810278
5656,0.80855
5657,0.808212
5658,0.807179
5659,0.808047
5660,0.808238
5661,0.808264
5662,0.808533
5663,0.807743
5664,0.808203
5665,0.808368
5666,0.807934
5667,0.807943
5668,0.807786
5669,0.807786
5670,0.805139
5671,0.804974
5672,0.805399
5673,0.80533
5674,0.80513
5675,0.805017
5676,0.805703
5677,0.805556
5678,0.805642
5679,0.806033
5680,0.806354
5681,0.805799
5682,0.805981
5683,0.805651
5684,0.805443
5685,0.805156
5686,0.804931
5687,0.805
5688,0.805182
5689,0.805156
5690,0.805365
5691,0.805286
5692,0.805321
5693,0.805052
5694,0.805755
5695,0.809601
5696,0.809835
5697,0.810269
5698,0.81066
5699,0.810842
5700,0.810538
5701,0.808212
5702,0.807231
5703,0.806675
5704,0.80605
5705,0.805582
5706,0.805382
5707,0.804974
5708,0.80546
5709,0.805807
5710,0.805764
5711,0.805825
5712,0.805755
5713,0.804844
5714,0.804688
5715,0.804991
5716,0.804661
5717,0.804566
5718,0.805425
5719,0.80513
5720,0.808828
5721,0.808342
5722,0.808507
