framenum,queue density
1,0.259097
2,0.254141
3,0.251597
4,0.248212
5,0.245347
6,0.244497
7,0.244583
8,0.249983
9,0.251727
10,0.258741
11,0.267882
12,0.272405
13,0.283273
14,0.292161
15,0.294167
16,0.301241
17,0.308186
18,0.310512
19,0.317222
20,0.316849
21,0.319688
22,0.323342
23,0.329123
24,0.32941
25,0.331076
26,0.328142
27,0.328724
28,0.324601
29,0.32401
30,0.324436
31,0.32184
32,0.323325
33,0.322066
34,0.322127
35,0.32329
36,0.322413
37,0.322465
38,0.323594
39,0.325191
40,0.323872
41,0.324792
42,0.324601
43,0.322266
44,0.322318
45,0.309844
46,0.308594
47,0.308481
48,0.30572
49,0.305738
50,0.305295
51,0.302778
52,0.301024
53,0.300043
54,0.300833
55,0.298464
56,0.297951
57,0.298594
58,0.297517
59,0.297804
60,0.297465
61,0.298793
62,0.297891
63,0.297118
64,0.296085
65,0.296215
66,0.295668
67,0.29533
68,0.29441
69,0.294549
70,0.289175
71,0.289045
72,0.290556
73,0.2923
74,0.294227
75,0.294288
76,0.295929
77,0.295764
78,0.296033
79,0.294583
80,0.295894
81,0.297049
82,0.298845
83,0.30178
84,0.303342
85,0.30822
86,0.315286
87,0.317691
88,0.32638
89,0.335174
90,0.336372
91,0.344427
92,0.350642
93,0.354019
94,0.360538
95,0.370625
96,0.373342
97,0.38066
98,0.385495
99,0.390911
100,0.396354
101,0.401293
102,0.404019
103,0.407604
104,0.409714
105,0.41026
106,0.409028
107,0.40908
108,0.407613
109,0.407474
110,0.406016
111,0.40572
112,0.403299
113,0.401641
114,0.399861
115,0.398082
116,0.39704
117,0.393238
118,0.39237
119,0.391623
120,0.381962
121,0.384974
122,0.39026
123,0.392769
124,0.399019
125,0.402726
126,0.4052
127,0.409661
128,0.412969
129,0.415729
130,0.417135
131,0.422352
132,0.424262
133,0.426563
134,0.426398
135,0.428924
136,0.431823
137,0.432222
138,0.431936
139,0.434332
140,0.431884
141,0.433299
142,0.430868
143,0.431354
144,0.430087
145,0.418359
146,0.419036
147,0.419792
148,0.41697
149,0.417387
150,0.41546
151,0.412509
152,0.410373
153,0.408663
154,0.406111
155,0.402266
156,0.399635
157,0.396102
158,0.391589
159,0.390174
160,0.387248
161,0.386493
162,0.385477
163,0.382682
164,0.381528
165,0.380148
166,0.37822
167,0.375816
168,0.376415
169,0.375104
170,0.369479
171,0.369427
172,0.36829
173,0.366181
174,0.365955
175,0.36421
176,0.363993
177,0.362214
178,0.36296
179,0.362804
180,0.361519
181,0.361415
182,0.359193
183,0.359366
184,0.357804
185,0.358377
186,0.356641
187,0.356328
188,0.355226
189,0.354427
190,0.353568
191,0.354149
192,0.354167
193,0.352951
194,0.352066
195,0.348889
196,0.348429
197,0.348958
198,0.348854
199,0.348299
200,0.348672
201,0.348316
202,0.348681
203,0.348576
204,0.348542
205,0.347752
206,0.347292
207,0.347109
208,0.34671
209,0.347144
210,0.347222
211,0.34796
212,0.348342
213,0.347743
214,0.347778
215,0.347578
216,0.348168
217,0.347413
218,0.34737
219,0.347326
220,0.347778
221,0.34763
222,0.347439
223,0.347769
224,0.347196
225,0.347214
226,0.346866
227,0.347231
228,0.347127
229,0.346684
230,0.34671
231,0.346519
232,0.346328
233,0.346684
234,0.34678
235,0.347266
236,0.347604
237,0.347196
238,0.347075
239,0.345964
240,0.345807
241,0.34553
242,0.345842
243,0.345226
244,0.345547
245,0.34533
246,0.345634
247,0.345712
248,0.34559
249,0.346319
250,0.34697
251,0.347474
252,0.347101
253,0.347161
254,0.347179
255,0.346944
256,0.34737
257,0.347474
258,0.347413
259,0.34724
260,0.34724
261,0.347431
262,0.34671
263,0.346649
264,0.345677
265,0.345608
266,0.345052
267,0.344957
268,0.344844
269,0.344444
270,0.340417
271,0.340148
272,0.340668
273,0.340851
274,0.340503
275,0.339731
276,0.339401
277,0.338594
278,0.338264
279,0.337847
280,0.33803
281,0.339245
282,0.339826
283,0.341372
284,0.342257
285,0.342144
286,0.343134
287,0.344236
288,0.344288
289,0.344297
290,0.343976
291,0.343559
292,0.343264
293,0.342075
294,0.34151
295,0.337231
296,0.336458
297,0.336215
298,0.335017
299,0.333828
300,0.33395
301,0.33342
302,0.333255
303,0.332839
304,0.332943
305,0.333333
306,0.333498
307,0.333733
308,0.333984
309,0.333672
310,0.333915
311,0.334783
312,0.334705
313,0.333811
314,0.334792
315,0.334922
316,0.335095
317,0.335226
318,0.335078
319,0.33474
320,0.33783
321,0.338177
322,0.33822
323,0.338238
324,0.338507
325,0.338767
326,0.339175
327,0.33954
328,0.339592
329,0.339523
330,0.339731
331,0.339905
332,0.340304
333,0.340347
334,0.340712
335,0.340642
336,0.340833
337,0.340851
338,0.340495
339,0.340477
340,0.340833
341,0.341189
342,0.341458
343,0.34322
344,0.34553
345,0.348672
346,0.351267
347,0.353455
348,0.354774
349,0.357708
350,0.359549
351,0.360608
352,0.36316
353,0.364931
354,0.36612
355,0.367457
356,0.369809
357,0.370165
358,0.372049
359,0.373533
360,0.374384
361,0.37559
362,0.376215
363,0.376675
364,0.376927
365,0.376467
366,0.375286
367,0.375321
368,0.373906
369,0.373108
370,0.365964
371,0.365851
372,0.366207
373,0.365347
374,0.364427
375,0.363932
376,0.363646
377,0.363533
378,0.362266
379,0.36125
380,0.360347
381,0.359601
382,0.35875
383,0.358707
384,0.358212
385,0.358368
386,0.360443
387,0.360391
388,0.36276
389,0.365182
390,0.366016
391,0.370512
392,0.374566
393,0.375391
394,0.379505
395,0.376823
396,0.378481
397,0.383134
398,0.385165
399,0.385608
400,0.387031
401,0.388976
402,0.389774
403,0.392873
404,0.394332
405,0.394688
406,0.397101
407,0.399167
408,0.400425
409,0.404358
410,0.407075
411,0.408863
412,0.412448
413,0.416224
414,0.417726
415,0.422257
416,0.424193
417,0.42638
418,0.429106
419,0.431432
420,0.431979
421,0.436736
422,0.440425
423,0.440747
424,0.44822
425,0.453212
426,0.455148
427,0.460651
428,0.465677
429,0.468628
430,0.474314
431,0.478863
432,0.482865
433,0.489167
434,0.49434
435,0.496502
436,0.500686
437,0.506606
438,0.508281
439,0.513203
440,0.516901
441,0.519905
442,0.523811
443,0.525634
444,0.527049
445,0.536858
446,0.539002
447,0.539991
448,0.543533
449,0.546085
450,0.546806
451,0.550139
452,0.551832
453,0.551901
454,0.55454
455,0.556406
456,0.557986
457,0.559323
458,0.563142
459,0.564097
460,0.565885
461,0.569262
462,0.569557
463,0.571033
464,0.573637
465,0.576128
466,0.577821
467,0.578177
468,0.579705
469,0.580191
470,0.595286
471,0.595877
472,0.596849
473,0.597335
474,0.596953
475,0.596484
476,0.596918
477,0.597856
478,0.598837
479,0.600252
480,0.599479
481,0.600738
482,0.600104
483,0.599861
484,0.600755
485,0.600894
486,0.600712
487,0.600894
488,0.600061
489,0.600425
490,0.600911
491,0.601806
492,0.601502
493,0.601675
494,0.602899
495,0.601215
496,0.601641
497,0.602865
498,0.6023
499,0.602101
500,0.601615
501,0.600755
502,0.600608
503,0.600503
504,0.601155
505,0.600955
506,0.599688
507,0.599089
508,0.598707
509,0.59671
510,0.597622
511,0.596701
512,0.598715
513,0.598715
514,0.600877
515,0.602431
516,0.604201
517,0.612656
518,0.619418
519,0.62355
520,0.642318
521,0.645017
522,0.648898
523,0.654488
524,0.664306
525,0.668602
526,0.67217
527,0.676155
528,0.68105
529,0.681398
530,0.684002
531,0.687726
532,0.688177
533,0.68717
534,0.689227
535,0.690425
536,0.690599
537,0.689957
538,0.691337
539,0.692483
540,0.692743
541,0.693767
542,0.694384
543,0.69467
544,0.695043
545,0.70862
546,0.708967
547,0.708359
548,0.707083
549,0.706502
550,0.707092
551,0.705738
552,0.705738
553,0.704861
554,0.703333
555,0.703837
556,0.701589
557,0.700443
558,0.700911
559,0.699644
560,0.699635
561,0.699653
562,0.699852
563,0.700286
564,0.699462
565,0.699696
566,0.69921
567,0.700373
568,0.699896
569,0.701311
570,0.695234
571,0.695512
572,0.693967
573,0.694731
574,0.69572
575,0.694757
576,0.694089
577,0.693941
578,0.693707
579,0.693585
580,0.693047
581,0.693247
582,0.69237
583,0.692448
584,0.692196
585,0.691484
586,0.691806
587,0.691693
588,0.691944
589,0.691675
590,0.692283
591,0.692448
592,0.692613
593,0.696215
594,0.69776
595,0.716345
596,0.719948
597,0.722752
598,0.72928
599,0.730781
600,0.733194
601,0.734366
602,0.734922
603,0.735825
604,0.736406
605,0.737509
606,0.737049
607,0.741615
608,0.74796
609,0.748455
610,0.755017
611,0.756354
612,0.757717
613,0.758776
614,0.759957
615,0.76112
616,0.762457
617,0.763142
618,0.762274
619,0.761319
620,0.784149
621,0.782457
622,0.782231
623,0.782153
624,0.781849
625,0.78158
626,0.781788
627,0.783672
628,0.78276
629,0.782865
630,0.783602
631,0.788898
632,0.789497
633,0.794809
634,0.796398
635,0.796484
636,0.798984
637,0.799184
638,0.7998
639,0.803637
640,0.802908
641,0.803802
642,0.805634
643,0.804878
644,0.803663
645,0.816024
646,0.81572
647,0.815642
648,0.815851
649,0.81566
650,0.81592
651,0.8152
652,0.81533
653,0.815339
654,0.820148
655,0.823663
656,0.824167
657,0.822187
658,0.824089
659,0.82276
660,0.822734
661,0.822031
662,0.820634
663,0.824653
664,0.824045
665,0.821684
666,0.821623
667,0.820469
668,0.819306
669,0.820434
670,0.819036
671,0.819375
672,0.81862
673,0.817413
674,0.817283
675,0.816102
676,0.817049
677,0.817934
678,0.816554
679,0.818741
680,0.817578
681,0.817925
682,0.816953
683,0.816432
684,0.815469
685,0.815399
686,0.81395
687,0.813559
688,0.811597
689,0.811736
690,0.810148
691,0.808507
692,0.810035
693,0.808741
694,0.809019
695,0.814627
696,0.811892
697,0.811832
698,0.811858
699,0.811918
700,0.810443
701,0.810625
702,0.812066
703,0.812187
704,0.815851
705,0.814974
706,0.818932
707,0.818099
708,0.820295
709,0.820408
710,0.822934
711,0.823993
712,0.825217
713,0.824878
714,0.825642
715,0.825608
716,0.826536
717,0.826788
718,0.827431
719,0.828307
720,0.83724
721,0.838134
722,0.837161
723,0.837622
724,0.837543
725,0.838542
726,0.838611
727,0.837908
728,0.837569
729,0.83783
730,0.837561
731,0.838073
732,0.838715
733,0.838984
734,0.839245
735,0.839384
736,0.838828
737,0.838559
738,0.838594
739,0.838186
740,0.837951
741,0.83809
742,0.837839
743,0.838134
744,0.838186
745,0.839375
746,0.840043
747,0.839887
748,0.840061
749,0.839991
750,0.839931
751,0.840451
752,0.840252
753,0.840139
754,0.840234
755,0.840165
756,0.840339
757,0.840243
758,0.840547
759,0.840486
760,0.840582
761,0.840399
762,0.840399
763,0.840703
764,0.840816
765,0.840911
766,0.84112
767,0.840964
768,0.841094
769,0.841189
770,0.845712
771,0.845712
772,0.845503
773,0.845738
774,0.845599
775,0.845538
776,0.845625
777,0.845764
778,0.845521
779,0.84546
780,0.845547
781,0.845339
782,0.845425
783,0.844957
784,0.845243
785,0.844922
786,0.84487
787,0.844835
788,0.845252
789,0.844948
790,0.844583
791,0.845035
792,0.844549
793,0.844158
794,0.843785
795,0.841623
796,0.841545
797,0.841328
798,0.840764
799,0.841016
800,0.841155
801,0.840573
802,0.840547
803,0.84105
804,0.840885
805,0.840755
806,0.840321
807,0.839974
808,0.839601
809,0.838498
810,0.838568
811,0.837908
812,0.83776
813,0.838872
814,0.839644
815,0.840078
816,0.840686
817,0.840816
818,0.841076
819,0.841389
820,0.843403
821,0.843281
822,0.842969
823,0.843733
824,0.844262
825,0.844618
826,0.845017
827,0.845608
828,0.845911
829,0.846536
830,0.846554
831,0.84651
832,0.846649
833,0.847083
834,0.847153
835,0.847422
836,0.847283
837,0.847092
838,0.847023
839,0.847326
840,0.84704
841,0.84717
842,0.847153
843,0.84724
844,0.847804
845,0.848837
846,0.84908
847,0.849427
848,0.84967
849,0.849557
850,0.849227
851,0.849227
852,0.849332
853,0.849141
854,0.849158
855,0.849271
856,0.848932
857,0.84888
858,0.848733
859,0.848585
860,0.84842
861,0.848125
862,0.848342
863,0.848238
864,0.84816
865,0.848186
866,0.847865
867,0.847977
868,0.848186
869,0.848359
870,0.847405
871,0.847318
872,0.847057
873,0.84691
874,0.846727
875,0.846988
876,0.84671
877,0.846727
878,0.847109
879,0.847266
880,0.848125
881,0.848142
882,0.848099
883,0.848099
884,0.84803
885,0.848446
886,0.848611
887,0.848976
888,0.849323
889,0.849262
890,0.849427
891,0.84934
892,0.849392
893,0.849557
894,0.849392
895,0.849566
896,0.849792
897,0.849679
898,0.85
899,0.84974
900,0.849766
901,0.849653
902,0.84974
903,0.849688
904,0.849635
905,0.850278
906,0.850399
907,0.850521
908,0.850859
909,0.851259
910,0.851328
911,0.851189
912,0.85145
913,0.851241
914,0.851658
915,0.851719
916,0.851762
917,0.851606
918,0.85059
919,0.850313
920,0.849931
921,0.849922
922,0.850043
923,0.850191
924,0.850226
925,0.850269
926,0.85
927,0.850043
928,0.850234
929,0.850243
930,0.849705
931,0.849531
932,0.84974
933,0.849783
934,0.84987
935,0.849861
936,0.849957
937,0.849427
938,0.849089
939,0.84921
940,0.848906
941,0.848733
942,0.84822
943,0.848264
944,0.848151
945,0.848134
946,0.84803
947,0.848203
948,0.848368
949,0.848151
950,0.848229
951,0.848142
952,0.848168
953,0.848194
954,0.848064
955,0.848984
956,0.848689
957,0.848767
958,0.848498
959,0.848385
960,0.848377
961,0.848924
962,0.848967
963,0.849036
964,0.849306
965,0.849262
966,0.849497
967,0.849688
968,0.849688
969,0.84947
970,0.849288
971,0.849115
972,0.849193
973,0.848958
974,0.848472
975,0.848264
976,0.848168
977,0.847899
978,0.847752
979,0.847552
980,0.846094
981,0.845885
982,0.846007
983,0.846224
984,0.846545
985,0.847014
986,0.847326
987,0.847396
988,0.847656
989,0.847899
990,0.847943
991,0.847743
992,0.847491
993,0.8477
994,0.847804
995,0.847821
996,0.847674
997,0.84763
998,0.847943
999,0.847925
1000,0.848116
1001,0.848177
1002,0.84822
1003,0.848411
1004,0.848377
1005,0.849375
1006,0.849366
1007,0.848889
1008,0.849063
1009,0.848845
1010,0.848967
1011,0.846997
1012,0.847222
1013,0.846745
1014,0.846736
1015,0.846762
1016,0.846875
1017,0.846684
1018,0.846806
1019,0.846901
1020,0.847075
1021,0.847222
1022,0.846944
1023,0.84651
1024,0.846476
1025,0.845955
1026,0.845668
1027,0.845729
1028,0.845686
1029,0.84599
1030,0.846302
1031,0.84645
1032,0.846597
1033,0.846345
1034,0.846276
1035,0.846415
1036,0.847786
1037,0.847726
1038,0.847422
1039,0.847439
1040,0.847457
1041,0.847344
1042,0.847569
1043,0.847448
1044,0.847517
1045,0.847743
1046,0.847622
1047,0.847361
1048,0.847205
1049,0.847214
1050,0.847135
1051,0.847326
1052,0.847457
1053,0.8475
1054,0.847387
1055,0.847231
1056,0.847187
1057,0.847075
1058,0.847135
1059,0.8475
1060,0.847439
1061,0.84645
1062,0.846562
1063,0.846649
1064,0.846155
1065,0.846372
1066,0.846719
1067,0.846528
1068,0.846571
1069,0.846771
1070,0.846988
1071,0.846927
1072,0.84763
1073,0.847118
1074,0.847014
1075,0.847196
1076,0.847266
1077,0.847075
1078,0.847144
1079,0.847431
1080,0.847257
1081,0.847005
1082,0.846936
1083,0.846823
1084,0.846953
1085,0.847214
1086,0.845391
1087,0.845356
1088,0.845234
1089,0.845148
1090,0.845616
1091,0.84599
1092,0.84612
1093,0.845825
1094,0.845911
1095,0.845738
1096,0.845417
1097,0.845773
1098,0.845825
1099,0.846007
1100,0.846094
1101,0.845547
1102,0.845625
1103,0.84559
1104,0.845469
1105,0.845365
1106,0.845399
1107,0.845608
1108,0.845512
1109,0.845495
1110,0.845486
1111,0.845243
1112,0.845269
1113,0.84579
1114,0.845825
1115,0.845764
1116,0.846068
1117,0.845938
1118,0.84605
1119,0.846319
1120,0.846476
1121,0.84638
1122,0.846641
1123,0.846589
1124,0.846441
1125,0.846562
1126,0.845955
1127,0.845634
1128,0.84467
1129,0.844436
1130,0.844245
1131,0.843854
1132,0.843637
1133,0.844019
1134,0.843568
1135,0.84428
1136,0.845521
1137,0.84533
1138,0.845313
1139,0.845017
1140,0.844948
1141,0.845156
1142,0.845321
1143,0.844531
1144,0.84487
1145,0.844957
1146,0.844861
1147,0.844705
1148,0.844826
1149,0.845148
1150,0.845477
1151,0.845547
1152,0.846285
1153,0.846597
1154,0.846832
1155,0.846667
1156,0.84684
1157,0.846432
1158,0.846562
1159,0.846285
1160,0.846007
1161,0.844193
1162,0.844201
1163,0.843828
1164,0.843229
1165,0.843646
1166,0.843924
1167,0.843698
1168,0.844488
1169,0.84487
1170,0.845651
1171,0.845972
1172,0.846328
1173,0.845729
1174,0.846528
1175,0.846979
1176,0.846901
1177,0.846884
1178,0.846797
1179,0.84612
1180,0.846267
1181,0.846233
1182,0.846458
1183,0.84612
1184,0.846181
1185,0.846102
1186,0.847005
1187,0.847031
1188,0.847031
1189,0.8473
1190,0.847127
1191,0.847457
1192,0.847005
1193,0.846866
1194,0.847266
1195,0.84678
1196,0.846519
1197,0.846684
1198,0.846649
1199,0.846858
1200,0.846285
1201,0.846267
1202,0.846267
1203,0.846892
1204,0.846719
1205,0.846372
1206,0.846493
1207,0.846476
1208,0.846788
1209,0.846797
1210,0.84671
1211,0.847465
1212,0.8473
1213,0.846988
1214,0.846762
1215,0.846762
1216,0.846814
1217,0.846545
1218,0.846658
1219,0.846667
1220,0.846858
1221,0.84684
1222,0.846892
1223,0.846962
1224,0.846701
1225,0.846892
1226,0.846953
1227,0.847023
1228,0.846997
1229,0.847109
1230,0.8473
1231,0.847248
1232,0.84697
1233,0.846988
1234,0.846771
1235,0.846276
1236,0.845807
1237,0.845052
1238,0.844818
1239,0.844349
1240,0.844479
1241,0.844488
1242,0.844549
1243,0.84474
1244,0.8448
1245,0.844792
1246,0.845859
1247,0.846007
1248,0.846076
1249,0.845651
1250,0.845286
1251,0.845686
1252,0.845382
1253,0.845503
1254,0.845451
1255,0.84605
1256,0.845938
1257,0.845903
1258,0.84599
1259,0.845938
1260,0.845877
1261,0.845243
1262,0.845191
1263,0.84546
1264,0.845365
1265,0.84526
1266,0.845313
1267,0.845
1268,0.844575
1269,0.844774
1270,0.845191
1271,0.845226
1272,0.844983
1273,0.844948
1274,0.844757
1275,0.845286
1276,0.845512
1277,0.845547
1278,0.845807
1279,0.846641
1280,0.846354
1281,0.846641
1282,0.846953
1283,0.847023
1284,0.847014
1285,0.846944
1286,0.846163
1287,0.845703
1288,0.845286
1289,0.844835
1290,0.844453
1291,0.844852
1292,0.844679
1293,0.845043
1294,0.844905
1295,0.845139
1296,0.845052
1297,0.844288
1298,0.844227
1299,0.84467
1300,0.845252
1301,0.845425
1302,0.845495
1303,0.845616
1304,0.845894
1305,0.84605
1306,0.845972
1307,0.846024
1308,0.846068
1309,0.845816
1310,0.845443
1311,0.846606
1312,0.846745
1313,0.846224
1314,0.845825
1315,0.845703
1316,0.845339
1317,0.845278
1318,0.846102
1319,0.846076
1320,0.846198
1321,0.846536
1322,0.846389
1323,0.84678
1324,0.846753
1325,0.84658
1326,0.846693
1327,0.846736
1328,0.846866
1329,0.846962
1330,0.847422
1331,0.847179
1332,0.847075
1333,0.846528
1334,0.846615
1335,0.846806
1336,0.846172
1337,0.846276
1338,0.846102
1339,0.846111
1340,0.846233
1341,0.846562
1342,0.846276
1343,0.84638
1344,0.846319
1345,0.846189
1346,0.846997
1347,0.846606
1348,0.846736
1349,0.845885
1350,0.845764
1351,0.845347
1352,0.845642
1353,0.845729
1354,0.845321
1355,0.845069
1356,0.845712
1357,0.845755
1358,0.846042
1359,0.845234
1360,0.845486
1361,0.845486
1362,0.844983
1363,0.845148
1364,0.845417
1365,0.844922
1366,0.844826
1367,0.844835
1368,0.844809
1369,0.844349
1370,0.84434
1371,0.844948
1372,0.845747
1373,0.84546
1374,0.845148
1375,0.845156
1376,0.845243
1377,0.844957
1378,0.845104
1379,0.8452
1380,0.845373
1381,0.84605
1382,0.84599
1383,0.846137
1384,0.846155
1385,0.84658
1386,0.846033
1387,0.846007
1388,0.846094
1389,0.846102
1390,0.845981
1391,0.846441
1392,0.847656
1393,0.847604
1394,0.847266
1395,0.847665
1396,0.848012
1397,0.847812
1398,0.848212
1399,0.848229
1400,0.848507
1401,0.84822
1402,0.848247
1403,0.848142
1404,0.849219
1405,0.849036
1406,0.848915
1407,0.848698
1408,0.848802
1409,0.848958
1410,0.848967
1411,0.849106
1412,0.849783
1413,0.849792
1414,0.848759
1415,0.84921
1416,0.849549
1417,0.850295
1418,0.850747
1419,0.8498
1420,0.850061
1421,0.85
1422,0.850538
1423,0.850877
1424,0.850903
1425,0.850833
1426,0.85125
1427,0.850599
1428,0.852335
1429,0.851241
1430,0.851102
1431,0.849974
1432,0.850443
1433,0.849514
1434,0.850807
1435,0.849714
1436,0.851936
1437,0.852075
1438,0.851363
1439,0.851476
1440,0.853212
1441,0.85263
1442,0.852995
1443,0.852969
1444,0.854227
1445,0.853168
1446,0.854314
1447,0.856224
1448,0.856372
1449,0.85691
1450,0.857587
1451,0.85678
1452,0.856259
1453,0.857144
1454,0.855573
1455,0.855052
1456,0.855191
1457,0.857075
1458,0.85645
1459,0.858116
1460,0.856128
1461,0.85776
1462,0.85895
1463,0.858038
1464,0.857543
1465,0.857569
1466,0.856979
1467,0.857734
1468,0.859922
1469,0.857769
1470,0.859193
1471,0.859618
1472,0.861554
1473,0.861484
1474,0.861215
1475,0.861528
1476,0.861918
1477,0.863003
1478,0.863854
1479,0.862769
1480,0.862127
1481,0.862977
1482,0.863646
1483,0.864644
1484,0.86651
1485,0.865417
1486,0.867318
1487,0.867552
1488,0.867865
1489,0.868854
1490,0.868238
1491,0.871554
1492,0.871319
1493,0.872309
1494,0.8752
1495,0.878325
1496,0.879184
1497,0.87974
1498,0.87862
1499,0.876042
1500,0.875764
1501,0.872292
1502,0.870573
1503,0.868707
1504,0.867726
1505,0.866432
1506,0.867439
1507,0.867127
1508,0.867474
1509,0.867205
1510,0.867604
1511,0.869427
1512,0.869028
1513,0.869844
1514,0.873247
1515,0.874062
1516,0.872769
1517,0.874714
1518,0.874618
1519,0.875286
1520,0.8752
1521,0.87441
1522,0.870738
1523,0.873264
1524,0.874609
1525,0.873707
1526,0.875156
1527,0.878394
1528,0.879826
1529,0.878724
1530,0.878116
1531,0.879054
1532,0.879132
1533,0.880078
1534,0.879531
1535,0.880938
1536,0.878993
1537,0.877153
1538,0.875503
1539,0.875399
1540,0.874036
1541,0.87388
1542,0.874175
1543,0.872153
1544,0.873125
1545,0.873854
1546,0.876493
1547,0.87638
1548,0.875243
1549,0.875339
1550,0.874714
1551,0.876059
1552,0.876319
1553,0.87849
1554,0.879071
1555,0.87928
1556,0.878073
1557,0.882101
1558,0.882899
1559,0.881884
1560,0.883793
1561,0.881111
1562,0.880191
1563,0.876832
1564,0.875859
1565,0.875373
1566,0.874375
1567,0.873594
1568,0.87467
1569,0.875252
1570,0.875313
1571,0.874792
1572,0.876259
1573,0.876085
1574,0.874332
1575,0.876319
1576,0.876372
1577,0.876406
1578,0.875903
1579,0.873793
1580,0.875365
1581,0.877674
1582,0.87895
1583,0.880069
1584,0.880582
1585,0.881102
1586,0.88513
1587,0.880755
1588,0.881467
1589,0.881814
1590,0.881267
1591,0.88033
1592,0.880859
1593,0.876267
1594,0.87
1595,0.870859
1596,0.867127
1597,0.862665
1598,0.862648
1599,0.86079
1600,0.856979
1601,0.856667
1602,0.857292
1603,0.857257
1604,0.857092
1605,0.857413
1606,0.861424
1607,0.860425
1608,0.859323
1609,0.858003
1610,0.858403
1611,0.8625
1612,0.861207
1613,0.86092
1614,0.862873
1615,0.868559
1616,0.86842
1617,0.867153
1618,0.865859
1619,0.863394
1620,0.862214
1621,0.858472
1622,0.862474
1623,0.866181
1624,0.864913
1625,0.868472
1626,0.867135
1627,0.868099
1628,0.867075
1629,0.867057
1630,0.865477
1631,0.865503
1632,0.863733
1633,0.86329
1634,0.862804
1635,0.860286
1636,0.861319
1637,0.865269
1638,0.866441
1639,0.868819
1640,0.868082
1641,0.870564
1642,0.870061
1643,0.86724
1644,0.866892
1645,0.866675
1646,0.867361
1647,0.866953
1648,0.866016
1649,0.862665
1650,0.861207
1651,0.859861
1652,0.859401
1653,0.858368
1654,0.854028
1655,0.85467
1656,0.855269
1657,0.851102
1658,0.849262
1659,0.847648
1660,0.849757
1661,0.852917
1662,0.854783
1663,0.856571
1664,0.855556
1665,0.85447
1666,0.856554
1667,0.856372
1668,0.857648
1669,0.859714
1670,0.860356
1671,0.859618
1672,0.862439
1673,0.864627
1674,0.866502
1675,0.864002
1676,0.863316
1677,0.861667
1678,0.857899
1679,0.857292
1680,0.856311
1681,0.851241
1682,0.84579
1683,0.841467
1684,0.840495
1685,0.838472
1686,0.834731
1687,0.835095
1688,0.834618
1689,0.83875
1690,0.837057
1691,0.838325
1692,0.841641
1693,0.843689
1694,0.843507
1695,0.842622
1696,0.83776
1697,0.837187
1698,0.837491
1699,0.83987
1700,0.835
1701,0.831571
1702,0.832214
1703,0.832465
1704,0.830069
1705,0.832292
1706,0.835521
1707,0.840686
1708,0.842865
1709,0.845477
1710,0.845208
1711,0.844635
1712,0.846345
1713,0.846267
1714,0.84053
1715,0.838186
1716,0.836189
1717,0.836293
1718,0.834149
1719,0.833993
1720,0.833681
1721,0.833906
1722,0.833403
1723,0.836797
1724,0.836328
1725,0.841814
1726,0.848108
1727,0.850573
1728,0.852431
1729,0.856259
1730,0.857352
1731,0.856319
1732,0.849826
1733,0.84447
1734,0.831649
1735,0.824748
1736,0.800061
1737,0.801979
1738,0.799358
1739,0.796042
1740,0.790356
1741,0.780113
1742,0.77901
1743,0.778012
1744,0.76329
1745,0.761771
1746,0.760243
1747,0.765972
1748,0.719201
1749,0.716007
1750,0.714965
1751,0.712995
1752,0.711337
1753,0.669748
1754,0.66355
1755,0.653819
1756,0.648351
1757,0.645547
1758,0.643168
1759,0.636892
1760,0.630139
1761,0.619965
1762,0.61309
1763,0.610677
1764,0.59816
1765,0.590226
1766,0.589306
1767,0.602283
1768,0.608411
1769,0.617387
1770,0.625799
1771,0.630477
1772,0.643229
1773,0.655382
1774,0.657847
1775,0.661901
1776,0.680208
1777,0.690286
1778,0.692413
1779,0.699175
1780,0.704731
1781,0.705443
1782,0.702977
1783,0.69605
1784,0.695
1785,0.684826
1786,0.684453
1787,0.686493
1788,0.688932
1789,0.684531
1790,0.680859
1791,0.6702
1792,0.663924
1793,0.660399
1794,0.653056
1795,0.643854
1796,0.63776
1797,0.633212
1798,0.62553
1799,0.628941
1800,0.622153
1801,0.626128
1802,0.625885
1803,0.62553
1804,0.625668
1805,0.627708
1806,0.630017
1807,0.633168
1808,0.633446
1809,0.631094
1810,0.633177
1811,0.619141
1812,0.622786
1813,0.62487
1814,0.625616
1815,0.625035
1816,0.622066
1817,0.621649
1818,0.616181
1819,0.606189
1820,0.603056
1821,0.602491
1822,0.591762
1823,0.58566
1824,0.584106
1825,0.578481
1826,0.574366
1827,0.566753
1828,0.55421
1829,0.552266
1830,0.544019
1831,0.545278
1832,0.543646
1833,0.541319
1834,0.532491
1835,0.527656
1836,0.50934
1837,0.51908
1838,0.521432
1839,0.524818
1840,0.5273
1841,0.528012
1842,0.529575
1843,0.527274
1844,0.526632
1845,0.52842
1846,0.533793
1847,0.532882
1848,0.538047
1849,0.54184
1850,0.541884
1851,0.541502
1852,0.538038
1853,0.537561
1854,0.532578
1855,0.52092
1856,0.51816
1857,0.50974
1858,0.508377
1859,0.503516
1860,0.497726
1861,0.490859
1862,0.490078
1863,0.490608
1864,0.484132
1865,0.478984
1866,0.466085
1867,0.458082
1868,0.454462
1869,0.449722
1870,0.447865
1871,0.448099
1872,0.452708
1873,0.45921
1874,0.462569
1875,0.470156
1876,0.478507
1877,0.480868
1878,0.490599
1879,0.497135
1880,0.499896
1881,0.503767
1882,0.514549
1883,0.502795
1884,0.491519
1885,0.495312
1886,0.485668
1887,0.493898
1888,0.499392
1889,0.504618
1890,0.50901
1891,0.517509
1892,0.520026
1893,0.530582
1894,0.54283
1895,0.545356
1896,0.543733
1897,0.538047
1898,0.52546
1899,0.523264
1900,0.525729
1901,0.52947
1902,0.544566
1903,0.556771
1904,0.565417
1905,0.581224
1906,0.619115
1907,0.629618
1908,0.652969
1909,0.673733
1910,0.679948
1911,0.68625
1912,0.693663
1913,0.697023
1914,0.707144
1915,0.714939
1916,0.71934
1917,0.727917
1918,0.740182
1919,0.744219
1920,0.747691
1921,0.753698
1922,0.753368
1923,0.754531
1924,0.755703
1925,0.720998
1926,0.706979
1927,0.698568
1928,0.689835
1929,0.674392
1930,0.653273
1931,0.642899
1932,0.624549
1933,0.543403
1934,0.53026
1935,0.51092
1936,0.472665
1937,0.470382
1938,0.456944
1939,0.444323
1940,0.43276
1941,0.422387
1942,0.418003
1943,0.427656
1944,0.423785
1945,0.419974
1946,0.417648
1947,0.404245
1948,0.393359
1949,0.391944
1950,0.380243
1951,0.374826
1952,0.370964
1953,0.364705
1954,0.360391
1955,0.361189
1956,0.356424
1957,0.35
1958,0.345234
1959,0.338576
1960,0.334722
1961,0.334479
1962,0.33099
1963,0.328099
1964,0.326545
1965,0.320981
1966,0.314939
1967,0.313568
1968,0.307969
1969,0.302674
1970,0.298715
1971,0.289705
1972,0.278125
1973,0.27151
1974,0.253394
1975,0.241693
1976,0.237014
1977,0.228932
1978,0.22309
1979,0.220286
1980,0.21572
1981,0.210833
1982,0.208611
1983,0.204531
1984,0.201441
1985,0.198733
1986,0.17441
1987,0.172995
1988,0.173845
1989,0.173038
1990,0.173316
1991,0.173186
1992,0.173307
1993,0.172995
1994,0.172847
1995,0.172569
1996,0.173108
1997,0.17138
1998,0.168602
1999,0.168377
2000,0.166632
2001,0.165052
2002,0.170859
2003,0.175095
2004,0.182118
2005,0.193924
2006,0.202161
2007,0.213056
2008,0.227222
2009,0.234939
2010,0.253689
2011,0.266424
2012,0.272865
2013,0.307057
2014,0.325877
2015,0.356398
2016,0.382682
2017,0.402595
2018,0.429054
2019,0.456337
2020,0.469983
2021,0.471719
2022,0.482509
2023,0.500946
2024,0.514271
2025,0.543281
2026,0.575582
2027,0.593012
2028,0.621658
2029,0.652656
2030,0.663524
2031,0.683464
2032,0.682205
2033,0.682344
2034,0.682135
2035,0.681293
2036,0.691641
2037,0.699965
2038,0.687387
2039,0.694045
2040,0.697352
2041,0.697431
2042,0.660755
2043,0.641311
2044,0.582187
2045,0.565981
2046,0.533455
2047,0.510842
2048,0.497127
2049,0.47638
2050,0.454688
2051,0.444497
2052,0.43309
2053,0.410278
2054,0.404062
2055,0.385773
2056,0.375729
2057,0.36822
2058,0.350295
2059,0.334679
2060,0.326102
2061,0.297656
2062,0.287535
2063,0.28217
2064,0.281076
2065,0.277943
2066,0.274427
2067,0.270694
2068,0.270269
2069,0.270113
2070,0.270625
2071,0.272483
2072,0.272023
2073,0.271979
2074,0.266389
2075,0.263455
2076,0.257049
2077,0.245634
2078,0.242309
2079,0.225052
2080,0.21342
2081,0.207899
2082,0.196163
2083,0.1873
2084,0.183359
2085,0.178359
2086,0.167257
2087,0.167092
2088,0.167543
2089,0.166918
2090,0.166892
2091,0.166554
2092,0.16651
2093,0.166953
2094,0.166545
2095,0.166918
2096,0.167509
2097,0.168177
2098,0.167995
2099,0.167995
2100,0.169783
2101,0.17316
2102,0.175868
2103,0.181068
2104,0.187222
2105,0.191406
2106,0.197535
2107,0.206432
2108,0.210052
2109,0.220139
2110,0.23474
2111,0.241302
2112,0.265799
2113,0.29171
2114,0.298854
2115,0.338932
2116,0.358637
2117,0.388186
2118,0.429227
2119,0.482865
2120,0.500208
2121,0.54059
2122,0.565069
2123,0.610859
2124,0.655729
2125,0.677804
2126,0.699653
2127,0.733255
2128,0.779019
2129,0.796562
2130,0.812717
2131,0.827578
2132,0.838785
2133,0.850642
2134,0.857569
2135,0.861241
2136,0.886719
2137,0.892075
2138,0.891701
2139,0.893707
2140,0.892873
2141,0.89303
2142,0.890755
2143,0.888498
2144,0.886467
2145,0.886858
2146,0.885712
2147,0.884453
2148,0.886823
2149,0.890573
2150,0.889583
2151,0.88849
2152,0.860026
2153,0.856476
2154,0.814774
2155,0.784575
2156,0.777795
2157,0.738733
2158,0.712318
2159,0.703689
2160,0.692135
2161,0.645868
2162,0.648498
2163,0.648325
2164,0.648733
2165,0.650226
2166,0.651189
2167,0.649557
2168,0.648186
2169,0.645894
2170,0.644887
2171,0.643507
2172,0.637535
2173,0.638238
2174,0.636137
2175,0.633741
2176,0.586059
2177,0.57138
2178,0.550651
2179,0.523212
2180,0.486128
2181,0.446519
2182,0.419497
2183,0.409384
2184,0.39322
2185,0.36447
2186,0.316727
2187,0.30658
2188,0.301623
2189,0.298559
2190,0.288394
2191,0.276615
2192,0.272882
2193,0.26605
2194,0.255729
2195,0.251675
2196,0.243854
2197,0.234453
2198,0.232049
2199,0.224957
2200,0.217969
2201,0.215703
2202,0.20697
2203,0.201571
2204,0.19855
2205,0.196137
2206,0.194219
2207,0.193229
2208,0.192161
2209,0.189566
2210,0.187969
2211,0.176094
2212,0.171441
2213,0.170269
2214,0.167283
2215,0.166128
2216,0.164965
2217,0.164219
2218,0.161649
2219,0.161684
2220,0.162161
2221,0.161293
2222,0.16171
2223,0.161962
2224,0.160538
2225,0.161398
2226,0.161033
2227,0.161562
2228,0.161259
2229,0.162075
2230,0.16072
2231,0.160755
2232,0.16112
2233,0.161467
2234,0.161589
2235,0.162075
2236,0.161797
2237,0.161285
2238,0.162752
2239,0.162378
2240,0.163108
2241,0.16395
2242,0.163299
2243,0.162899
2244,0.162335
2245,0.163863
2246,0.164766
2247,0.165694
2248,0.165998
2249,0.165156
2250,0.165026
2251,0.165156
2252,0.164896
2253,0.166528
2254,0.166823
2255,0.166823
2256,0.166007
2257,0.165391
2258,0.166128
2259,0.167535
2260,0.167578
2261,0.166727
2262,0.166102
2263,0.167639
2264,0.167951
2265,0.168194
2266,0.169427
2267,0.170417
2268,0.173481
2269,0.182318
2270,0.185573
2271,0.196363
2272,0.205851
2273,0.210122
2274,0.218351
2275,0.229384
2276,0.234358
2277,0.247865
2278,0.257839
2279,0.262587
2280,0.273264
2281,0.280399
2282,0.282604
2283,0.288455
2284,0.294019
2285,0.297439
2286,0.291806
2287,0.297274
2288,0.300642
2289,0.301163
2290,0.302569
2291,0.302405
2292,0.302344
2293,0.301094
2294,0.295443
2295,0.288194
2296,0.281727
2297,0.279045
2298,0.272109
2299,0.267891
2300,0.270295
2301,0.272743
2302,0.275903
2303,0.278125
2304,0.280799
2305,0.287951
2306,0.289288
2307,0.288168
2308,0.288689
2309,0.287595
2310,0.284201
2311,0.278915
2312,0.278438
2313,0.274983
2314,0.274957
2315,0.276658
2316,0.269957
2317,0.268524
2318,0.268628
2319,0.268377
2320,0.267595
2321,0.266302
2322,0.262769
2323,0.255677
2324,0.254401
2325,0.250391
2326,0.249297
2327,0.248186
2328,0.239609
2329,0.235738
2330,0.232309
2331,0.226155
2332,0.217908
2333,0.214557
2334,0.207309
2335,0.199583
2336,0.194427
2337,0.190304
2338,0.186936
2339,0.183177
2340,0.181319
2341,0.18204
2342,0.181562
2343,0.178359
2344,0.178116
2345,0.17822
2346,0.176901
2347,0.175243
2348,0.174288
2349,0.174236
2350,0.175981
2351,0.178281
2352,0.181345
2353,0.187891
2354,0.192231
2355,0.196693
2356,0.201085
2357,0.203906
2358,0.205434
2359,0.206597
2360,0.206432
2361,0.19651
2362,0.191311
2363,0.187674
2364,0.184488
2365,0.18349
2366,0.17908
2367,0.178394
2368,0.176293
2369,0.176163
2370,0.173932
2371,0.170556
2372,0.169201
2373,0.166866
2374,0.16599
2375,0.166233
2376,0.165868
2377,0.165937
2378,0.164878
2379,0.163003
2380,0.161562
2381,0.161406
2382,0.161354
2383,0.161858
2384,0.16428
2385,0.173863
2386,0.180078
2387,0.187326
2388,0.19908
2389,0.222569
2390,0.23145
2391,0.251007
2392,0.284384
2393,0.297283
2394,0.317075
2395,0.362031
2396,0.371354
2397,0.395156
2398,0.414844
2399,0.424505
2400,0.431502
2401,0.437274
2402,0.438941
2403,0.442509
2404,0.44
2405,0.437049
2406,0.438932
2407,0.437622
2408,0.436354
2409,0.432431
2410,0.391146
2411,0.362656
2412,0.359132
2413,0.36
2414,0.341884
2415,0.315929
2416,0.305104
2417,0.29776
2418,0.292257
2419,0.268194
2420,0.259392
2421,0.246224
2422,0.229948
2423,0.223455
2424,0.213264
2425,0.201589
2426,0.196849
2427,0.189245
2428,0.181207
2429,0.176649
2430,0.1702
2431,0.164453
2432,0.162517
2433,0.15888
2434,0.165122
2435,0.168733
2436,0.175972
2437,0.18967
2438,0.195451
2439,0.207092
2440,0.217535
2441,0.22401
2442,0.232552
2443,0.239123
2444,0.241658
2445,0.241997
2446,0.241545
2447,0.239071
2448,0.23066
2449,0.223776
2450,0.221988
2451,0.214462
2452,0.20454
2453,0.199262
2454,0.186701
2455,0.183863
2456,0.184818
2457,0.18553
2458,0.191849
2459,0.193003
2460,0.195538
2461,0.193568
2462,0.196979
2463,0.195408
2464,0.190408
2465,0.189227
2466,0.187778
2467,0.184696
2468,0.184306
2469,0.184627
2470,0.183611
2471,0.181849
2472,0.176276
2473,0.171458
2474,0.169991
2475,0.167474
2476,0.165304
2477,0.164427
2478,0.165035
2479,0.167977
2480,0.170712
2481,0.175408
2482,0.182014
2483,0.186623
2484,0.191484
2485,0.191918
2486,0.191293
2487,0.192326
2488,0.185877
2489,0.183958
2490,0.178976
2491,0.178889
2492,0.1775
2493,0.177682
2494,0.177153
2495,0.176424
2496,0.174627
2497,0.172465
2498,0.171354
2499,0.168958
2500,0.167847
2501,0.167517
2502,0.166181
2503,0.166866
2504,0.167726
2505,0.168238
2506,0.167665
2507,0.167066
2508,0.16849
2509,0.172144
2510,0.17526
2511,0.180616
2512,0.188889
2513,0.195547
2514,0.209141
2515,0.223984
2516,0.231363
2517,0.243411
2518,0.253255
2519,0.258168
2520,0.27388
2521,0.283672
2522,0.288602
2523,0.311884
2524,0.324297
2525,0.330078
2526,0.340998
2527,0.349123
2528,0.353377
2529,0.355825
2530,0.355512
2531,0.35691
2532,0.354453
2533,0.352726
2534,0.350234
2535,0.341727
2536,0.332535
2537,0.329497
2538,0.327448
2539,0.318785
2540,0.316814
2541,0.301233
2542,0.292179
2543,0.286398
2544,0.277517
2545,0.275616
2546,0.263724
2547,0.243655
2548,0.236597
2549,0.236849
2550,0.233056
2551,0.234071
2552,0.23441
2553,0.234514
2554,0.233733
2555,0.234063
2556,0.236007
2557,0.229253
2558,0.225894
2559,0.21947
2560,0.210321
2561,0.193524
2562,0.186901
2563,0.179852
2564,0.176597
2565,0.170217
2566,0.164306
2567,0.161988
2568,0.157361
2569,0.152292
2570,0.149913
2571,0.147248
2572,0.145373
2573,0.144653
2574,0.143507
2575,0.143212
2576,0.143559
2577,0.143498
2578,0.143472
2579,0.143516
2580,0.143533
2581,0.14362
2582,0.143585
2583,0.143359
2584,0.143533
2585,0.143498
2586,0.142049
2587,0.142222
2588,0.142448
2589,0.142448
2590,0.142431
2591,0.142734
2592,0.142865
2593,0.142804
2594,0.142813
2595,0.142821
2596,0.142769
2597,0.142951
2598,0.14316
2599,0.143142
2600,0.14296
2601,0.14283
2602,0.142795
2603,0.142882
2604,0.142604
2605,0.143056
2606,0.143264
2607,0.143516
2608,0.143437
2609,0.143307
2610,0.143264
2611,0.140877
2612,0.140868
2613,0.141293
2614,0.141128
2615,0.141102
2616,0.141146
2617,0.141033
2618,0.141111
2619,0.141016
2620,0.140868
2621,0.140868
2622,0.141311
2623,0.141345
2624,0.141363
2625,0.142986
2626,0.150148
2627,0.155104
2628,0.165217
2629,0.175738
2630,0.180712
2631,0.190651
2632,0.200512
2633,0.204566
2634,0.212491
2635,0.215712
2636,0.215807
2637,0.219089
2638,0.219661
2639,0.222526
2640,0.226528
2641,0.239948
2642,0.24546
2643,0.259123
2644,0.27408
2645,0.282344
2646,0.306441
2647,0.328628
2648,0.336293
2649,0.358733
2650,0.371424
2651,0.378316
2652,0.415
2653,0.437179
2654,0.446024
2655,0.45855
2656,0.475573
2657,0.484792
2658,0.50329
2659,0.511285
2660,0.511285
2661,0.517205
2662,0.522396
2663,0.529861
2664,0.523585
2665,0.517153
2666,0.512682
2667,0.509384
2668,0.503637
2669,0.500425
2670,0.497231
2671,0.500773
2672,0.499045
2673,0.482995
2674,0.476632
2675,0.483741
2676,0.459635
2677,0.44809
2678,0.444314
2679,0.436884
2680,0.433203
2681,0.416936
2682,0.404583
2683,0.395191
2684,0.392283
2685,0.388854
2686,0.360495
2687,0.361623
2688,0.365382
2689,0.365191
2690,0.371771
2691,0.374479
2692,0.377405
2693,0.37921
2694,0.382457
2695,0.384349
2696,0.383568
2697,0.376997
2698,0.369661
2699,0.365069
2700,0.353429
2701,0.345182
2702,0.338524
2703,0.328194
2704,0.318993
2705,0.314818
2706,0.305573
2707,0.295278
2708,0.29046
2709,0.283602
2710,0.28092
2711,0.272969
2712,0.273438
2713,0.274609
2714,0.274583
2715,0.2748
2716,0.27592
2717,0.275755
2718,0.275182
2719,0.276267
2720,0.27125
2721,0.265747
2722,0.260512
2723,0.256441
2724,0.252283
2725,0.249358
2726,0.246571
2727,0.244965
2728,0.244062
2729,0.244948
2730,0.247491
2731,0.251415
2732,0.253507
2733,0.258976
2734,0.263073
2735,0.258455
2736,0.247483
2737,0.252422
2738,0.254549
2739,0.25875
2740,0.264792
2741,0.267526
2742,0.272422
2743,0.273785
2744,0.274618
2745,0.275868
2746,0.276918
2747,0.276597
2748,0.275712
2749,0.279306
2750,0.279332
2751,0.279297
2752,0.27875
2753,0.280764
2754,0.275608
2755,0.278325
2756,0.278889
2757,0.277821
2758,0.276823
2759,0.279661
2760,0.276406
2761,0.270226
2762,0.27013
2763,0.270148
2764,0.269436
2765,0.270712
2766,0.26941
2767,0.267483
2768,0.267995
2769,0.267908
2770,0.266432
2771,0.266771
2772,0.266745
2773,0.266997
2774,0.266545
2775,0.263863
2776,0.263733
2777,0.264297
2778,0.262283
2779,0.261927
2780,0.262535
2781,0.260191
2782,0.260356
2783,0.259618
2784,0.258481
2785,0.257266
2786,0.253142
2787,0.250851
2788,0.250095
2789,0.250252
2790,0.249601
2791,0.248689
2792,0.249054
2793,0.2477
2794,0.247344
2795,0.245972
2796,0.244931
2797,0.24526
2798,0.244809
2799,0.243602
2800,0.242925
2801,0.242031
2802,0.241458
2803,0.241389
2804,0.240773
2805,0.239566
2806,0.240087
2807,0.240078
2808,0.241944
2809,0.241467
2810,0.240269
2811,0.239236
2812,0.240686
2813,0.240234
2814,0.240764
2815,0.240217
2816,0.240356
2817,0.240703
2818,0.240469
2819,0.240113
2820,0.239835
2821,0.240208
2822,0.240095
2823,0.240781
2824,0.240061
2825,0.240451
2826,0.240252
2827,0.239644
2828,0.239557
2829,0.239557
2830,0.239314
2831,0.239618
2832,0.239557
2833,0.238637
2834,0.238594
2835,0.238307
2836,0.239167
2837,0.238689
2838,0.239297
2839,0.239227
2840,0.239132
2841,0.23941
2842,0.239444
2843,0.239514
2844,0.239167
2845,0.239531
2846,0.239722
2847,0.239332
2848,0.239323
2849,0.23934
2850,0.239297
2851,0.239687
2852,0.239714
2853,0.240443
2854,0.240208
2855,0.239957
2856,0.239722
2857,0.239566
2858,0.239896
2859,0.240165
2860,0.240234
2861,0.237656
2862,0.23776
2863,0.238281
2864,0.238516
2865,0.238845
2866,0.239497
2867,0.239479
2868,0.239965
2869,0.240399
2870,0.240608
2871,0.240243
2872,0.240599
2873,0.240339
2874,0.240217
2875,0.239601
2876,0.239809
2877,0.239123
2878,0.238464
2879,0.238924
2880,0.241146
2881,0.246042
2882,0.248924
2883,0.254575
2884,0.258698
2885,0.260009
2886,0.263446
2887,0.265616
2888,0.265747
2889,0.267057
2890,0.26763
2891,0.268359
2892,0.267595
2893,0.266684
2894,0.26599
2895,0.262344
2896,0.261076
2897,0.262474
2898,0.260512
2899,0.258811
2900,0.258993
2901,0.257248
2902,0.257196
2903,0.256476
2904,0.255365
2905,0.254063
2906,0.254392
2907,0.253845
2908,0.254271
2909,0.254453
2910,0.254974
2911,0.252752
2912,0.252561
2913,0.252578
2914,0.252839
2915,0.252604
2916,0.252648
2917,0.252604
2918,0.252222
2919,0.251814
2920,0.251606
2921,0.251545
2922,0.252014
2923,0.252517
2924,0.252292
2925,0.252613
2926,0.2523
2927,0.25184
2928,0.252127
2929,0.252708
2930,0.253247
2931,0.255521
2932,0.257049
2933,0.257457
2934,0.257248
2935,0.256797
2936,0.254826
2937,0.252891
2938,0.252648
2939,0.252335
2940,0.253194
2941,0.253611
2942,0.253932
2943,0.254332
2944,0.255556
2945,0.255564
2946,0.257188
2947,0.260634
2948,0.261337
2949,0.264679
2950,0.270425
2951,0.272283
2952,0.277717
2953,0.281424
2954,0.282604
2955,0.290547
2956,0.297708
2957,0.300651
2958,0.321944
2959,0.333828
2960,0.359253
2961,0.413663
2962,0.420174
2963,0.423707
2964,0.45362
2965,0.473915
2966,0.483698
2967,0.495182
2968,0.54599
2969,0.560095
2970,0.572031
2971,0.588177
2972,0.598793
2973,0.620998
2974,0.649757
2975,0.662205
2976,0.672934
2977,0.682283
2978,0.687274
2979,0.693785
2980,0.697708
2981,0.699271
2982,0.710009
2983,0.739306
2984,0.75171
2985,0.759488
2986,0.805373
2987,0.80796
2988,0.809193
2989,0.810738
2990,0.81776
2991,0.829748
2992,0.837361
2993,0.84355
2994,0.845391
2995,0.848681
2996,0.84888
2997,0.848828
2998,0.857361
2999,0.859913
3000,0.861997
3001,0.86428
3002,0.866927
3003,0.869262
3004,0.871563
3005,0.871563
3006,0.873177
3007,0.873837
3008,0.875582
3009,0.873385
3010,0.870851
3011,0.880304
3012,0.877387
3013,0.875035
3014,0.873203
3015,0.873707
3016,0.874045
3017,0.874479
3018,0.875035
3019,0.875139
3020,0.876441
3021,0.876354
3022,0.875061
3023,0.8775
3024,0.875625
3025,0.875894
3026,0.877309
3027,0.878142
3028,0.878889
3029,0.878507
3030,0.879792
3031,0.881311
3032,0.882665
3033,0.881806
3034,0.881302
3035,0.88145
3036,0.889375
3037,0.889948
3038,0.890226
3039,0.891892
3040,0.891719
3041,0.891398
3042,0.890825
3043,0.890521
3044,0.890009
3045,0.890321
3046,0.891059
3047,0.890946
3048,0.890191
3049,0.891337
3050,0.890052
3051,0.889566
3052,0.888828
3053,0.888524
3054,0.888845
3055,0.888759
3056,0.888073
3057,0.888776
3058,0.888255
3059,0.88678
3060,0.886484
3061,0.888594
3062,0.888889
3063,0.888863
3064,0.889401
3065,0.887509
3066,0.886667
3067,0.883056
3068,0.880217
3069,0.878993
3070,0.878064
3071,0.877318
3072,0.87855
3073,0.87651
3074,0.876606
3075,0.874905
3076,0.87362
3077,0.874514
3078,0.874696
3079,0.871866
3080,0.872839
3081,0.872717
3082,0.87316
3083,0.871398
3084,0.873281
3085,0.872934
3086,0.87822
3087,0.878264
3088,0.876519
3089,0.876875
3090,0.874957
3091,0.876502
3092,0.875035
3093,0.877196
3094,0.877969
3095,0.877248
3096,0.876389
3097,0.87533
3098,0.874931
3099,0.874714
3100,0.875877
3101,0.875069
3102,0.875347
3103,0.875495
3104,0.874983
3105,0.874497
3106,0.873707
3107,0.874201
3108,0.872153
3109,0.872743
3110,0.872179
3111,0.874679
3112,0.874002
3113,0.872127
3114,0.872734
3115,0.871311
3116,0.870799
3117,0.871519
3118,0.872023
3119,0.871076
3120,0.871085
3121,0.871111
3122,0.870069
3123,0.869705
3124,0.869583
3125,0.869462
3126,0.869731
3127,0.870781
3128,0.871571
3129,0.871753
3130,0.871997
3131,0.872057
3132,0.872309
3133,0.872309
3134,0.872049
3135,0.870755
3136,0.872066
3137,0.870729
3138,0.869601
3139,0.869106
3140,0.867648
3141,0.867465
3142,0.867587
3143,0.866953
3144,0.866528
3145,0.865747
3146,0.865165
3147,0.865286
3148,0.864635
3149,0.864201
3150,0.863212
3151,0.862014
3152,0.861901
3153,0.861797
3154,0.861163
3155,0.860694
3156,0.860781
3157,0.860642
3158,0.859089
3159,0.860122
3160,0.860043
3161,0.860642
3162,0.86138
3163,0.860703
3164,0.860911
3165,0.860599
3166,0.861267
3167,0.861094
3168,0.860781
3169,0.861076
3170,0.859931
3171,0.860642
3172,0.860043
3173,0.858924
3174,0.859783
3175,0.858785
3176,0.858585
3177,0.859175
3178,0.85855
3179,0.858229
3180,0.858854
3181,0.859071
3182,0.857925
3183,0.856745
3184,0.855781
3185,0.855747
3186,0.855052
3187,0.855634
3188,0.855408
3189,0.856432
3190,0.855825
3191,0.855252
3192,0.854783
3193,0.853073
3194,0.852856
3195,0.852595
3196,0.851797
3197,0.852292
3198,0.853064
3199,0.851788
3200,0.852196
3201,0.852031
3202,0.851649
3203,0.851406
3204,0.851285
3205,0.851762
3206,0.850851
3207,0.850304
3208,0.850573
3209,0.849627
3210,0.849731
3211,0.850842
3212,0.851172
3213,0.85099
3214,0.850903
3215,0.850877
3216,0.850755
3217,0.849922
3218,0.849635
3219,0.84947
3220,0.84901
3221,0.848863
3222,0.849201
3223,0.849253
3224,0.849158
3225,0.849149
3226,0.848767
3227,0.848663
3228,0.848646
3229,0.848212
3230,0.848307
3231,0.848125
3232,0.847812
3233,0.84763
3234,0.847248
3235,0.846884
3236,0.847769
3237,0.847474
3238,0.847986
3239,0.84803
3240,0.84776
3241,0.847752
3242,0.847352
3243,0.847292
3244,0.847248
3245,0.847057
3246,0.847031
3247,0.846267
3248,0.846068
3249,0.845946
3250,0.846519
3251,0.846328
3252,0.846701
3253,0.846719
3254,0.846667
3255,0.84704
3256,0.847187
3257,0.846858
3258,0.846684
3259,0.846302
3260,0.846372
3261,0.848212
3262,0.848064
3263,0.847795
3264,0.847899
3265,0.847865
3266,0.847821
3267,0.847752
3268,0.847509
3269,0.847292
3270,0.847127
3271,0.847075
3272,0.846727
3273,0.846406
3274,0.846302
3275,0.846363
3276,0.846997
3277,0.847812
3278,0.847023
3279,0.847639
3280,0.847639
3281,0.848186
3282,0.848655
3283,0.848602
3284,0.848698
3285,0.848568
3286,0.852439
3287,0.851832
3288,0.852127
3289,0.852057
3290,0.85224
3291,0.851806
3292,0.851988
3293,0.851892
3294,0.85145
3295,0.851467
3296,0.851545
3297,0.851476
3298,0.85125
3299,0.851094
3300,0.850833
3301,0.85099
3302,0.850816
3303,0.850755
3304,0.851146
3305,0.851259
3306,0.850868
3307,0.850686
3308,0.850365
3309,0.850234
3310,0.850313
3311,0.851424
3312,0.85105
3313,0.850252
3314,0.849635
3315,0.850434
3316,0.850547
3317,0.850738
3318,0.850833
3319,0.851259
3320,0.850825
3321,0.851163
3322,0.851163
3323,0.851233
3324,0.851571
3325,0.85158
3326,0.852674
3327,0.852708
3328,0.852925
3329,0.852943
3330,0.853134
3331,0.853021
3332,0.852778
3333,0.852674
3334,0.853238
3335,0.853151
3336,0.854089
3337,0.853906
3338,0.853724
3339,0.853186
3340,0.853594
3341,0.853655
3342,0.853845
3343,0.853628
3344,0.853073
3345,0.853073
3346,0.852578
3347,0.852413
3348,0.852066
3349,0.851632
3350,0.851745
3351,0.851675
3352,0.85178
3353,0.851658
3354,0.852569
3355,0.852899
3356,0.852969
3357,0.85276
3358,0.852934
3359,0.852812
3360,0.853134
3361,0.854141
3362,0.854115
3363,0.854201
3364,0.854358
3365,0.854323
3366,0.854609
3367,0.854557
3368,0.854505
3369,0.854818
3370,0.854288
3371,0.854054
3372,0.854219
3373,0.854635
3374,0.854575
3375,0.854531
3376,0.854401
3377,0.854609
3378,0.854601
3379,0.85454
3380,0.854661
3381,0.854453
3382,0.854392
3383,0.85441
3384,0.854375
3385,0.854575
3386,0.854306
3387,0.854253
3388,0.853984
3389,0.854045
3390,0.854175
3391,0.854418
3392,0.854349
3393,0.85395
3394,0.853967
3395,0.853437
3396,0.852934
3397,0.852422
3398,0.852422
3399,0.852257
3400,0.852378
3401,0.852352
3402,0.852326
3403,0.852474
3404,0.852778
3405,0.852951
3406,0.852812
3407,0.852604
3408,0.852587
3409,0.852535
3410,0.852405
3411,0.854679
3412,0.854227
3413,0.854193
3414,0.854306
3415,0.854288
3416,0.854332
3417,0.854497
3418,0.854271
3419,0.85421
3420,0.854245
3421,0.854141
3422,0.854158
3423,0.853785
3424,0.853602
3425,0.853663
3426,0.853628
3427,0.853741
3428,0.853967
3429,0.853924
3430,0.853724
3431,0.853733
3432,0.853594
3433,0.854453
3434,0.85441
3435,0.85434
3436,0.861085
3437,0.860469
3438,0.860538
3439,0.860477
3440,0.860191
3441,0.860052
3442,0.860425
3443,0.860217
3444,0.860321
3445,0.86026
3446,0.860425
3447,0.860425
3448,0.860538
3449,0.860417
3450,0.860807
3451,0.860764
3452,0.860773
3453,0.860851
3454,0.860981
3455,0.861128
3456,0.860781
3457,0.860503
3458,0.860651
3459,0.860616
3460,0.860877
3461,0.862396
3462,0.862491
3463,0.862214
3464,0.862066
3465,0.861953
3466,0.861823
3467,0.861641
3468,0.861684
3469,0.861398
3470,0.861337
3471,0.86112
3472,0.861189
3473,0.860946
3474,0.860825
3475,0.860521
3476,0.860443
3477,0.860512
3478,0.860694
3479,0.860608
3480,0.860694
3481,0.860894
3482,0.860608
3483,0.860608
3484,0.860408
3485,0.860252
3486,0.861155
3487,0.86092
3488,0.860486
3489,0.860634
3490,0.860226
3491,0.860148
3492,0.860191
3493,0.860061
3494,0.859809
3495,0.859905
3496,0.859644
3497,0.859549
3498,0.859349
3499,0.858984
3500,0.858932
3501,0.859661
3502,0.859601
3503,0.859488
3504,0.859514
3505,0.859253
3506,0.859375
3507,0.859306
3508,0.859306
3509,0.859175
3510,0.859115
3511,0.860833
3512,0.860903
3513,0.861137
3514,0.861042
3515,0.86053
3516,0.860391
3517,0.860174
3518,0.859887
3519,0.860243
3520,0.8602
3521,0.860616
3522,0.860417
3523,0.860373
3524,0.860208
3525,0.860269
3526,0.860087
3527,0.860078
3528,0.860347
3529,0.860226
3530,0.860252
3531,0.860061
3532,0.859957
3533,0.86013
3534,0.859939
3535,0.859939
3536,0.858307
3537,0.858056
3538,0.858108
3539,0.858125
3540,0.858134
3541,0.857934
3542,0.857795
3543,0.857431
3544,0.857474
3545,0.857413
3546,0.857569
3547,0.857552
3548,0.857543
3549,0.857431
3550,0.857344
3551,0.857214
3552,0.857214
3553,0.857057
3554,0.857135
3555,0.857222
3556,0.857135
3557,0.85704
3558,0.856901
3559,0.856806
3560,0.85691
3561,0.857491
3562,0.857344
3563,0.857465
3564,0.857448
3565,0.857622
3566,0.85763
3567,0.857804
3568,0.857752
3569,0.85822
3570,0.860417
3571,0.860208
3572,0.860521
3573,0.860417
3574,0.86046
3575,0.860408
3576,0.860434
3577,0.859965
3578,0.859983
3579,0.859905
3580,0.859852
3581,0.859792
3582,0.859679
3583,0.859618
3584,0.859505
3585,0.859809
3586,0.859314
3587,0.859184
3588,0.85928
3589,0.859514
3590,0.859297
3591,0.859401
3592,0.859062
3593,0.859054
3594,0.859227
3595,0.859392
3596,0.858811
3597,0.859019
3598,0.859019
3599,0.858828
3600,0.858793
3601,0.859332
3602,0.859444
3603,0.859462
3604,0.859358
3605,0.859566
3606,0.859583
3607,0.859748
3608,0.859731
3609,0.859861
3610,0.860113
3611,0.860356
3612,0.860677
3613,0.86072
3614,0.861745
3615,0.861858
3616,0.862483
3617,0.862483
3618,0.862543
3619,0.862665
3620,0.864557
3621,0.864444
3622,0.864557
3623,0.864462
3624,0.864306
3625,0.864531
3626,0.86467
3627,0.865313
3628,0.865443
3629,0.865243
3630,0.864792
3631,0.864922
3632,0.864531
3633,0.864696
3634,0.864071
3635,0.863828
3636,0.863307
3637,0.863125
3638,0.862266
3639,0.861866
3640,0.861649
3641,0.86151
3642,0.860911
3643,0.860668
3644,0.860642
3645,0.860182
3646,0.859722
3647,0.859661
3648,0.859722
3649,0.859418
3650,0.858976
3651,0.858811
3652,0.858889
3653,0.85928
3654,0.859288
3655,0.859236
3656,0.859219
3657,0.859349
3658,0.85901
3659,0.859097
3660,0.859401
3661,0.85901
3662,0.858872
3663,0.859054
3664,0.859184
3665,0.859227
3666,0.859479
3667,0.859297
3668,0.859227
3669,0.859045
3670,0.859913
3671,0.859592
3672,0.858924
3673,0.858915
3674,0.858672
3675,0.858194
3676,0.858681
3677,0.859531
3678,0.859705
3679,0.860278
3680,0.860382
3681,0.861181
3682,0.861085
3683,0.861233
3684,0.861372
3685,0.861233
3686,0.861146
3687,0.861259
3688,0.861181
3689,0.861302
3690,0.86125
3691,0.861328
3692,0.861102
3693,0.861137
3694,0.861111
3695,0.86158
3696,0.86171
3697,0.861545
3698,0.860234
3699,0.860503
3700,0.860668
3701,0.86013
3702,0.861155
3703,0.861172
3704,0.861345
3705,0.86178
3706,0.861693
3707,0.861476
3708,0.861094
3709,0.860651
3710,0.86099
3711,0.860365
3712,0.860512
3713,0.860095
3714,0.859852
3715,0.860122
3716,0.859427
3717,0.859401
3718,0.859566
3719,0.85895
3720,0.857439
3721,0.857109
3722,0.856719
3723,0.857109
3724,0.856545
3725,0.857387
3726,0.856354
3727,0.856519
3728,0.856519
3729,0.85684
3730,0.856875
3731,0.856623
3732,0.856788
3733,0.856554
3734,0.856441
3735,0.856207
3736,0.856563
3737,0.85612
3738,0.855842
3739,0.855903
3740,0.855443
3741,0.855938
3742,0.855955
3743,0.855191
3744,0.855712
3745,0.854601
3746,0.85408
3747,0.85572
3748,0.854731
3749,0.854097
3750,0.855009
3751,0.854549
3752,0.853464
3753,0.853724
3754,0.853437
3755,0.854089
3756,0.853854
3757,0.852448
3758,0.852144
3759,0.852344
3760,0.852248
3761,0.852023
3762,0.851172
3763,0.851007
3764,0.8502
3765,0.85013
3766,0.849627
3767,0.847969
3768,0.84895
3769,0.84908
3770,0.851024
3771,0.851719
3772,0.850668
3773,0.852309
3774,0.852509
3775,0.852708
3776,0.852682
3777,0.852413
3778,0.852439
3779,0.852847
3780,0.852708
3781,0.852613
3782,0.852344
3783,0.852578
3784,0.851519
3785,0.851745
3786,0.851632
3787,0.851667
3788,0.851536
3789,0.851102
3790,0.851146
3791,0.851198
3792,0.851337
3793,0.851024
3794,0.85112
3795,0.853368
3796,0.853056
3797,0.852925
3798,0.852214
3799,0.851866
3800,0.851649
3801,0.851293
3802,0.85171
3803,0.851181
3804,0.850269
3805,0.850495
3806,0.849913
3807,0.849436
3808,0.849965
3809,0.849557
3810,0.848828
3811,0.849036
3812,0.850061
3813,0.849896
3814,0.85053
3815,0.850443
3816,0.850929
3817,0.850191
3818,0.850191
3819,0.850807
3820,0.85941
3821,0.859497
3822,0.859375
3823,0.859253
3824,0.858976
3825,0.858194
3826,0.858481
3827,0.858542
3828,0.858507
3829,0.858646
3830,0.858281
3831,0.858472
3832,0.85921
3833,0.859349
3834,0.859115
3835,0.858854
3836,0.858889
3837,0.858698
3838,0.858767
3839,0.858932
3840,0.859036
3841,0.858993
3842,0.859062
3843,0.859149
3844,0.859375
3845,0.858116
3846,0.85809
3847,0.858273
3848,0.857882
3849,0.85783
3850,0.858047
3851,0.858359
3852,0.857899
3853,0.857856
3854,0.857951
3855,0.857187
3856,0.857179
3857,0.857075
3858,0.856467
3859,0.85651
3860,0.856736
3861,0.856901
3862,0.856901
3863,0.856701
3864,0.856788
3865,0.856753
3866,0.856832
3867,0.85678
3868,0.856719
3869,0.856927
3870,0.859036
3871,0.858872
3872,0.859453
3873,0.85941
3874,0.859375
3875,0.859601
3876,0.860139
3877,0.859896
3878,0.860061
3879,0.859922
3880,0.860078
3881,0.860373
3882,0.860477
3883,0.859861
3884,0.859766
3885,0.859401
3886,0.85928
3887,0.858559
3888,0.858941
3889,0.859184
3890,0.859201
3891,0.858793
3892,0.85888
3893,0.858863
3894,0.858819
3895,0.859722
3896,0.859175
3897,0.858342
3898,0.859175
3899,0.85842
3900,0.857127
3901,0.855547
3902,0.855469
3903,0.857127
3904,0.856979
3905,0.858733
3906,0.859514
3907,0.858793
3908,0.858047
3909,0.858255
3910,0.857943
3911,0.858385
3912,0.858099
3913,0.858394
3914,0.858021
3915,0.858186
3916,0.85796
3917,0.857917
3918,0.857778
3919,0.857717
3920,0.858576
3921,0.858455
3922,0.858672
3923,0.858689
3924,0.85901
3925,0.858559
3926,0.858542
3927,0.858759
3928,0.858828
3929,0.858724
3930,0.858585
3931,0.858637
3932,0.85704
3933,0.858863
3934,0.858333
3935,0.858168
3936,0.85875
3937,0.858646
3938,0.858837
3939,0.858568
3940,0.858594
3941,0.858611
3942,0.857865
3943,0.858212
3944,0.858385
3945,0.859896
3946,0.859774
3947,0.859592
3948,0.860009
3949,0.860069
3950,0.860139
3951,0.859835
3952,0.859688
3953,0.859575
3954,0.859575
3955,0.859644
3956,0.859792
3957,0.859878
3958,0.859601
3959,0.859531
3960,0.859531
3961,0.85901
3962,0.858307
3963,0.857882
3964,0.858134
3965,0.857196
3966,0.85776
3967,0.858698
3968,0.858481
3969,0.858524
3970,0.860877
3971,0.860486
3972,0.860538
3973,0.860738
3974,0.860642
3975,0.860764
3976,0.860434
3977,0.860321
3978,0.860174
3979,0.86033
3980,0.860443
3981,0.859931
3982,0.858351
3983,0.858689
3984,0.855512
3985,0.855347
3986,0.854062
3987,0.855903
3988,0.855608
3989,0.857266
3990,0.858863
3991,0.859201
3992,0.85954
3993,0.859427
3994,0.859462
3995,0.860122
3996,0.859896
3997,0.859696
3998,0.859722
3999,0.859618
4000,0.859444
4001,0.85954
4002,0.859688
4003,0.859557
4004,0.859366
4005,0.85928
4006,0.859245
4007,0.859062
4008,0.859193
4009,0.859297
4010,0.859141
4011,0.859062
4012,0.859262
4013,0.859349
4014,0.859253
4015,0.859253
4016,0.859418
4017,0.859314
4018,0.858976
4019,0.859236
4020,0.860217
4021,0.860321
4022,0.859384
4023,0.859826
4024,0.859253
4025,0.858472
4026,0.858993
4027,0.859323
4028,0.858255
4029,0.857274
4030,0.857465
4031,0.85691
4032,0.856615
4033,0.857161
4034,0.857535
4035,0.858299
4036,0.858628
4037,0.85829
4038,0.859184
4039,0.858342
4040,0.858021
4041,0.859418
4042,0.859028
4043,0.858689
4044,0.858976
4045,0.859983
4046,0.860035
4047,0.860148
4048,0.86
4049,0.859488
4050,0.85974
4051,0.859757
4052,0.859861
4053,0.859705
4054,0.85928
4055,0.859297
4056,0.85934
4057,0.859392
4058,0.859783
4059,0.859297
4060,0.859314
4061,0.85954
4062,0.859653
4063,0.859714
4064,0.859931
4065,0.859957
4066,0.859852
4067,0.859905
4068,0.860113
4069,0.86
4070,0.859618
4071,0.859262
4072,0.858637
4073,0.85875
4074,0.85855
4075,0.858837
4076,0.858924
4077,0.858602
4078,0.85855
4079,0.858403
4080,0.858047
4081,0.8577
4082,0.857778
4083,0.858047
4084,0.858038
4085,0.85796
4086,0.85816
4087,0.858264
4088,0.858385
4089,0.85862
4090,0.858568
4091,0.858403
4092,0.858255
4093,0.858368
4094,0.858628
4095,0.861319
4096,0.860868
4097,0.860981
4098,0.86079
4099,0.860608
4100,0.860469
4101,0.860139
4102,0.859696
4103,0.85928
4104,0.859575
4105,0.858602
4106,0.858273
4107,0.857873
4108,0.858082
4109,0.858073
4110,0.857734
4111,0.857569
4112,0.857483
4113,0.857665
4114,0.857049
4115,0.856858
4116,0.856962
4117,0.857014
4118,0.856849
4119,0.856832
4120,0.858455
4121,0.858168
4122,0.858351
4123,0.858108
4124,0.857917
4125,0.857569
4126,0.857535
4127,0.857769
4128,0.857622
4129,0.857734
4130,0.85783
4131,0.85724
4132,0.856892
4133,0.856892
4134,0.856892
4135,0.856953
4136,0.856866
4137,0.857031
4138,0.856892
4139,0.856866
4140,0.856571
4141,0.856875
4142,0.856823
4143,0.856753
4144,0.857109
4145,0.857569
4146,0.856953
4147,0.857786
4148,0.85691
4149,0.856771
4150,0.856814
4151,0.857205
4152,0.857179
4153,0.857509
4154,0.856979
4155,0.856589
4156,0.856528
4157,0.856094
4158,0.855929
4159,0.854818
4160,0.854557
4161,0.85454
4162,0.853273
4163,0.852535
4164,0.853168
4165,0.852283
4166,0.852153
4167,0.852309
4168,0.852378
4169,0.85145
4170,0.851441
4171,0.849219
4172,0.849531
4173,0.849731
4174,0.849479
4175,0.848637
4176,0.848212
4177,0.847795
4178,0.848533
4179,0.848455
4180,0.847552
4181,0.848689
4182,0.848932
4183,0.849514
4184,0.854488
4185,0.854618
4186,0.856788
4187,0.855608
4188,0.855616
4189,0.857465
4190,0.861102
4191,0.862179
4192,0.861832
4193,0.863481
4194,0.863194
4195,0.864427
4196,0.866858
4197,0.86763
4198,0.870234
4199,0.869262
4200,0.870026
4201,0.870868
4202,0.871068
4203,0.869418
4204,0.86796
4205,0.865816
4206,0.865061
4207,0.864062
4208,0.863568
4209,0.862517
4210,0.862656
4211,0.86197
4212,0.862431
4213,0.861345
4214,0.862934
4215,0.861745
4216,0.861137
4217,0.861016
4218,0.863681
4219,0.86651
4220,0.865877
4221,0.866372
4222,0.869792
4223,0.871858
4224,0.874757
4225,0.875017
4226,0.87895
4227,0.878915
4228,0.879731
4229,0.879774
4230,0.883238
4231,0.884957
4232,0.889601
4233,0.891042
4234,0.895764
4235,0.895764
4236,0.896892
4237,0.897405
4238,0.898672
4239,0.900599
4240,0.898655
4241,0.89796
4242,0.896424
4243,0.898715
4244,0.902153
4245,0.905521
4246,0.904036
4247,0.900634
4248,0.897604
4249,0.896615
4250,0.89362
4251,0.889366
4252,0.888385
4253,0.886181
4254,0.886007
4255,0.881337
4256,0.87796
4257,0.87822
4258,0.877066
4259,0.875686
4260,0.876406
4261,0.873793
4262,0.87447
4263,0.872604
4264,0.874679
4265,0.874887
4266,0.87283
4267,0.873811
4268,0.878411
4269,0.879115
4270,0.875339
4271,0.874939
4272,0.879184
4273,0.881094
4274,0.885017
4275,0.88566
4276,0.887604
4277,0.887743
4278,0.888429
4279,0.886042
4280,0.889714
4281,0.891337
4282,0.895165
4283,0.896701
4284,0.899184
4285,0.903698
4286,0.906528
4287,0.906944
4288,0.908924
4289,0.911259
4290,0.911615
4291,0.914115
4292,0.915321
4293,0.913359
4294,0.909627
4295,0.904852
4296,0.905477
4297,0.903663
4298,0.900495
4299,0.899957
4300,0.897387
4301,0.89487
4302,0.896241
4303,0.892335
4304,0.892804
4305,0.891406
4306,0.888212
4307,0.88671
4308,0.887283
4309,0.885339
4310,0.886849
4311,0.888889
4312,0.891102
4313,0.890955
4314,0.891337
4315,0.892318
4316,0.888724
4317,0.888333
4318,0.882396
4319,0.879219
4320,0.873941
4321,0.873602
4322,0.87125
4323,0.868472
4324,0.864167
4325,0.863108
4326,0.86092
4327,0.865373
4328,0.862951
4329,0.863984
4330,0.867188
4331,0.868012
4332,0.867795
4333,0.869375
4334,0.867569
4335,0.867752
4336,0.866424
4337,0.859644
4338,0.855842
4339,0.851814
4340,0.848255
4341,0.848837
4342,0.845903
4343,0.845469
4344,0.845677
4345,0.837752
4346,0.833698
4347,0.833741
4348,0.829297
4349,0.825972
4350,0.824644
4351,0.82467
4352,0.826823
4353,0.824297
4354,0.825816
4355,0.823108
4356,0.82072
4357,0.822535
4358,0.81901
4359,0.82092
4360,0.823273
4361,0.825833
4362,0.825243
4363,0.829158
4364,0.833281
4365,0.832934
4366,0.838472
4367,0.842318
4368,0.842196
4369,0.843689
4370,0.847387
4371,0.845278
4372,0.850564
4373,0.854757
4374,0.853724
4375,0.858273
4376,0.860799
4377,0.860877
4378,0.860469
4379,0.852891
4380,0.853906
4381,0.858299
4382,0.858646
4383,0.857856
4384,0.860078
4385,0.860981
4386,0.859444
4387,0.862769
4388,0.863872
4389,0.864462
4390,0.868186
4391,0.867188
4392,0.86862
4393,0.867361
4394,0.854306
4395,0.855781
4396,0.854835
4397,0.85447
4398,0.853793
4399,0.853733
4400,0.855747
4401,0.853472
4402,0.848785
4403,0.846224
4404,0.843819
4405,0.841441
4406,0.837257
4407,0.834497
4408,0.826285
4409,0.801476
4410,0.793759
4411,0.782995
4412,0.775069
4413,0.771102
4414,0.778394
4415,0.780017
4416,0.783359
4417,0.795625
4418,0.802378
4419,0.807092
4420,0.822856
4421,0.837691
4422,0.840434
4423,0.844288
4424,0.848793
4425,0.847222
4426,0.841979
4427,0.840191
4428,0.839453
4429,0.838958
4430,0.831884
4431,0.8327
4432,0.826736
4433,0.827083
4434,0.827144
4435,0.828533
4436,0.821528
4437,0.821207
4438,0.815903
4439,0.811519
4440,0.808611
4441,0.80533
4442,0.803932
4443,0.802188
4444,0.801189
4445,0.798854
4446,0.798186
4447,0.795
4448,0.791432
4449,0.791007
4450,0.79079
4451,0.78895
4452,0.785139
4453,0.776415
4454,0.766111
4455,0.7627
4456,0.76026
4457,0.755538
4458,0.751024
4459,0.743889
4460,0.736701
4461,0.733611
4462,0.733889
4463,0.735026
4464,0.73112
4465,0.729844
4466,0.725165
4467,0.728212
4468,0.731224
4469,0.738247
4470,0.730165
4471,0.734358
4472,0.733203
4473,0.735122
4474,0.738802
4475,0.739306
4476,0.740174
4477,0.744306
4478,0.744731
4479,0.738151
4480,0.733663
4481,0.736719
4482,0.734627
4483,0.726823
4484,0.73105
4485,0.732318
4486,0.737535
4487,0.731476
4488,0.731285
4489,0.735156
4490,0.738498
4491,0.743542
4492,0.746016
4493,0.753863
4494,0.75329
4495,0.750399
4496,0.760321
4497,0.765469
4498,0.77059
4499,0.776892
4500,0.780434
4501,0.779687
4502,0.788377
4503,0.78691
4504,0.800043
4505,0.814557
4506,0.819844
4507,0.841658
4508,0.846311
4509,0.846094
4510,0.857717
4511,0.860009
4512,0.861936
4513,0.873273
4514,0.874349
4515,0.877622
4516,0.890729
4517,0.896016
4518,0.895859
4519,0.896363
4520,0.90513
4521,0.904601
4522,0.90408
4523,0.900399
4524,0.897049
4525,0.897135
4526,0.895104
4527,0.89191
4528,0.891979
4529,0.897674
4530,0.899878
4531,0.900182
4532,0.897595
4533,0.895547
4534,0.895061
4535,0.893003
4536,0.893906
4537,0.8977
4538,0.898394
4539,0.896589
4540,0.900174
4541,0.897639
4542,0.900061
4543,0.901693
4544,0.901024
4545,0.904062
4546,0.900391
4547,0.893368
4548,0.890747
4549,0.888828
4550,0.886207
4551,0.882865
4552,0.878941
4553,0.870165
4554,0.868264
4555,0.865946
4556,0.858455
4557,0.857127
4558,0.850773
4559,0.84895
4560,0.849731
4561,0.843776
4562,0.841163
4563,0.840104
4564,0.839375
4565,0.837231
4566,0.835078
4567,0.835095
4568,0.840668
4569,0.841441
4570,0.849609
4571,0.849609
4572,0.847049
4573,0.848134
4574,0.846597
4575,0.843377
4576,0.842448
4577,0.836128
4578,0.834132
4579,0.825356
4580,0.822196
4581,0.819123
4582,0.814201
4583,0.812344
4584,0.810035
4585,0.809314
4586,0.806311
4587,0.806675
4588,0.805799
4589,0.805816
4590,0.81046
4591,0.812908
4592,0.818203
4593,0.822969
4594,0.82579
4595,0.834384
4596,0.839219
4597,0.842812
4598,0.845556
4599,0.846319
4600,0.841701
4601,0.840339
4602,0.837517
4603,0.827526
4604,0.82487
4605,0.8223
4606,0.813793
4607,0.812266
4608,0.810113
4609,0.808898
4610,0.810955
4611,0.814957
4612,0.819878
4613,0.823299
4614,0.826536
4615,0.832109
4616,0.833377
4617,0.834201
4618,0.833012
4619,0.833168
4620,0.829635
4621,0.83217
4622,0.835234
4623,0.834748
4624,0.823759
4625,0.822118
4626,0.817865
4627,0.813056
4628,0.806441
4629,0.805625
4630,0.799453
4631,0.792856
4632,0.789931
4633,0.786875
4634,0.778012
4635,0.777352
4636,0.77145
4637,0.772127
4638,0.768689
4639,0.773403
4640,0.777708
4641,0.779896
4642,0.780365
4643,0.783455
4644,0.783429
4645,0.791684
4646,0.79737
4647,0.797665
4648,0.80178
4649,0.801675
4650,0.801181
4651,0.806224
4652,0.805842
4653,0.803281
4654,0.808585
4655,0.814714
4656,0.816545
4657,0.819245
4658,0.824835
4659,0.827023
4660,0.831163
4661,0.837578
4662,0.838785
4663,0.840148
4664,0.844401
4665,0.843898
4666,0.847622
4667,0.848958
4668,0.848255
4669,0.845929
4670,0.838116
4671,0.837526
4672,0.835009
4673,0.827839
4674,0.826068
4675,0.820052
4676,0.808898
4677,0.80408
4678,0.799905
4679,0.796918
4680,0.781042
4681,0.764271
4682,0.755451
4683,0.74967
4684,0.743811
4685,0.721476
4686,0.714948
4687,0.704705
4688,0.695382
4689,0.693828
4690,0.68717
4691,0.684792
4692,0.684097
4693,0.682891
4694,0.68572
4695,0.683325
4696,0.682352
4697,0.687865
4698,0.684722
4699,0.689783
4700,0.691554
4701,0.691693
4702,0.697439
4703,0.702405
4704,0.703663
4705,0.712352
4706,0.713845
4707,0.717405
4708,0.723498
4709,0.726562
4710,0.728464
4711,0.742925
4712,0.751146
4713,0.753194
4714,0.77671
4715,0.783142
4716,0.77928
4717,0.780373
4718,0.785972
4719,0.78901
4720,0.81342
4721,0.813611
4722,0.811536
4723,0.808932
4724,0.810373
4725,0.810677
4726,0.811988
4727,0.820885
4728,0.819557
4729,0.827995
4730,0.827977
4731,0.823594
4732,0.829505
4733,0.836832
4734,0.836128
4735,0.840894
4736,0.845651
4737,0.847274
4738,0.855712
4739,0.858194
4740,0.858863
4741,0.860911
4742,0.861649
4743,0.863047
4744,0.862257
4745,0.86191
4746,0.838611
4747,0.823012
4748,0.815955
4749,0.80875
4750,0.735356
4751,0.71947
4752,0.713403
4753,0.692266
4754,0.633594
4755,0.61822
4756,0.592023
4757,0.561172
4758,0.550833
4759,0.532656
4760,0.470295
4761,0.457431
4762,0.438976
4763,0.427352
4764,0.420547
4765,0.410556
4766,0.396571
4767,0.389106
4768,0.375556
4769,0.371684
4770,0.349627
4771,0.343524
4772,0.337352
4773,0.336259
4774,0.332908
4775,0.327292
4776,0.324097
4777,0.316198
4778,0.308793
4779,0.306771
4780,0.301858
4781,0.297587
4782,0.295469
4783,0.289332
4784,0.285234
4785,0.281267
4786,0.272057
4787,0.264514
4788,0.260217
4789,0.251719
4790,0.241458
4791,0.236311
4792,0.228455
4793,0.218793
4794,0.215312
4795,0.206927
4796,0.202283
4797,0.200174
4798,0.196311
4799,0.192326
4800,0.190625
4801,0.187474
4802,0.186024
4803,0.185851
4804,0.186155
4805,0.18658
4806,0.187144
4807,0.187283
4808,0.187309
4809,0.187309
4810,0.185851
4811,0.183793
4812,0.181476
4813,0.178342
4814,0.176354
4815,0.17355
4816,0.172821
4817,0.171658
4818,0.171085
4819,0.170087
4820,0.156415
4821,0.156042
4822,0.156675
4823,0.156372
4824,0.156432
4825,0.156441
4826,0.156233
4827,0.156389
4828,0.156701
4829,0.156337
4830,0.156085
4831,0.155981
4832,0.156059
4833,0.155694
4834,0.154002
4835,0.153802
4836,0.153802
4837,0.153854
4838,0.154036
4839,0.153542
4840,0.153889
4841,0.153828
4842,0.153741
4843,0.153802
4844,0.153707
4845,0.153915
4846,0.153663
4847,0.153802
4848,0.153767
4849,0.153898
4850,0.153793
4851,0.153828
4852,0.153915
4853,0.154002
4854,0.153941
4855,0.154401
4856,0.15434
4857,0.154262
4858,0.154488
4859,0.154227
4860,0.154436
4861,0.154583
4862,0.154366
4863,0.154253
4864,0.154271
4865,0.154201
4866,0.154028
4867,0.154306
4868,0.154418
4869,0.154488
4870,0.154479
4871,0.154253
4872,0.154575
4873,0.154453
4874,0.154436
4875,0.154679
4876,0.154592
4877,0.154531
4878,0.154236
4879,0.154158
4880,0.154123
4881,0.153776
4882,0.153845
4883,0.15375
4884,0.151684
4885,0.151684
4886,0.152049
4887,0.152214
4888,0.152075
4889,0.151953
4890,0.152257
4891,0.152474
4892,0.152378
4893,0.152465
4894,0.152274
4895,0.152326
4896,0.152344
4897,0.152231
4898,0.151875
4899,0.151918
4900,0.151901
4901,0.15191
4902,0.151892
4903,0.152023
4904,0.152222
4905,0.152266
4906,0.152205
4907,0.152274
4908,0.152092
4909,0.152326
4910,0.152457
4911,0.152648
4912,0.152778
4913,0.152691
4914,0.152535
4915,0.152604
4916,0.152587
4917,0.155113
4918,0.163932
4919,0.169913
4920,0.183776
4921,0.197439
4922,0.204887
4923,0.219306
4924,0.233472
4925,0.238342
4926,0.246163
4927,0.253924
4928,0.259314
4929,0.264792
4930,0.26592
4931,0.266042
4932,0.267413
4933,0.289609
4934,0.297205
4935,0.308655
4936,0.335911
4937,0.344123
4938,0.354427
4939,0.40026
4940,0.40829
4941,0.432274
4942,0.447526
4943,0.455677
4944,0.462648
4945,0.471302
4946,0.472977
4947,0.479323
4948,0.485408
4949,0.486502
4950,0.479783
4951,0.467691
4952,0.462891
4953,0.455651
4954,0.445903
4955,0.443247
4956,0.422665
4957,0.405556
4958,0.399818
4959,0.362396
4960,0.34947
4961,0.340547
4962,0.328411
4963,0.318394
4964,0.311693
4965,0.290582
4966,0.265773
4967,0.255564
4968,0.248403
4969,0.246016
4970,0.24579
4971,0.249514
4972,0.255104
4973,0.260061
4974,0.270573
4975,0.281215
4976,0.287222
4977,0.298082
4978,0.308082
4979,0.309722
4980,0.315885
4981,0.318047
4982,0.316649
4983,0.312786
4984,0.306823
4985,0.308559
4986,0.309505
4987,0.303993
4988,0.302665
4989,0.298828
4990,0.290113
4991,0.2852
4992,0.273698
4993,0.273698
4994,0.269818
4995,0.263203
4996,0.258325
4997,0.255122
4998,0.246198
4999,0.24645
5000,0.245981
5001,0.243507
5002,0.238108
5003,0.240738
5004,0.242535
5005,0.240373
5006,0.237413
5007,0.23776
5008,0.240955
5009,0.236363
5010,0.234757
5011,0.230156
5012,0.229913
5013,0.224436
5014,0.220295
5015,0.219939
5016,0.216979
5017,0.213238
5018,0.211476
5019,0.207179
5020,0.200955
5021,0.199167
5022,0.197457
5023,0.195807
5024,0.198559
5025,0.20178
5026,0.205894
5027,0.208429
5028,0.209948
5029,0.207483
5030,0.206927
5031,0.203967
5032,0.199575
5033,0.195373
5034,0.181849
5035,0.181875
5036,0.181415
5037,0.179965
5038,0.179175
5039,0.178472
5040,0.177569
5041,0.175929
5042,0.173611
5043,0.171667
5044,0.169783
5045,0.168533
5046,0.169826
5047,0.172717
5048,0.175278
5049,0.18079
5050,0.186814
5051,0.190807
5052,0.196884
5053,0.20283
5054,0.20704
5055,0.218247
5056,0.228958
5057,0.235269
5058,0.24474
5059,0.270295
5060,0.274905
5061,0.287005
5062,0.30066
5063,0.321033
5064,0.347144
5065,0.36401
5066,0.371597
5067,0.380634
5068,0.392908
5069,0.39855
5070,0.409175
5071,0.42592
5072,0.434627
5073,0.450434
5074,0.470694
5075,0.47954
5076,0.499618
5077,0.516024
5078,0.521536
5079,0.532752
5080,0.542734
5081,0.548516
5082,0.557934
5083,0.563203
5084,0.567483
5085,0.57105
5086,0.557613
5087,0.557075
5088,0.547969
5089,0.499774
5090,0.482561
5091,0.460521
5092,0.385425
5093,0.376519
5094,0.360165
5095,0.345278
5096,0.340035
5097,0.329288
5098,0.322274
5099,0.318203
5100,0.306458
5101,0.295469
5102,0.287378
5103,0.270859
5104,0.25276
5105,0.243889
5106,0.223819
5107,0.215191
5108,0.20855
5109,0.191007
5110,0.191398
5111,0.191936
5112,0.193455
5113,0.196875
5114,0.198915
5115,0.201519
5116,0.205894
5117,0.206962
5118,0.208273
5119,0.205269
5120,0.20546
5121,0.201667
5122,0.192231
5123,0.187309
5124,0.177161
5125,0.164983
5126,0.159826
5127,0.150356
5128,0.144167
5129,0.141389
5130,0.135547
5131,0.130347
5132,0.12967
5133,0.129523
5134,0.128611
5135,0.129071
5136,0.129175
5137,0.129193
5138,0.129314
5139,0.129253
5140,0.129505
5141,0.129514
5142,0.129627
5143,0.129531
5144,0.129748
5145,0.129878
5146,0.12987
5147,0.129939
5148,0.129991
5149,0.130139
5150,0.130243
5151,0.130095
5152,0.130339
5153,0.130382
5154,0.130547
5155,0.130399
5156,0.130391
5157,0.130417
5158,0.130408
5159,0.130321
5160,0.130217
5161,0.130668
5162,0.130451
5163,0.13053
5164,0.130642
5165,0.130764
5166,0.131024
5167,0.131128
5168,0.131111
5169,0.131128
5170,0.130938
5171,0.131033
5172,0.130938
5173,0.131137
5174,0.131198
5175,0.131259
5176,0.13112
5177,0.131198
5178,0.131181
5179,0.131215
5180,0.131259
5181,0.131224
5182,0.131146
5183,0.131137
5184,0.130078
5185,0.130217
5186,0.130443
5187,0.130634
5188,0.130477
5189,0.130477
5190,0.130451
5191,0.130477
5192,0.130634
5193,0.130651
5194,0.13053
5195,0.130608
5196,0.130486
5197,0.13125
5198,0.131319
5199,0.131155
5200,0.131293
5201,0.131319
5202,0.131276
5203,0.131198
5204,0.131163
5205,0.13125
5206,0.131267
5207,0.131458
5208,0.131528
5209,0.131493
5210,0.131406
5211,0.131102
5212,0.131181
5213,0.131111
5214,0.131085
5215,0.13112
5216,0.131224
5217,0.131267
5218,0.131276
5219,0.131267
5220,0.130486
5221,0.130547
5222,0.130677
5223,0.130885
5224,0.130799
5225,0.130972
5226,0.131155
5227,0.131094
5228,0.131163
5229,0.131267
5230,0.131276
5231,0.131155
5232,0.131276
5233,0.131293
5234,0.131233
5235,0.131267
5236,0.131155
5237,0.13125
5238,0.131276
5239,0.131189
5240,0.131033
5241,0.13099
5242,0.13105
5243,0.131059
5244,0.13099
5245,0.12875
5246,0.128924
5247,0.129132
5248,0.128967
5249,0.129028
5250,0.129028
5251,0.128932
5252,0.128898
5253,0.128872
5254,0.128967
5255,0.129028
5256,0.129141
5257,0.129349
5258,0.134054
5259,0.138611
5260,0.148212
5261,0.158455
5262,0.163516
5263,0.173299
5264,0.182248
5265,0.188307
5266,0.19763
5267,0.213247
5268,0.217778
5269,0.232457
5270,0.252283
5271,0.255903
5272,0.266892
5273,0.273325
5274,0.277873
5275,0.286823
5276,0.293125
5277,0.296606
5278,0.301615
5279,0.305825
5280,0.306988
5281,0.308116
5282,0.30855
5283,0.307057
5284,0.305009
5285,0.303021
5286,0.301623
5287,0.300842
5288,0.296372
5289,0.295269
5290,0.297326
5291,0.30066
5292,0.302786
5293,0.307092
5294,0.313394
5295,0.311493
5296,0.323368
5297,0.347743
5298,0.35428
5299,0.373681
5300,0.38934
5301,0.396823
5302,0.412023
5303,0.448134
5304,0.455365
5305,0.474644
5306,0.488316
5307,0.496884
5308,0.508637
5309,0.52428
5310,0.528707
5311,0.539957
5312,0.548828
5313,0.556189
5314,0.566944
5315,0.5748
5316,0.57776
5317,0.58447
5318,0.588915
5319,0.595434
5320,0.611432
5321,0.616111
5322,0.617326
5323,0.619097
5324,0.617734
5325,0.616233
5326,0.615712
5327,0.612839
5328,0.613507
5329,0.611667
5330,0.60717
5331,0.606597
5332,0.601675
5333,0.597457
5334,0.592552
5335,0.587934
5336,0.583915
5337,0.580625
5338,0.579835
5339,0.57566
5340,0.574696
5341,0.571641
5342,0.571085
5343,0.56809
5344,0.570026
5345,0.539766
5346,0.543273
5347,0.550929
5348,0.553316
5349,0.552344
5350,0.552977
5351,0.553785
5352,0.555286
5353,0.559028
5354,0.563438
5355,0.564931
5356,0.568915
5357,0.570304
5358,0.569983
5359,0.571406
5360,0.574679
5361,0.577153
5362,0.576589
5363,0.541406
5364,0.540998
5365,0.540252
5366,0.539167
5367,0.537431
5368,0.513524
5369,0.502969
5370,0.48947
5371,0.493238
5372,0.498021
5373,0.498559
5374,0.497656
5375,0.498351
5376,0.497622
5377,0.49303
5378,0.49138
5379,0.491137
5380,0.489497
5381,0.485938
5382,0.483012
5383,0.477231
5384,0.46855
5385,0.464036
5386,0.45947
5387,0.456155
5388,0.451997
5389,0.449158
5390,0.448003
5391,0.446632
5392,0.44487
5393,0.44046
5394,0.440182
5395,0.436623
5396,0.43822
5397,0.442465
5398,0.447535
5399,0.455451
5400,0.455564
5401,0.459983
5402,0.462075
5403,0.465052
5404,0.47178
5405,0.474366
5406,0.475347
5407,0.480373
5408,0.485286
5409,0.486155
5410,0.4902
5411,0.490738
5412,0.492405
5413,0.494644
5414,0.496615
5415,0.496701
5416,0.498542
5417,0.502587
5418,0.503403
5419,0.508672
5420,0.503845
5421,0.506979
5422,0.509071
5423,0.515747
5424,0.517422
5425,0.523585
5426,0.529427
5427,0.529245
5428,0.536441
5429,0.538984
5430,0.53842
5431,0.54059
5432,0.543672
5433,0.545174
5434,0.547361
5435,0.548602
5436,0.548524
5437,0.549297
5438,0.549583
5439,0.552786
5440,0.556589
5441,0.558481
5442,0.559193
5443,0.563385
5444,0.566276
5445,0.565773
5446,0.567318
5447,0.570564
5448,0.57237
5449,0.575321
5450,0.580703
5451,0.583932
5452,0.585816
5453,0.589323
5454,0.58947
5455,0.589714
5456,0.592535
5457,0.594132
5458,0.594557
5459,0.594861
5460,0.594792
5461,0.596094
5462,0.599297
5463,0.600278
5464,0.606589
5465,0.612448
5466,0.615
5467,0.616936
5468,0.617578
5469,0.620885
5470,0.637925
5471,0.639297
5472,0.640816
5473,0.64026
5474,0.640816
5475,0.641155
5476,0.64217
5477,0.643194
5478,0.643342
5479,0.643516
5480,0.644479
5481,0.645512
5482,0.64697
5483,0.647422
5484,0.647509
5485,0.648793
5486,0.649219
5487,0.649905
5488,0.64967
5489,0.649809
5490,0.650061
5491,0.65059
5492,0.650564
5493,0.651241
5494,0.651563
5495,0.671372
5496,0.672361
5497,0.674878
5498,0.67803
5499,0.68704
5500,0.700061
5501,0.709444
5502,0.721424
5503,0.733689
5504,0.742656
5505,0.743125
5506,0.748811
5507,0.765938
5508,0.771684
5509,0.775651
5510,0.77842
5511,0.781745
5512,0.792101
5513,0.792222
5514,0.794132
5515,0.797205
5516,0.800356
5517,0.802734
5518,0.801571
5519,0.804253
5520,0.823915
5521,0.824488
5522,0.821389
5523,0.820399
5524,0.821953
5525,0.822526
5526,0.821146
5527,0.82316
5528,0.822786
5529,0.824071
5530,0.823411
5531,0.824661
5532,0.82658
5533,0.827674
5534,0.82776
5535,0.827639
5536,0.827613
5537,0.826736
5538,0.826502
5539,0.825877
5540,0.824809
5541,0.823681
5542,0.823663
5543,0.825339
5544,0.825026
5545,0.832066
5546,0.831389
5547,0.832543
5548,0.831936
5549,0.831432
5550,0.831814
5551,0.832092
5552,0.832231
5553,0.832205
5554,0.832109
5555,0.831146
5556,0.830451
5557,0.830425
5558,0.830868
5559,0.830408
5560,0.830252
5561,0.830399
5562,0.829983
5563,0.83033
5564,0.829054
5565,0.829002
5566,0.82809
5567,0.828698
5568,0.829392
5569,0.829488
5570,0.823125
5571,0.823602
5572,0.821997
5573,0.81901
5574,0.817899
5575,0.818359
5576,0.817135
5577,0.817422
5578,0.816181
5579,0.816007
5580,0.81546
5581,0.815122
5582,0.815321
5583,0.814818
5584,0.814601
5585,0.815538
5586,0.81605
5587,0.817769
5588,0.818429
5589,0.819219
5590,0.820833
5591,0.820911
5592,0.821719
5593,0.821979
5594,0.82309
5595,0.823958
5596,0.823672
5597,0.822396
5598,0.822231
5599,0.82276
5600,0.822396
5601,0.822786
5602,0.822526
5603,0.821146
5604,0.821849
5605,0.821693
5606,0.821892
5607,0.820868
5608,0.820729
5609,0.820842
5610,0.820139
5611,0.820668
5612,0.818481
5613,0.819028
5614,0.819063
5615,0.81888
5616,0.817378
5617,0.816719
5618,0.815599
5619,0.815243
5620,0.811675
5621,0.810825
5622,0.81033
5623,0.809349
5624,0.80974
5625,0.809905
5626,0.809887
5627,0.809149
5628,0.808837
5629,0.809974
5630,0.808837
5631,0.809141
5632,0.809028
5633,0.809219
5634,0.808958
5635,0.809957
5636,0.811276
5637,0.811944
5638,0.812179
5639,0.81191
5640,0.811823
5641,0.8123
5642,0.813689
5643,0.813655
5644,0.812899
5645,0.817179
5646,0.815755
5647,0.816267
5648,0.816311
5649,0.816094
5650,0.816163
5651,0.816233
5652,0.814974
5653,0.81329
5654,0.810885
5655,0.810408
5656,0.809236
5657,0.807613
5658,0.807483
5659,0.807804
5660,0.80862
5661,0.808073
5662,0.808967
5663,0.808576
5664,0.808359
5665,0.809201
5666,0.809158
5667,0.808689
5668,0.808906
5669,0.808229
5670,0.805512
5671,0.804931
5672,0.805
5673,0.805269
5674,0.805148
5675,0.805616
5676,0.80559
5677,0.80638
5678,0.805694
5679,0.806111
5680,0.806189
5681,0.806172
5682,0.806267
5683,0.805998
5684,0.805095
5685,0.805339
5686,0.805234
5687,0.805469
5688,0.805773
5689,0.804896
5690,0.805434
5691,0.805373
5692,0.805651
5693,0.805417
5694,0.805903
5695,0.810113
5696,0.810243
5697,0.811354
5698,0.811571
5699,0.811146
5700,0.810425
5701,0.808507
5702,0.807352
5703,0.806693
5704,0.806033
5705,0.804991
5706,0.803889
5707,0.804601
5708,0.805625
5709,0.805833
5710,0.805356
5711,0.805877
5712,0.804948
5713,0.803446
5714,0.803594
5715,0.80428
5716,0.80474
5717,0.804557
5718,0.805556
5719,0.805495
5720,0.808611
5721,0.808533
5722,0.808542
