framenum,queue density
1,0.26331
2,0.259645
3,0.256366
4,0.254533
5,0.248794
6,0.250241
7,0.249904
8,0.255257
9,0.255208
10,0.262973
11,0.271701
12,0.27744
13,0.285349
14,0.295428
15,0.297888
16,0.304688
17,0.311053
18,0.313561
19,0.319203
20,0.319348
21,0.323929
22,0.327257
23,0.331742
24,0.333623
25,0.334201
26,0.332417
27,0.334008
28,0.327932
29,0.32909
30,0.328366
31,0.325087
32,0.32663
33,0.323351
34,0.325424
35,0.324846
36,0.324605
37,0.320843
38,0.323158
39,0.324219
40,0.321952
41,0.325762
42,0.325955
43,0.322676
44,0.322627
45,0.312162
46,0.310475
47,0.310523
48,0.308883
49,0.306954
50,0.307002
51,0.304736
52,0.301842
53,0.300588
54,0.301312
55,0.298804
56,0.298274
57,0.297405
58,0.298225
59,0.301794
60,0.301119
61,0.296152
62,0.298177
63,0.298466
64,0.297791
65,0.298129
66,0.296827
67,0.297213
68,0.29485
69,0.29591
70,0.288628
71,0.28723
72,0.289159
73,0.290606
74,0.292245
75,0.293692
76,0.294608
77,0.293644
78,0.294946
79,0.292245
80,0.293644
81,0.294657
82,0.296296
83,0.300154
84,0.300926
85,0.306424
86,0.310185
87,0.313127
88,0.321036
89,0.331549
90,0.333478
91,0.339747
92,0.34592
93,0.350309
94,0.358989
95,0.370033
96,0.371914
97,0.377797
98,0.382571
99,0.388407
100,0.391927
101,0.400415
102,0.402054
103,0.405093
104,0.40789
105,0.409385
106,0.407407
107,0.406829
108,0.407552
109,0.405093
110,0.402392
111,0.402488
112,0.401331
113,0.398486
114,0.399402
115,0.395351
116,0.392458
117,0.392265
118,0.389419
119,0.391445
120,0.379919
121,0.38561
122,0.388262
123,0.392892
124,0.398196
125,0.404176
126,0.404659
127,0.410735
128,0.411941
129,0.416522
130,0.417294
131,0.420718
132,0.421779
133,0.425637
134,0.425637
135,0.429157
136,0.431327
137,0.430845
138,0.432292
139,0.43287
140,0.429784
141,0.43234
142,0.432629
143,0.431231
144,0.430748
145,0.419946
146,0.419801
147,0.419898
148,0.417921
149,0.419271
150,0.417872
151,0.413532
152,0.412471
153,0.410446
154,0.408613
155,0.404996
156,0.402344
157,0.398727
158,0.393663
159,0.392843
160,0.389226
161,0.387876
162,0.388214
163,0.38614
164,0.383922
165,0.382957
166,0.381076
167,0.380112
168,0.377074
169,0.379099
170,0.370949
171,0.369454
172,0.371094
173,0.366175
174,0.366753
175,0.365017
176,0.363329
177,0.363137
178,0.363088
179,0.362365
180,0.359664
181,0.360147
182,0.359375
183,0.358796
184,0.359616
185,0.356337
186,0.35735
187,0.355855
188,0.354986
189,0.354794
190,0.355517
191,0.354552
192,0.353492
193,0.352527
194,0.351514
195,0.347608
196,0.348862
197,0.35026
198,0.348958
199,0.348621
200,0.348669
201,0.348862
202,0.349296
203,0.349633
204,0.350309
205,0.349344
206,0.349199
207,0.348524
208,0.347897
209,0.348958
210,0.348139
211,0.348283
212,0.348139
213,0.348524
214,0.348476
215,0.348669
216,0.349007
217,0.348428
218,0.348476
219,0.348331
220,0.349923
221,0.349923
222,0.349875
223,0.350019
224,0.349875
225,0.349971
226,0.349826
227,0.349923
228,0.349585
229,0.349103
230,0.349055
231,0.349296
232,0.348235
233,0.349199
234,0.349151
235,0.349682
236,0.349441
237,0.348669
238,0.348524
239,0.347704
240,0.347222
241,0.346547
242,0.347415
243,0.346499
244,0.346981
245,0.34809
246,0.348765
247,0.349441
248,0.348331
249,0.348669
250,0.349344
251,0.349392
252,0.348958
253,0.349055
254,0.349103
255,0.348862
256,0.349248
257,0.349441
258,0.349248
259,0.349199
260,0.350309
261,0.349826
262,0.348862
263,0.348669
264,0.348187
265,0.347174
266,0.347126
267,0.347126
268,0.346595
269,0.346595
270,0.342834
271,0.342351
272,0.342689
273,0.343027
274,0.343171
275,0.342303
276,0.341869
277,0.341821
278,0.341676
279,0.340905
280,0.340808
281,0.342014
282,0.342351
283,0.344184
284,0.345004
285,0.344859
286,0.345293
287,0.346499
288,0.346885
289,0.347174
290,0.346885
291,0.346258
292,0.346209
293,0.345197
294,0.344618
295,0.339699
296,0.338927
297,0.338301
298,0.337481
299,0.336516
300,0.335986
301,0.335166
302,0.335069
303,0.335214
304,0.334973
305,0.334828
306,0.335166
307,0.334587
308,0.334635
309,0.334491
310,0.334973
311,0.334877
312,0.334828
313,0.33396
314,0.335503
315,0.336034
316,0.336227
317,0.336613
318,0.336227
319,0.3356
320,0.339603
321,0.340615
322,0.340567
323,0.340181
324,0.340519
325,0.34023
326,0.339554
327,0.339554
328,0.340615
329,0.340374
330,0.340615
331,0.340664
332,0.342062
333,0.341821
334,0.342207
335,0.341628
336,0.341628
337,0.342351
338,0.342014
339,0.342062
340,0.342978
341,0.342641
342,0.342593
343,0.344329
344,0.346788
345,0.348139
346,0.350357
347,0.352865
348,0.353926
349,0.357832
350,0.359086
351,0.359809
352,0.362751
353,0.365403
354,0.367429
355,0.367863
356,0.370177
357,0.371046
358,0.371914
359,0.373553
360,0.373891
361,0.375675
362,0.376495
363,0.376302
364,0.376254
365,0.375675
366,0.375048
367,0.375241
368,0.373746
369,0.373216
370,0.367573
371,0.367959
372,0.368779
373,0.368731
374,0.368007
375,0.366705
376,0.36521
377,0.365596
378,0.363667
379,0.36251
380,0.361834
381,0.361063
382,0.360436
383,0.359905
384,0.358989
385,0.358893
386,0.360581
387,0.360677
388,0.362654
389,0.363764
390,0.364824
391,0.370129
392,0.374614
393,0.375096
394,0.378376
395,0.377267
396,0.379437
397,0.383391
398,0.3845
399,0.385272
400,0.38749
401,0.389998
402,0.390818
403,0.392409
404,0.394965
405,0.395351
406,0.396364
407,0.399113
408,0.398727
409,0.403646
410,0.407456
411,0.408902
412,0.411314
413,0.415654
414,0.416522
415,0.42202
416,0.424431
417,0.425829
418,0.427758
419,0.431424
420,0.432533
421,0.439429
422,0.439284
423,0.442081
424,0.446663
425,0.45245
426,0.455392
427,0.46113
428,0.465664
429,0.469666
430,0.473765
431,0.480855
432,0.482446
433,0.488908
434,0.495322
435,0.499325
436,0.50135
437,0.508054
438,0.508922
439,0.514323
440,0.517458
441,0.521316
442,0.525077
443,0.526958
444,0.525752
445,0.539255
446,0.540702
447,0.54075
448,0.543499
449,0.548081
450,0.54837
451,0.551601
452,0.553096
453,0.552469
454,0.557243
455,0.555845
456,0.560378
457,0.561005
458,0.562741
459,0.565683
460,0.565104
461,0.567757
462,0.571615
463,0.570891
464,0.572
465,0.575762
466,0.577932
467,0.579041
468,0.576919
469,0.579041
470,0.59838
471,0.597946
472,0.596258
473,0.597174
474,0.597174
475,0.596354
476,0.596933
477,0.597704
478,0.598042
479,0.600357
480,0.600598
481,0.602334
482,0.602286
483,0.599875
484,0.59973
485,0.6019
486,0.602575
487,0.602334
488,0.602045
489,0.602045
490,0.601032
491,0.6019
492,0.602479
493,0.603588
494,0.603684
495,0.603926
496,0.603781
497,0.605999
498,0.605903
499,0.605276
500,0.604263
501,0.603733
502,0.602527
503,0.602431
504,0.602382
505,0.60108
506,0.601225
507,0.599441
508,0.598476
509,0.598573
510,0.598814
511,0.597849
512,0.598476
513,0.599826
514,0.600646
515,0.602623
516,0.604167
517,0.612317
518,0.61849
519,0.622733
520,0.644001
521,0.645689
522,0.649932
523,0.655334
524,0.665654
525,0.669464
526,0.674527
527,0.677373
528,0.681568
529,0.681472
530,0.685233
531,0.686632
532,0.687162
533,0.684655
534,0.689911
535,0.689767
536,0.68914
537,0.691406
538,0.692274
539,0.690731
540,0.693287
541,0.692612
542,0.693914
543,0.692515
544,0.692564
545,0.708864
546,0.707514
547,0.705777
548,0.705922
549,0.703559
550,0.705295
551,0.703848
552,0.704668
553,0.702402
554,0.701292
555,0.699556
556,0.698399
557,0.698351
558,0.698785
559,0.698061
560,0.697145
561,0.696422
562,0.696325
563,0.696422
564,0.696663
565,0.697434
566,0.698399
567,0.698688
568,0.698495
569,0.69647
570,0.694444
571,0.69512
572,0.694541
573,0.695554
574,0.695264
575,0.694637
576,0.694155
577,0.693432
578,0.693432
579,0.693335
580,0.693335
581,0.692612
582,0.692419
583,0.69184
584,0.692708
585,0.691647
586,0.691889
587,0.69131
588,0.691889
589,0.692708
590,0.691551
591,0.692515
592,0.691889
593,0.695361
594,0.697145
595,0.716049
596,0.719425
597,0.722946
598,0.730421
599,0.731047
600,0.733941
601,0.734905
602,0.734809
603,0.735581
604,0.736063
605,0.738137
606,0.736979
607,0.741995
608,0.745804
609,0.748457
610,0.755257
611,0.756993
612,0.757716
613,0.757571
614,0.760368
615,0.760417
616,0.762635
617,0.763551
618,0.764178
619,0.764082
620,0.785446
621,0.78424
622,0.783083
623,0.78342
624,0.782745
625,0.782841
626,0.781539
627,0.783758
628,0.783372
629,0.784144
630,0.785204
631,0.788773
632,0.79186
633,0.796971
634,0.79784
635,0.797791
636,0.799817
637,0.802373
638,0.801408
639,0.807292
640,0.806472
641,0.805556
642,0.808835
643,0.806472
644,0.80869
645,0.818721
646,0.817371
647,0.819107
648,0.817564
649,0.817081
650,0.817708
651,0.819155
652,0.819203
653,0.818962
654,0.824556
655,0.827739
656,0.826678
657,0.826678
658,0.827932
659,0.825714
660,0.825087
661,0.823736
662,0.821229
663,0.825666
664,0.826292
665,0.824026
666,0.822627
667,0.823736
668,0.823929
669,0.821807
670,0.820361
671,0.818721
672,0.818383
673,0.817998
674,0.81549
675,0.815394
676,0.817371
677,0.81766
678,0.818383
679,0.819734
680,0.81766
681,0.81684
682,0.818142
683,0.816503
684,0.816744
685,0.816889
686,0.815345
687,0.815779
688,0.813609
689,0.813416
690,0.810282
691,0.81033
692,0.811246
693,0.809269
694,0.811198
695,0.815297
696,0.813175
697,0.812404
698,0.812259
699,0.812162
700,0.811101
701,0.810812
702,0.812693
703,0.810909
704,0.817708
705,0.817708
706,0.820168
707,0.820554
708,0.823206
709,0.825087
710,0.826003
711,0.826196
712,0.826148
713,0.824219
714,0.825473
715,0.825569
716,0.826534
717,0.827064
718,0.82827
719,0.826871
720,0.837529
721,0.83912
722,0.838397
723,0.837577
724,0.838397
725,0.839072
726,0.838783
727,0.83777
728,0.837674
729,0.837577
730,0.837625
731,0.838204
732,0.838542
733,0.837867
734,0.83777
735,0.838059
736,0.838059
737,0.838686
738,0.839313
739,0.839169
740,0.839217
741,0.83912
742,0.838831
743,0.838493
744,0.83859
745,0.837818
746,0.838445
747,0.838542
748,0.837625
749,0.83777
750,0.838397
751,0.838397
752,0.838542
753,0.838301
754,0.837963
755,0.83777
756,0.838493
757,0.838927
758,0.839169
759,0.838927
760,0.83941
761,0.839458
762,0.838976
763,0.839506
764,0.83941
765,0.840567
766,0.840615
767,0.841242
768,0.841291
769,0.841387
770,0.847367
771,0.84756
772,0.847656
773,0.84756
774,0.847801
775,0.84756
776,0.847174
777,0.847319
778,0.84756
779,0.847753
780,0.847801
781,0.847753
782,0.847849
783,0.84727
784,0.846836
785,0.846306
786,0.846595
787,0.846547
788,0.84674
789,0.846692
790,0.846836
791,0.847174
792,0.84727
793,0.846885
794,0.846451
795,0.8451
796,0.843943
797,0.844136
798,0.843605
799,0.844039
800,0.843846
801,0.842834
802,0.842448
803,0.842351
804,0.8424
805,0.842496
806,0.8424
807,0.84158
808,0.842737
809,0.840953
810,0.842303
811,0.841001
812,0.840664
813,0.842159
814,0.842014
815,0.842014
816,0.842544
817,0.843027
818,0.843123
819,0.843557
820,0.844715
821,0.844859
822,0.845245
823,0.845727
824,0.846258
825,0.84674
826,0.846209
827,0.846595
828,0.846547
829,0.847415
830,0.847608
831,0.847078
832,0.846836
833,0.847994
834,0.848524
835,0.848958
836,0.84891
837,0.848717
838,0.849248
839,0.849826
840,0.849537
841,0.849778
842,0.84973
843,0.849441
844,0.85026
845,0.85055
846,0.850791
847,0.851852
848,0.852382
849,0.852334
850,0.852479
851,0.852816
852,0.852575
853,0.852189
854,0.852479
855,0.852238
856,0.851659
857,0.8519
858,0.851611
859,0.850887
860,0.850405
861,0.850357
862,0.850839
863,0.850743
864,0.850743
865,0.850936
866,0.851032
867,0.851225
868,0.850839
869,0.851225
870,0.850502
871,0.850453
872,0.850019
873,0.849585
874,0.849007
875,0.848717
876,0.848862
877,0.849151
878,0.849489
879,0.849826
880,0.850405
881,0.850357
882,0.850453
883,0.85026
884,0.850116
885,0.850502
886,0.850743
887,0.850598
888,0.851225
889,0.850936
890,0.850936
891,0.850743
892,0.85026
893,0.850212
894,0.849248
895,0.849682
896,0.849923
897,0.850453
898,0.850405
899,0.850646
900,0.850646
901,0.850212
902,0.850019
903,0.850164
904,0.850309
905,0.852913
906,0.853588
907,0.853829
908,0.85354
909,0.853684
910,0.85354
911,0.853684
912,0.853443
913,0.85325
914,0.853154
915,0.853202
916,0.853684
917,0.853057
918,0.852961
919,0.853106
920,0.852768
921,0.852768
922,0.852865
923,0.852286
924,0.851997
925,0.852045
926,0.852238
927,0.852093
928,0.852238
929,0.852045
930,0.85325
931,0.853684
932,0.853636
933,0.85354
934,0.854408
935,0.853443
936,0.853154
937,0.852575
938,0.852045
939,0.851707
940,0.851321
941,0.850646
942,0.850309
943,0.850116
944,0.850357
945,0.850309
946,0.849923
947,0.849778
948,0.850164
949,0.850502
950,0.850694
951,0.850936
952,0.850887
953,0.850694
954,0.850694
955,0.852623
956,0.852334
957,0.852527
958,0.852238
959,0.852286
960,0.851948
961,0.851948
962,0.851997
963,0.851611
964,0.852238
965,0.852141
966,0.8519
967,0.852093
968,0.852286
969,0.852141
970,0.852334
971,0.851804
972,0.851659
973,0.851321
974,0.850887
975,0.85055
976,0.850743
977,0.850019
978,0.850164
979,0.849585
980,0.849248
981,0.849103
982,0.849489
983,0.849489
984,0.84973
985,0.84973
986,0.850839
987,0.850694
988,0.850839
989,0.850887
990,0.850646
991,0.850646
992,0.850646
993,0.850936
994,0.850839
995,0.850357
996,0.850357
997,0.850405
998,0.850646
999,0.851128
1000,0.851032
1001,0.851562
1002,0.85137
1003,0.8519
1004,0.851418
1005,0.851177
1006,0.85108
1007,0.850598
1008,0.851032
1009,0.851418
1010,0.851273
1011,0.849585
1012,0.849344
1013,0.849055
1014,0.84973
1015,0.849344
1016,0.84973
1017,0.84973
1018,0.849103
1019,0.849682
1020,0.849923
1021,0.849441
1022,0.849248
1023,0.849248
1024,0.849489
1025,0.848958
1026,0.849151
1027,0.848717
1028,0.848765
1029,0.84809
1030,0.848717
1031,0.848669
1032,0.848765
1033,0.848814
1034,0.848717
1035,0.848717
1036,0.850694
1037,0.850405
1038,0.850068
1039,0.850309
1040,0.849826
1041,0.850357
1042,0.850743
1043,0.850502
1044,0.85108
1045,0.851177
1046,0.851225
1047,0.851321
1048,0.850791
1049,0.850887
1050,0.84973
1051,0.850212
1052,0.850405
1053,0.850984
1054,0.850646
1055,0.850019
1056,0.850212
1057,0.850405
1058,0.850984
1059,0.85108
1060,0.851032
1061,0.848139
1062,0.84809
1063,0.848621
1064,0.848187
1065,0.848428
1066,0.848717
1067,0.849199
1068,0.849441
1069,0.848958
1070,0.849633
1071,0.849537
1072,0.849441
1073,0.848621
1074,0.848958
1075,0.849489
1076,0.849875
1077,0.849392
1078,0.849585
1079,0.850164
1080,0.849585
1081,0.849441
1082,0.848862
1083,0.848958
1084,0.848524
1085,0.848476
1086,0.849344
1087,0.849392
1088,0.848862
1089,0.848958
1090,0.849055
1091,0.848331
1092,0.848669
1093,0.848187
1094,0.848476
1095,0.848814
1096,0.848814
1097,0.849199
1098,0.849103
1099,0.849055
1100,0.849344
1101,0.849296
1102,0.849682
1103,0.848862
1104,0.849007
1105,0.84973
1106,0.849489
1107,0.848669
1108,0.848524
1109,0.84809
1110,0.848187
1111,0.847656
1112,0.846981
1113,0.847415
1114,0.848331
1115,0.847946
1116,0.848042
1117,0.847897
1118,0.847704
1119,0.847029
1120,0.848187
1121,0.84838
1122,0.848283
1123,0.848042
1124,0.848042
1125,0.848235
1126,0.847608
1127,0.847222
1128,0.846306
1129,0.846113
1130,0.845968
1131,0.844715
1132,0.845727
1133,0.845872
1134,0.844907
1135,0.845438
1136,0.847463
1137,0.847704
1138,0.84756
1139,0.846644
1140,0.847126
1141,0.846499
1142,0.847801
1143,0.847126
1144,0.848524
1145,0.847849
1146,0.84838
1147,0.847801
1148,0.847126
1149,0.847608
1150,0.848042
1151,0.848331
1152,0.849151
1153,0.848958
1154,0.849248
1155,0.848669
1156,0.848042
1157,0.848331
1158,0.84891
1159,0.848524
1160,0.84838
1161,0.848235
1162,0.84727
1163,0.847029
1164,0.846402
1165,0.845197
1166,0.846547
1167,0.846354
1168,0.84727
1169,0.847512
1170,0.84809
1171,0.848331
1172,0.849633
1173,0.848428
1174,0.850453
1175,0.850357
1176,0.850502
1177,0.850357
1178,0.850357
1179,0.850212
1180,0.849441
1181,0.84973
1182,0.850116
1183,0.849392
1184,0.849489
1185,0.849682
1186,0.847849
1187,0.847897
1188,0.848235
1189,0.84756
1190,0.848187
1191,0.848573
1192,0.848139
1193,0.847463
1194,0.848235
1195,0.848331
1196,0.847994
1197,0.848235
1198,0.847656
1199,0.848042
1200,0.847319
1201,0.846981
1202,0.847126
1203,0.847512
1204,0.84727
1205,0.847319
1206,0.847174
1207,0.847078
1208,0.846981
1209,0.846981
1210,0.847367
1211,0.850598
1212,0.85026
1213,0.850984
1214,0.850984
1215,0.851466
1216,0.851032
1217,0.850887
1218,0.850598
1219,0.850646
1220,0.85055
1221,0.851032
1222,0.850405
1223,0.850694
1224,0.849971
1225,0.849923
1226,0.85055
1227,0.850936
1228,0.850019
1229,0.850116
1230,0.85055
1231,0.850502
1232,0.85026
1233,0.849826
1234,0.849923
1235,0.849248
1236,0.846499
1237,0.846065
1238,0.845149
1239,0.845438
1240,0.845679
1241,0.845631
1242,0.846161
1243,0.846644
1244,0.847222
1245,0.846499
1246,0.847174
1247,0.847656
1248,0.847367
1249,0.847512
1250,0.847463
1251,0.848187
1252,0.847994
1253,0.847897
1254,0.847656
1255,0.848524
1256,0.847946
1257,0.847704
1258,0.847801
1259,0.847994
1260,0.848139
1261,0.847849
1262,0.847849
1263,0.848476
1264,0.848524
1265,0.848717
1266,0.84838
1267,0.848428
1268,0.847656
1269,0.84756
1270,0.847994
1271,0.84756
1272,0.848476
1273,0.848476
1274,0.847946
1275,0.84838
1276,0.849007
1277,0.849441
1278,0.848958
1279,0.849296
1280,0.849778
1281,0.849875
1282,0.849971
1283,0.850019
1284,0.84973
1285,0.849633
1286,0.849103
1287,0.848476
1288,0.848187
1289,0.848814
1290,0.848476
1291,0.848235
1292,0.84809
1293,0.848717
1294,0.848621
1295,0.848814
1296,0.84809
1297,0.847367
1298,0.847367
1299,0.847801
1300,0.848524
1301,0.848331
1302,0.848139
1303,0.848331
1304,0.848187
1305,0.848717
1306,0.848717
1307,0.848814
1308,0.849296
1309,0.848958
1310,0.847849
1311,0.847463
1312,0.847994
1313,0.847897
1314,0.848042
1315,0.847753
1316,0.847367
1317,0.84756
1318,0.847946
1319,0.847849
1320,0.847994
1321,0.84838
1322,0.848573
1323,0.849103
1324,0.848717
1325,0.848187
1326,0.847704
1327,0.846981
1328,0.847029
1329,0.847753
1330,0.847849
1331,0.84809
1332,0.848139
1333,0.847849
1334,0.84756
1335,0.847608
1336,0.84838
1337,0.847849
1338,0.847029
1339,0.847753
1340,0.848524
1341,0.849537
1342,0.849585
1343,0.848814
1344,0.848765
1345,0.848717
1346,0.848476
1347,0.847946
1348,0.847126
1349,0.846306
1350,0.846788
1351,0.846981
1352,0.846644
1353,0.84756
1354,0.847367
1355,0.846981
1356,0.847222
1357,0.847463
1358,0.847415
1359,0.847463
1360,0.847801
1361,0.84973
1362,0.848958
1363,0.849441
1364,0.849199
1365,0.849344
1366,0.848235
1367,0.848235
1368,0.848235
1369,0.847415
1370,0.846981
1371,0.84756
1372,0.84809
1373,0.84838
1374,0.847946
1375,0.847704
1376,0.84727
1377,0.847222
1378,0.847656
1379,0.84809
1380,0.846595
1381,0.847801
1382,0.847319
1383,0.848187
1384,0.847126
1385,0.847656
1386,0.848139
1387,0.848042
1388,0.848862
1389,0.848621
1390,0.849248
1391,0.848621
1392,0.84973
1393,0.848573
1394,0.848958
1395,0.849778
1396,0.85026
1397,0.850743
1398,0.851177
1399,0.8519
1400,0.852768
1401,0.851514
1402,0.851707
1403,0.851514
1404,0.851852
1405,0.851562
1406,0.851659
1407,0.851997
1408,0.852093
1409,0.852913
1410,0.852238
1411,0.853781
1412,0.854697
1413,0.853926
1414,0.853636
1415,0.85354
1416,0.853057
1417,0.853299
1418,0.854601
1419,0.853588
1420,0.853877
1421,0.853829
1422,0.855131
1423,0.855228
1424,0.85571
1425,0.854552
1426,0.85436
1427,0.855083
1428,0.854697
1429,0.855131
1430,0.852768
1431,0.852093
1432,0.855324
1433,0.855565
1434,0.854118
1435,0.852672
1436,0.854022
1437,0.854986
1438,0.85571
1439,0.855131
1440,0.854601
1441,0.855372
1442,0.851659
1443,0.854794
1444,0.855613
1445,0.855517
1446,0.855903
1447,0.857832
1448,0.857832
1449,0.858121
1450,0.860966
1451,0.859375
1452,0.856916
1453,0.862027
1454,0.858845
1455,0.8614
1456,0.85952
1457,0.860774
1458,0.857446
1459,0.86034
1460,0.859616
1461,0.8587
1462,0.859809
1463,0.858652
1464,0.85706
1465,0.860195
1466,0.857494
1467,0.8587
1468,0.859037
1469,0.857157
1470,0.857784
1471,0.862317
1472,0.862654
1473,0.858845
1474,0.861304
1475,0.859664
1476,0.861738
1477,0.859761
1478,0.867477
1479,0.869213
1480,0.863378
1481,0.866898
1482,0.870274
1483,0.865451
1484,0.870853
1485,0.860581
1486,0.868441
1487,0.866271
1488,0.867477
1489,0.869985
1490,0.866078
1491,0.871624
1492,0.872975
1493,0.874614
1494,0.874084
1495,0.875627
1496,0.876736
1497,0.882523
1498,0.877652
1499,0.874759
1500,0.874904
1501,0.875868
1502,0.869647
1503,0.870804
1504,0.867766
1505,0.866416
1506,0.869695
1507,0.870563
1508,0.861352
1509,0.866127
1510,0.86603
1511,0.870322
1512,0.868393
1513,0.869647
1514,0.871287
1515,0.870853
1516,0.873987
1517,0.875675
1518,0.872685
1519,0.867766
1520,0.871576
1521,0.87336
1522,0.86685
1523,0.866319
1524,0.870901
1525,0.868297
1526,0.874277
1527,0.876013
1528,0.87852
1529,0.877074
1530,0.872926
1531,0.872589
1532,0.871335
1533,0.87336
1534,0.87066
1535,0.87447
1536,0.873746
1537,0.877652
1538,0.871865
1539,0.871094
1540,0.867043
1541,0.872396
1542,0.87119
1543,0.8682
1544,0.871335
1545,0.869309
1546,0.874614
1547,0.872878
1548,0.872396
1549,0.874711
1550,0.873264
1551,0.873698
1552,0.878135
1553,0.875579
1554,0.877845
1555,0.879581
1556,0.875627
1557,0.878231
1558,0.881366
1559,0.877363
1560,0.88532
1561,0.879003
1562,0.879919
1563,0.876399
1564,0.876206
1565,0.871383
1566,0.873843
1567,0.874711
1568,0.878376
1569,0.876495
1570,0.878762
1571,0.873312
1572,0.875434
1573,0.876013
1574,0.876929
1575,0.875338
1576,0.879003
1577,0.880642
1578,0.875096
1579,0.875434
1580,0.874711
1581,0.876688
1582,0.880642
1583,0.879244
1584,0.88696
1585,0.883054
1586,0.885417
1587,0.87852
1588,0.877508
1589,0.885513
1590,0.883391
1591,0.882089
1592,0.883054
1593,0.878279
1594,0.870081
1595,0.870081
1596,0.864487
1597,0.866512
1598,0.859809
1599,0.863619
1600,0.858796
1601,0.858989
1602,0.85325
1603,0.862027
1604,0.862703
1605,0.860918
1606,0.855903
1607,0.866512
1608,0.859279
1609,0.856674
1610,0.858989
1611,0.867284
1612,0.860966
1613,0.859857
1614,0.864005
1615,0.870322
1616,0.869454
1617,0.865596
1618,0.860291
1619,0.862847
1620,0.861015
1621,0.856819
1622,0.857398
1623,0.857976
1624,0.865066
1625,0.863812
1626,0.866223
1627,0.864921
1628,0.857398
1629,0.867139
1630,0.861979
1631,0.864921
1632,0.857639
1633,0.865934
1634,0.8587
1635,0.859471
1636,0.85841
1637,0.862413
1638,0.865114
1639,0.861449
1640,0.862461
1641,0.862558
1642,0.864921
1643,0.865451
1644,0.868152
1645,0.865837
1646,0.864776
1647,0.859664
1648,0.861642
1649,0.859134
1650,0.857494
1651,0.860002
1652,0.855855
1653,0.859086
1654,0.861593
1655,0.855421
1656,0.85325
1657,0.850116
1658,0.849633
1659,0.847753
1660,0.853106
1661,0.850936
1662,0.853202
1663,0.858652
1664,0.858989
1665,0.852623
1666,0.855903
1667,0.858169
1668,0.854697
1669,0.856771
1670,0.859761
1671,0.859375
1672,0.859134
1673,0.863571
1674,0.862944
1675,0.862799
1676,0.863426
1677,0.859134
1678,0.858314
1679,0.855613
1680,0.855276
1681,0.847126
1682,0.846499
1683,0.84023
1684,0.845534
1685,0.838493
1686,0.835745
1687,0.83613
1688,0.83695
1689,0.836323
1690,0.841098
1691,0.838879
1692,0.842062
1693,0.843171
1694,0.844039
1695,0.838686
1696,0.836757
1697,0.831019
1698,0.838108
1699,0.840615
1700,0.835214
1701,0.830633
1702,0.82528
1703,0.832899
1704,0.832562
1705,0.828029
1706,0.834539
1707,0.839603
1708,0.841821
1709,0.841628
1710,0.850019
1711,0.842978
1712,0.843557
1713,0.842303
1714,0.841001
1715,0.831838
1716,0.83642
1717,0.830922
1718,0.828463
1719,0.832755
1720,0.830874
1721,0.832272
1722,0.836179
1723,0.834057
1724,0.830826
1725,0.833237
1726,0.84428
1727,0.848331
1728,0.850357
1729,0.855324
1730,0.853395
1731,0.850309
1732,0.84674
1733,0.840085
1734,0.831019
1735,0.819155
1736,0.79485
1737,0.797213
1738,0.794801
1739,0.790799
1740,0.786265
1741,0.77662
1742,0.779417
1743,0.772039
1744,0.761912
1745,0.754437
1746,0.758439
1747,0.767313
1748,0.718702
1749,0.711661
1750,0.718557
1751,0.712867
1752,0.713059
1753,0.668885
1754,0.665702
1755,0.653212
1756,0.647714
1757,0.649691
1758,0.645544
1759,0.638648
1760,0.638648
1761,0.622155
1762,0.611111
1763,0.612124
1764,0.601032
1765,0.586082
1766,0.59076
1767,0.602816
1768,0.608025
1769,0.615837
1770,0.625241
1771,0.632378
1772,0.644676
1773,0.652006
1774,0.65842
1775,0.663002
1776,0.677807
1777,0.690972
1778,0.692033
1779,0.698399
1780,0.709346
1781,0.705536
1782,0.702787
1783,0.69729
1784,0.696952
1785,0.6875
1786,0.683787
1787,0.685378
1788,0.689188
1789,0.68316
1790,0.679591
1791,0.670766
1792,0.664207
1793,0.66088
1794,0.652054
1795,0.644579
1796,0.635031
1797,0.632861
1798,0.623505
1799,0.624373
1800,0.621769
1801,0.620322
1802,0.625
1803,0.621672
1804,0.621142
1805,0.626591
1806,0.629389
1807,0.628424
1808,0.630546
1809,0.631944
1810,0.627025
1811,0.61468
1812,0.617525
1813,0.625145
1814,0.619695
1815,0.621287
1816,0.624855
1817,0.624277
1818,0.613329
1819,0.600068
1820,0.5951
1821,0.596306
1822,0.588397
1823,0.580874
1824,0.578655
1825,0.578125
1826,0.572434
1827,0.564911
1828,0.553771
1829,0.552035
1830,0.540316
1831,0.54022
1832,0.540413
1833,0.537182
1834,0.533468
1835,0.529273
1836,0.514275
1837,0.517699
1838,0.518036
1839,0.524498
1840,0.530093
1841,0.532552
1842,0.530237
1843,0.529321
1844,0.531973
1845,0.529176
1846,0.536121
1847,0.538098
1848,0.538146
1849,0.540702
1850,0.54104
1851,0.541233
1852,0.54075
1853,0.538484
1854,0.536073
1855,0.524209
1856,0.515191
1857,0.512587
1858,0.50733
1859,0.50217
1860,0.498167
1861,0.489487
1862,0.48886
1863,0.491416
1864,0.486786
1865,0.481819
1866,0.466532
1867,0.45597
1868,0.458189
1869,0.450907
1870,0.44483
1871,0.447965
1872,0.452305
1873,0.456308
1874,0.456211
1875,0.465856
1876,0.474971
1877,0.474633
1878,0.485098
1879,0.488522
1880,0.494454
1881,0.49349
1882,0.508198
1883,0.493297
1884,0.485147
1885,0.487992
1886,0.477865
1887,0.486111
1888,0.488764
1889,0.497975
1890,0.504919
1891,0.513503
1892,0.516686
1893,0.52744
1894,0.538339
1895,0.540123
1896,0.541184
1897,0.538098
1898,0.525511
1899,0.520882
1900,0.526669
1901,0.532407
1902,0.547695
1903,0.559558
1904,0.565345
1905,0.581404
1906,0.621721
1907,0.630498
1908,0.651427
1909,0.673997
1910,0.680314
1911,0.686873
1912,0.695023
1913,0.699894
1914,0.705729
1915,0.715181
1916,0.71822
1917,0.727913
1918,0.742477
1919,0.745901
1920,0.747106
1921,0.753424
1922,0.753376
1923,0.753183
1924,0.757668
1925,0.71957
1926,0.7106
1927,0.701341
1928,0.693383
1929,0.67718
1930,0.653694
1931,0.641204
1932,0.623987
1933,0.544608
1934,0.529032
1935,0.512153
1936,0.47473
1937,0.475502
1938,0.459539
1939,0.446856
1940,0.436921
1941,0.4239
1942,0.422164
1943,0.427951
1944,0.423949
1945,0.419126
1946,0.417197
1947,0.405334
1948,0.395496
1949,0.393326
1950,0.382957
1951,0.379726
1952,0.376061
1953,0.36439
1954,0.358314
1955,0.363378
1956,0.361015
1957,0.354408
1958,0.349778
1959,0.345486
1960,0.340519
1961,0.341291
1962,0.336323
1963,0.335021
1964,0.333671
1965,0.328752
1966,0.320602
1967,0.320312
1968,0.31385
1969,0.311198
1970,0.30734
1971,0.297502
1972,0.286989
1973,0.280527
1974,0.261044
1975,0.249855
1976,0.244165
1977,0.235243
1978,0.228588
1979,0.226032
1980,0.220534
1981,0.216676
1982,0.21359
1983,0.208623
1984,0.206067
1985,0.202836
1986,0.178819
1987,0.177614
1988,0.178819
1989,0.177903
1990,0.177517
1991,0.177324
1992,0.177855
1993,0.177132
1994,0.17718
1995,0.177421
1996,0.177807
1997,0.176698
1998,0.173611
1999,0.173032
2000,0.171586
2001,0.170284
2002,0.175395
2003,0.179639
2004,0.186391
2005,0.19811
2006,0.206453
2007,0.217978
2008,0.230421
2009,0.238474
2010,0.258584
2011,0.271267
2012,0.278115
2013,0.312452
2014,0.33044
2015,0.362124
2016,0.388503
2017,0.406684
2018,0.434269
2019,0.461661
2020,0.471258
2021,0.473139
2022,0.485774
2023,0.504147
2024,0.513744
2025,0.543306
2026,0.578366
2027,0.596209
2028,0.625048
2029,0.654755
2030,0.668692
2031,0.689284
2032,0.685619
2033,0.687259
2034,0.685523
2035,0.684558
2036,0.691792
2037,0.703318
2038,0.684172
2039,0.695023
2040,0.699605
2041,0.695843
2042,0.660831
2043,0.639805
2044,0.583092
2045,0.567853
2046,0.536507
2047,0.511863
2048,0.499277
2049,0.479504
2050,0.460648
2051,0.451196
2052,0.43697
2053,0.416136
2054,0.407841
2055,0.391011
2056,0.379581
2057,0.372155
2058,0.354938
2059,0.338301
2060,0.329475
2061,0.301649
2062,0.290461
2063,0.284626
2064,0.287182
2065,0.284288
2066,0.281732
2067,0.275318
2068,0.273341
2069,0.274932
2070,0.278791
2071,0.27773
2072,0.278405
2073,0.279128
2074,0.273245
2075,0.270448
2076,0.265095
2077,0.253665
2078,0.249711
2079,0.233845
2080,0.221451
2081,0.216869
2082,0.204379
2083,0.193962
2084,0.190152
2085,0.184992
2086,0.170862
2087,0.169898
2088,0.170235
2089,0.170621
2090,0.170621
2091,0.170187
2092,0.170042
2093,0.170284
2094,0.16985
2095,0.170525
2096,0.170814
2097,0.171827
2098,0.171682
2099,0.171971
2100,0.17284
2101,0.175492
2102,0.178627
2103,0.183546
2104,0.189381
2105,0.193625
2106,0.200135
2107,0.209587
2108,0.213927
2109,0.221595
2110,0.237076
2111,0.243393
2112,0.26712
2113,0.293933
2114,0.303144
2115,0.343316
2116,0.36169
2117,0.391638
2118,0.432533
2119,0.487413
2120,0.504292
2121,0.545476
2122,0.568962
2123,0.613137
2124,0.654369
2125,0.678578
2126,0.700714
2127,0.734954
2128,0.779948
2129,0.800106
2130,0.816117
2131,0.831067
2132,0.840808
2133,0.851611
2134,0.8587
2135,0.862076
2136,0.887056
2137,0.892313
2138,0.893663
2139,0.894145
2140,0.894628
2141,0.894531
2142,0.890577
2143,0.89048
2144,0.885706
2145,0.886381
2146,0.886333
2147,0.883681
2148,0.884259
2149,0.890625
2150,0.89048
2151,0.888744
2152,0.86087
2153,0.857832
2154,0.816551
2155,0.783179
2156,0.776524
2157,0.737076
2158,0.709298
2159,0.700762
2160,0.691262
2161,0.646605
2162,0.649981
2163,0.64863
2164,0.651138
2165,0.652826
2166,0.653983
2167,0.652874
2168,0.651476
2169,0.647039
2170,0.648245
2171,0.644917
2172,0.640239
2173,0.642409
2174,0.641397
2175,0.63614
2176,0.58642
2177,0.572917
2178,0.551794
2179,0.525801
2180,0.488522
2181,0.446325
2182,0.418306
2183,0.409578
2184,0.396074
2185,0.365644
2186,0.319637
2187,0.308883
2188,0.303193
2189,0.300733
2190,0.290799
2191,0.276861
2192,0.274257
2193,0.26876
2194,0.260899
2195,0.256703
2196,0.247348
2197,0.237895
2198,0.236642
2199,0.230855
2200,0.224296
2201,0.220341
2202,0.212577
2203,0.20626
2204,0.203414
2205,0.19946
2206,0.198061
2207,0.197434
2208,0.195023
2209,0.19348
2210,0.191696
2211,0.181086
2212,0.176119
2213,0.174817
2214,0.170525
2215,0.169078
2216,0.167438
2217,0.166618
2218,0.164882
2219,0.164593
2220,0.165413
2221,0.165268
2222,0.165799
2223,0.165075
2224,0.16358
2225,0.164255
2226,0.164738
2227,0.165895
2228,0.164738
2229,0.165413
2230,0.164593
2231,0.164497
2232,0.165268
2233,0.165606
2234,0.165509
2235,0.165992
2236,0.165316
2237,0.16522
2238,0.166184
2239,0.16604
2240,0.166667
2241,0.16739
2242,0.166956
2243,0.166715
2244,0.166184
2245,0.167101
2246,0.168162
2247,0.168596
2248,0.169078
2249,0.167872
2250,0.167776
2251,0.16874
2252,0.167583
2253,0.169223
2254,0.16903
2255,0.169416
2256,0.168162
2257,0.168355
2258,0.168933
2259,0.170428
2260,0.170621
2261,0.171296
2262,0.170332
2263,0.17173
2264,0.172309
2265,0.172357
2266,0.173274
2267,0.172984
2268,0.176408
2269,0.184076
2270,0.187211
2271,0.197676
2272,0.207465
2273,0.212047
2274,0.220438
2275,0.231771
2276,0.236015
2277,0.248698
2278,0.259307
2279,0.26413
2280,0.274064
2281,0.282022
2282,0.283324
2283,0.29104
2284,0.29374
2285,0.297116
2286,0.295621
2287,0.299961
2288,0.303723
2289,0.305314
2290,0.306038
2291,0.30599
2292,0.303771
2293,0.303819
2294,0.299527
2295,0.288532
2296,0.284336
2297,0.281925
2298,0.275367
2299,0.271123
2300,0.273148
2301,0.275801
2302,0.278067
2303,0.279417
2304,0.281057
2305,0.288725
2306,0.289497
2307,0.292004
2308,0.291715
2309,0.289304
2310,0.289689
2311,0.280334
2312,0.280382
2313,0.277826
2314,0.280527
2315,0.281588
2316,0.274691
2317,0.274643
2318,0.274595
2319,0.276379
2320,0.275993
2321,0.273775
2322,0.26929
2323,0.258632
2324,0.25733
2325,0.255112
2326,0.25434
2327,0.253328
2328,0.244792
2329,0.239101
2330,0.237027
2331,0.23071
2332,0.222078
2333,0.21875
2334,0.211082
2335,0.204282
2336,0.19999
2337,0.196373
2338,0.193046
2339,0.189911
2340,0.187307
2341,0.186728
2342,0.1875
2343,0.184124
2344,0.182726
2345,0.181809
2346,0.180748
2347,0.179446
2348,0.177807
2349,0.177228
2350,0.178916
2351,0.181038
2352,0.183546
2353,0.18967
2354,0.195264
2355,0.198592
2356,0.203752
2357,0.206597
2358,0.208623
2359,0.210407
2360,0.209828
2361,0.200135
2362,0.194927
2363,0.191358
2364,0.187982
2365,0.18697
2366,0.183594
2367,0.182147
2368,0.17988
2369,0.179253
2370,0.177373
2371,0.172695
2372,0.172116
2373,0.168547
2374,0.167776
2375,0.168065
2376,0.168403
2377,0.168596
2378,0.168547
2379,0.165316
2380,0.165365
2381,0.1644
2382,0.165365
2383,0.164882
2384,0.166281
2385,0.174865
2386,0.184124
2387,0.191647
2388,0.202884
2389,0.226177
2390,0.236786
2391,0.253569
2392,0.285783
2393,0.300154
2394,0.31713
2395,0.363137
2396,0.373843
2397,0.395833
2398,0.414352
2399,0.421103
2400,0.428
2401,0.433015
2402,0.437355
2403,0.439043
2404,0.433931
2405,0.433594
2406,0.433738
2407,0.43099
2408,0.430266
2409,0.425781
2410,0.386381
2411,0.355035
2412,0.353926
2413,0.357494
2414,0.337047
2415,0.315201
2416,0.304736
2417,0.298225
2418,0.293113
2419,0.267602
2420,0.261236
2421,0.250579
2422,0.235291
2423,0.227575
2424,0.217737
2425,0.204716
2426,0.201196
2427,0.192805
2428,0.185089
2429,0.180507
2430,0.173611
2431,0.168258
2432,0.166136
2433,0.161651
2434,0.166474
2435,0.170669
2436,0.177373
2437,0.190538
2438,0.198736
2439,0.210986
2440,0.221547
2441,0.226997
2442,0.2364
2443,0.241464
2444,0.243007
2445,0.245081
2446,0.245129
2447,0.243393
2448,0.233314
2449,0.228347
2450,0.224489
2451,0.217785
2452,0.210407
2453,0.205102
2454,0.192323
2455,0.188995
2456,0.189477
2457,0.193432
2458,0.194686
2459,0.197579
2460,0.198978
2461,0.195747
2462,0.198495
2463,0.198736
2464,0.194493
2465,0.194107
2466,0.190201
2467,0.190635
2468,0.187693
2469,0.188754
2470,0.188272
2471,0.185764
2472,0.181617
2473,0.175926
2474,0.174383
2475,0.172261
2476,0.169319
2477,0.168499
2478,0.169464
2479,0.172357
2480,0.174961
2481,0.179639
2482,0.185764
2483,0.190201
2484,0.196181
2485,0.196036
2486,0.195264
2487,0.197145
2488,0.190586
2489,0.187838
2490,0.183256
2491,0.182436
2492,0.181617
2493,0.182388
2494,0.18152
2495,0.179929
2496,0.178
2497,0.175203
2498,0.175106
2499,0.17255
2500,0.171827
2501,0.171055
2502,0.168644
2503,0.169946
2504,0.170428
2505,0.170959
2506,0.171007
2507,0.170669
2508,0.172405
2509,0.175492
2510,0.17853
2511,0.18287
2512,0.190297
2513,0.197145
2514,0.20925
2515,0.225936
2516,0.231481
2517,0.246094
2518,0.256848
2519,0.260851
2520,0.27773
2521,0.287471
2522,0.291618
2523,0.314911
2524,0.328897
2525,0.332128
2526,0.342593
2527,0.351514
2528,0.356481
2529,0.357012
2530,0.358121
2531,0.361834
2532,0.359713
2533,0.355662
2534,0.355758
2535,0.346499
2536,0.335455
2537,0.332996
2538,0.329234
2539,0.316599
2540,0.315442
2541,0.298081
2542,0.290606
2543,0.286603
2544,0.275029
2545,0.2731
2546,0.261574
2547,0.243682
2548,0.235677
2549,0.234471
2550,0.234375
2551,0.233845
2552,0.234616
2553,0.237895
2554,0.236593
2555,0.237992
2556,0.241223
2557,0.236015
2558,0.233941
2559,0.226755
2560,0.217496
2561,0.199074
2562,0.193191
2563,0.18586
2564,0.182195
2565,0.176264
2566,0.169946
2567,0.167197
2568,0.162133
2569,0.157986
2570,0.155671
2571,0.152537
2572,0.15027
2573,0.149161
2574,0.147618
2575,0.147232
2576,0.147618
2577,0.147618
2578,0.147811
2579,0.148052
2580,0.148148
2581,0.148003
2582,0.147955
2583,0.147811
2584,0.1481
2585,0.147955
2586,0.145689
2587,0.145448
2588,0.14564
2589,0.14564
2590,0.145882
2591,0.145785
2592,0.145785
2593,0.14564
2594,0.145544
2595,0.145785
2596,0.146026
2597,0.145689
2598,0.146508
2599,0.146701
2600,0.147135
2601,0.146846
2602,0.14728
2603,0.147232
2604,0.147184
2605,0.147618
2606,0.147618
2607,0.147714
2608,0.147569
2609,0.147569
2610,0.147473
2611,0.145255
2612,0.144917
2613,0.145255
2614,0.145689
2615,0.145303
2616,0.145206
2617,0.145399
2618,0.145785
2619,0.146171
2620,0.145785
2621,0.145689
2622,0.145785
2623,0.146074
2624,0.146171
2625,0.146846
2626,0.153646
2627,0.157986
2628,0.166618
2629,0.178048
2630,0.183063
2631,0.19401
2632,0.203366
2633,0.208092
2634,0.215326
2635,0.217882
2636,0.221306
2637,0.223331
2638,0.224007
2639,0.224151
2640,0.229311
2641,0.241127
2642,0.24918
2643,0.263117
2644,0.276861
2645,0.284963
2646,0.311343
2647,0.331501
2648,0.341049
2649,0.359616
2650,0.370419
2651,0.375675
2652,0.412953
2653,0.434944
2654,0.442564
2655,0.456067
2656,0.475019
2657,0.486883
2658,0.504196
2659,0.517458
2660,0.51466
2661,0.51794
2662,0.521508
2663,0.52609
2664,0.520206
2665,0.513407
2666,0.506944
2667,0.505257
2668,0.503665
2669,0.502218
2670,0.491657
2671,0.495033
2672,0.489776
2673,0.47936
2674,0.468364
2675,0.47637
2676,0.455295
2677,0.444059
2678,0.438754
2679,0.433111
2680,0.43017
2681,0.416136
2682,0.400415
2683,0.394194
2684,0.390866
2685,0.386429
2686,0.365548
2687,0.366898
2688,0.369068
2689,0.370419
2690,0.380883
2691,0.382861
2692,0.382957
2693,0.385802
2694,0.388069
2695,0.390143
2696,0.387683
2697,0.38151
2698,0.374952
2699,0.371769
2700,0.358121
2701,0.349971
2702,0.343798
2703,0.334394
2704,0.325039
2705,0.320457
2706,0.312162
2707,0.300781
2708,0.296827
2709,0.288243
2710,0.285542
2711,0.275656
2712,0.277054
2713,0.27744
2714,0.278356
2715,0.278453
2716,0.277488
2717,0.277681
2718,0.276669
2719,0.275415
2720,0.272955
2721,0.266782
2722,0.260127
2723,0.256655
2724,0.253231
2725,0.251447
2726,0.247299
2727,0.246383
2728,0.244068
2729,0.243779
2730,0.248553
2731,0.24918
2732,0.253038
2733,0.260417
2734,0.264226
2735,0.260561
2736,0.246287
2737,0.252122
2738,0.255546
2739,0.257764
2740,0.265095
2741,0.265673
2742,0.271267
2743,0.272473
2744,0.274547
2745,0.276765
2746,0.276813
2747,0.276717
2748,0.275174
2749,0.276958
2750,0.278501
2751,0.276669
2752,0.277537
2753,0.278405
2754,0.274788
2755,0.276717
2756,0.278694
2757,0.280141
2758,0.280044
2759,0.279562
2760,0.276379
2761,0.271123
2762,0.270882
2763,0.273293
2764,0.273534
2765,0.272232
2766,0.270737
2767,0.270158
2768,0.269483
2769,0.269917
2770,0.267988
2771,0.267843
2772,0.268856
2773,0.268229
2774,0.26659
2775,0.262056
2776,0.262056
2777,0.264082
2778,0.260176
2779,0.257475
2780,0.261719
2781,0.255449
2782,0.258295
2783,0.255449
2784,0.25815
2785,0.256173
2786,0.252845
2787,0.248071
2788,0.248119
2789,0.249228
2790,0.248457
2791,0.246238
2792,0.247685
2793,0.246238
2794,0.245274
2795,0.245804
2796,0.245226
2797,0.243441
2798,0.243731
2799,0.242911
2800,0.241898
2801,0.241802
2802,0.240693
2803,0.242139
2804,0.242236
2805,0.240741
2806,0.240644
2807,0.240403
2808,0.240885
2809,0.242139
2810,0.241802
2811,0.23886
2812,0.238571
2813,0.237606
2814,0.238281
2815,0.238426
2816,0.239053
2817,0.239246
2818,0.239053
2819,0.238619
2820,0.238137
2821,0.238137
2822,0.23804
2823,0.238426
2824,0.238474
2825,0.23886
2826,0.238185
2827,0.238619
2828,0.238281
2829,0.237654
2830,0.237413
2831,0.237365
2832,0.237076
2833,0.235677
2834,0.236352
2835,0.236111
2836,0.237558
2837,0.236883
2838,0.237172
2839,0.236931
2840,0.237703
2841,0.237606
2842,0.237317
2843,0.236931
2844,0.236256
2845,0.236931
2846,0.237269
2847,0.237461
2848,0.237172
2849,0.237413
2850,0.237317
2851,0.237895
2852,0.237895
2853,0.238571
2854,0.237413
2855,0.237847
2856,0.23804
2857,0.237895
2858,0.237461
2859,0.238137
2860,0.237944
2861,0.237269
2862,0.238088
2863,0.238667
2864,0.238715
2865,0.239439
2866,0.239439
2867,0.239005
2868,0.239824
2869,0.240258
2870,0.240885
2871,0.240548
2872,0.240741
2873,0.240355
2874,0.239969
2875,0.240451
2876,0.240114
2877,0.238908
2878,0.239101
2879,0.23886
2880,0.241368
2881,0.245322
2882,0.247299
2883,0.25299
2884,0.257282
2885,0.257812
2886,0.263503
2887,0.263021
2888,0.263069
2889,0.26331
2890,0.263696
2891,0.265095
2892,0.264564
2893,0.264371
2894,0.26413
2895,0.260947
2896,0.260465
2897,0.261044
2898,0.259211
2899,0.256896
2900,0.256752
2901,0.255305
2902,0.255498
2903,0.254244
2904,0.253906
2905,0.251929
2906,0.253135
2907,0.252411
2908,0.253038
2909,0.253424
2910,0.25463
2911,0.252845
2912,0.252025
2913,0.251688
2914,0.251736
2915,0.25164
2916,0.251929
2917,0.251302
2918,0.251833
2919,0.250289
2920,0.250386
2921,0.25082
2922,0.252074
2923,0.251543
2924,0.251833
2925,0.251109
2926,0.250723
2927,0.250386
2928,0.251543
2929,0.252363
2930,0.252508
2931,0.254437
2932,0.256462
2933,0.257186
2934,0.256366
2935,0.256076
2936,0.254437
2937,0.252556
2938,0.252315
2939,0.252556
2940,0.252556
2941,0.253569
2942,0.254099
2943,0.253762
2944,0.254774
2945,0.254485
2946,0.255932
2947,0.259211
2948,0.260561
2949,0.263551
2950,0.269483
2951,0.270833
2952,0.275077
2953,0.279321
2954,0.28043
2955,0.286796
2956,0.295284
2957,0.297791
2958,0.318528
2959,0.330343
2960,0.354601
2961,0.41088
2962,0.418017
2963,0.42091
2964,0.452305
2965,0.471017
2966,0.480228
2967,0.493538
2968,0.541667
2969,0.556713
2970,0.5693
2971,0.585938
2972,0.596547
2973,0.618731
2974,0.646026
2975,0.659529
2976,0.670042
2977,0.680604
2978,0.685233
2979,0.691454
2980,0.694493
2981,0.696132
2982,0.706549
2983,0.737269
2984,0.749566
2985,0.75762
2986,0.804446
2987,0.807436
2988,0.808835
2989,0.81086
2990,0.817178
2991,0.83097
2992,0.837818
2993,0.844763
2994,0.846402
2995,0.848814
2996,0.848669
2997,0.847608
2998,0.857928
2999,0.859568
3000,0.863956
3001,0.863474
3002,0.866512
3003,0.867332
3004,0.870033
3005,0.869792
3006,0.872396
3007,0.873698
3008,0.875
3009,0.873939
3010,0.869454
3011,0.880546
3012,0.876591
3013,0.873939
3014,0.87148
3015,0.874084
3016,0.875145
3017,0.874759
3018,0.872396
3019,0.877025
3020,0.87447
3021,0.872975
3022,0.875
3023,0.875096
3024,0.874904
3025,0.872975
3026,0.875289
3027,0.87799
3028,0.876447
3029,0.876688
3030,0.880594
3031,0.88233
3032,0.880932
3033,0.880015
3034,0.88151
3035,0.879437
3036,0.887008
3037,0.889612
3038,0.889902
3039,0.889371
3040,0.889275
3041,0.890336
3042,0.89159
3043,0.891445
3044,0.888985
3045,0.890625
3046,0.892747
3047,0.891975
3048,0.890336
3049,0.892409
3050,0.889998
3051,0.890529
3052,0.886863
3053,0.888841
3054,0.886767
3055,0.888021
3056,0.8886
3057,0.886381
3058,0.886912
3059,0.888214
3060,0.887683
3061,0.886863
3062,0.889468
3063,0.8886
3064,0.888551
3065,0.889082
3066,0.888069
3067,0.882378
3068,0.880449
3069,0.879099
3070,0.880257
3071,0.879437
3072,0.876688
3073,0.877894
3074,0.880305
3075,0.876688
3076,0.87881
3077,0.87799
3078,0.877749
3079,0.872685
3080,0.873939
3081,0.872733
3082,0.873553
3083,0.872782
3084,0.873843
3085,0.871287
3086,0.876881
3087,0.877556
3088,0.875289
3089,0.874855
3090,0.874566
3091,0.872975
3092,0.874421
3093,0.875386
3094,0.875386
3095,0.873794
3096,0.874566
3097,0.874518
3098,0.87418
3099,0.871914
3100,0.874132
3101,0.872975
3102,0.873216
3103,0.872541
3104,0.872975
3105,0.873409
3106,0.872637
3107,0.871865
3108,0.871335
3109,0.873409
3110,0.871094
3111,0.873409
3112,0.872251
3113,0.871094
3114,0.870853
3115,0.870033
3116,0.867139
3117,0.869647
3118,0.869502
3119,0.869551
3120,0.868441
3121,0.867284
3122,0.865548
3123,0.866898
3124,0.865548
3125,0.865307
3126,0.867477
3127,0.867766
3128,0.865162
3129,0.868248
3130,0.869213
3131,0.869695
3132,0.869165
3133,0.868538
3134,0.867911
3135,0.870177
3136,0.869406
3137,0.867139
3138,0.866127
3139,0.865837
3140,0.863088
3141,0.862703
3142,0.862799
3143,0.861593
3144,0.86304
3145,0.86169
3146,0.861979
3147,0.860966
3148,0.861497
3149,0.860195
3150,0.860098
3151,0.858652
3152,0.856096
3153,0.858121
3154,0.855855
3155,0.855324
3156,0.856723
3157,0.855131
3158,0.855228
3159,0.856819
3160,0.854842
3161,0.857687
3162,0.856867
3163,0.859086
3164,0.858362
3165,0.857735
3166,0.857398
3167,0.857784
3168,0.859375
3169,0.85841
3170,0.858025
3171,0.857108
3172,0.856289
3173,0.855035
3174,0.856047
3175,0.856674
3176,0.857446
3177,0.85788
3178,0.856674
3179,0.855855
3180,0.854938
3181,0.856337
3182,0.855179
3183,0.855035
3184,0.855228
3185,0.853057
3186,0.853443
3187,0.852141
3188,0.851997
3189,0.852189
3190,0.854215
3191,0.852575
3192,0.849296
3193,0.849778
3194,0.848283
3195,0.849248
3196,0.84891
3197,0.851418
3198,0.84838
3199,0.85026
3200,0.847656
3201,0.846306
3202,0.848428
3203,0.848428
3204,0.848187
3205,0.846885
3206,0.845775
3207,0.846402
3208,0.846354
3209,0.845968
3210,0.845486
3211,0.847897
3212,0.847897
3213,0.846161
3214,0.846354
3215,0.84674
3216,0.847367
3217,0.845438
3218,0.845197
3219,0.8451
3220,0.844956
3221,0.844715
3222,0.844618
3223,0.8451
3224,0.845293
3225,0.845341
3226,0.844715
3227,0.8451
3228,0.845149
3229,0.844618
3230,0.84428
3231,0.844184
3232,0.844088
3233,0.843509
3234,0.843991
3235,0.843605
3236,0.844907
3237,0.844763
3238,0.845004
3239,0.844184
3240,0.84457
3241,0.844666
3242,0.84375
3243,0.843171
3244,0.843702
3245,0.843605
3246,0.843075
3247,0.843461
3248,0.843364
3249,0.84322
3250,0.843364
3251,0.8424
3252,0.843123
3253,0.843364
3254,0.843412
3255,0.844184
3256,0.84428
3257,0.844039
3258,0.844136
3259,0.843027
3260,0.843316
3261,0.845583
3262,0.845486
3263,0.845824
3264,0.845341
3265,0.844425
3266,0.844329
3267,0.844763
3268,0.844232
3269,0.843364
3270,0.843846
3271,0.843991
3272,0.843702
3273,0.843605
3274,0.843461
3275,0.843075
3276,0.843364
3277,0.844715
3278,0.844763
3279,0.845438
3280,0.845486
3281,0.845679
3282,0.846065
3283,0.845727
3284,0.845968
3285,0.845824
3286,0.851225
3287,0.850357
3288,0.850212
3289,0.85026
3290,0.849633
3291,0.849392
3292,0.849489
3293,0.849778
3294,0.849489
3295,0.849537
3296,0.849248
3297,0.849344
3298,0.849441
3299,0.848573
3300,0.849055
3301,0.848669
3302,0.848331
3303,0.848042
3304,0.847946
3305,0.848187
3306,0.84838
3307,0.848331
3308,0.84809
3309,0.848187
3310,0.847849
3311,0.847608
3312,0.847174
3313,0.846499
3314,0.846595
3315,0.846451
3316,0.846595
3317,0.847174
3318,0.847415
3319,0.847512
3320,0.847608
3321,0.847801
3322,0.847753
3323,0.84809
3324,0.847463
3325,0.847849
3326,0.848717
3327,0.850068
3328,0.849199
3329,0.848814
3330,0.849199
3331,0.849199
3332,0.848862
3333,0.848669
3334,0.848331
3335,0.84838
3336,0.853009
3337,0.851997
3338,0.852527
3339,0.852141
3340,0.852189
3341,0.851514
3342,0.852286
3343,0.852672
3344,0.852479
3345,0.851611
3346,0.851273
3347,0.851225
3348,0.851804
3349,0.851659
3350,0.851273
3351,0.851128
3352,0.850694
3353,0.851418
3354,0.851273
3355,0.851852
3356,0.851611
3357,0.851948
3358,0.852431
3359,0.852189
3360,0.852431
3361,0.852431
3362,0.852865
3363,0.852913
3364,0.853395
3365,0.85272
3366,0.852961
3367,0.853057
3368,0.852961
3369,0.853009
3370,0.852768
3371,0.852045
3372,0.852334
3373,0.853057
3374,0.852768
3375,0.852961
3376,0.852768
3377,0.852768
3378,0.852623
3379,0.852479
3380,0.852334
3381,0.852238
3382,0.852189
3383,0.852045
3384,0.851466
3385,0.852093
3386,0.853154
3387,0.852913
3388,0.852334
3389,0.852431
3390,0.852768
3391,0.852286
3392,0.852189
3393,0.851562
3394,0.851514
3395,0.850646
3396,0.850164
3397,0.849489
3398,0.849344
3399,0.849441
3400,0.849392
3401,0.849682
3402,0.849103
3403,0.849055
3404,0.849296
3405,0.849633
3406,0.849441
3407,0.849682
3408,0.849585
3409,0.849055
3410,0.849007
3411,0.852816
3412,0.852865
3413,0.852334
3414,0.852431
3415,0.852141
3416,0.852575
3417,0.852672
3418,0.852093
3419,0.8519
3420,0.852093
3421,0.851852
3422,0.852093
3423,0.851852
3424,0.851948
3425,0.851948
3426,0.851755
3427,0.851852
3428,0.8519
3429,0.851514
3430,0.851562
3431,0.851948
3432,0.852141
3433,0.852623
3434,0.852672
3435,0.852816
3436,0.861304
3437,0.860774
3438,0.860581
3439,0.860918
3440,0.860243
3441,0.86005
3442,0.860002
3443,0.859857
3444,0.859809
3445,0.859905
3446,0.860147
3447,0.859954
3448,0.859954
3449,0.859857
3450,0.859761
3451,0.860147
3452,0.860147
3453,0.859905
3454,0.86005
3455,0.859713
3456,0.85952
3457,0.859086
3458,0.859134
3459,0.85923
3460,0.859279
3461,0.861883
3462,0.861931
3463,0.8614
3464,0.861256
3465,0.860966
3466,0.860822
3467,0.860774
3468,0.861159
3469,0.860532
3470,0.861208
3471,0.861063
3472,0.861159
3473,0.86087
3474,0.860918
3475,0.860966
3476,0.861111
3477,0.860918
3478,0.860822
3479,0.860677
3480,0.860388
3481,0.860966
3482,0.860581
3483,0.860243
3484,0.860436
3485,0.860147
3486,0.861931
3487,0.861352
3488,0.860581
3489,0.860484
3490,0.860484
3491,0.861304
3492,0.860532
3493,0.860388
3494,0.860484
3495,0.860436
3496,0.860002
3497,0.859182
3498,0.859616
3499,0.859471
3500,0.859086
3501,0.858796
3502,0.858796
3503,0.8587
3504,0.858748
3505,0.858314
3506,0.858555
3507,0.858845
3508,0.858603
3509,0.858073
3510,0.857976
3511,0.859423
3512,0.859375
3513,0.859471
3514,0.859279
3515,0.858989
3516,0.859375
3517,0.859182
3518,0.858845
3519,0.859037
3520,0.858893
3521,0.858941
3522,0.858603
3523,0.858845
3524,0.858507
3525,0.858314
3526,0.858073
3527,0.858266
3528,0.858459
3529,0.858362
3530,0.85841
3531,0.858314
3532,0.858603
3533,0.858652
3534,0.858748
3535,0.858748
3536,0.858893
3537,0.858169
3538,0.858459
3539,0.858652
3540,0.858893
3541,0.858266
3542,0.857494
3543,0.857832
3544,0.857735
3545,0.858266
3546,0.858507
3547,0.858893
3548,0.858459
3549,0.85841
3550,0.858121
3551,0.857639
3552,0.85788
3553,0.857735
3554,0.857976
3555,0.857832
3556,0.857591
3557,0.857301
3558,0.857542
3559,0.857205
3560,0.85706
3561,0.857976
3562,0.856819
3563,0.856626
3564,0.856723
3565,0.856916
3566,0.857301
3567,0.857542
3568,0.857494
3569,0.857591
3570,0.858796
3571,0.858603
3572,0.858989
3573,0.858845
3574,0.859375
3575,0.858941
3576,0.857832
3577,0.857542
3578,0.857591
3579,0.857976
3580,0.85788
3581,0.857976
3582,0.857494
3583,0.857928
3584,0.857639
3585,0.857639
3586,0.856867
3587,0.856723
3588,0.856964
3589,0.857301
3590,0.857157
3591,0.857398
3592,0.857301
3593,0.856964
3594,0.857446
3595,0.857976
3596,0.858555
3597,0.858218
3598,0.858025
3599,0.858169
3600,0.85788
3601,0.858603
3602,0.858893
3603,0.858796
3604,0.858169
3605,0.857976
3606,0.857928
3607,0.857735
3608,0.857928
3609,0.858169
3610,0.858218
3611,0.858603
3612,0.859182
3613,0.859279
3614,0.860195
3615,0.860725
3616,0.86169
3617,0.861786
3618,0.86169
3619,0.862076
3620,0.86304
3621,0.862799
3622,0.862703
3623,0.863619
3624,0.862365
3625,0.862606
3626,0.862606
3627,0.863185
3628,0.863329
3629,0.863426
3630,0.863088
3631,0.862461
3632,0.861931
3633,0.862461
3634,0.861497
3635,0.86169
3636,0.861015
3637,0.860388
3638,0.86034
3639,0.860147
3640,0.860243
3641,0.859954
3642,0.859375
3643,0.859134
3644,0.858266
3645,0.858603
3646,0.857253
3647,0.858025
3648,0.857446
3649,0.857976
3650,0.857253
3651,0.856674
3652,0.856771
3653,0.857012
3654,0.85706
3655,0.856964
3656,0.856674
3657,0.856674
3658,0.856867
3659,0.857639
3660,0.857398
3661,0.856723
3662,0.856916
3663,0.85706
3664,0.85735
3665,0.857542
3666,0.858121
3667,0.857494
3668,0.857639
3669,0.857784
3670,0.859857
3671,0.859375
3672,0.857976
3673,0.857398
3674,0.85788
3675,0.857542
3676,0.858218
3677,0.859471
3678,0.858989
3679,0.859664
3680,0.859134
3681,0.859713
3682,0.859471
3683,0.859664
3684,0.859857
3685,0.859279
3686,0.859616
3687,0.859857
3688,0.859809
3689,0.860243
3690,0.859954
3691,0.859857
3692,0.859664
3693,0.860098
3694,0.859905
3695,0.861449
3696,0.861352
3697,0.860725
3698,0.860966
3699,0.861256
3700,0.861256
3701,0.860918
3702,0.860725
3703,0.860243
3704,0.861304
3705,0.861497
3706,0.861738
3707,0.860147
3708,0.861015
3709,0.861545
3710,0.861063
3711,0.859664
3712,0.858748
3713,0.858796
3714,0.859182
3715,0.859327
3716,0.858025
3717,0.86034
3718,0.858603
3719,0.857735
3720,0.858025
3721,0.857832
3722,0.858362
3723,0.856337
3724,0.856674
3725,0.856433
3726,0.855421
3727,0.856144
3728,0.856674
3729,0.856047
3730,0.856723
3731,0.856144
3732,0.856771
3733,0.857012
3734,0.855758
3735,0.855951
3736,0.855517
3737,0.855806
3738,0.854408
3739,0.854938
3740,0.855131
3741,0.854649
3742,0.855324
3743,0.853877
3744,0.853781
3745,0.855999
3746,0.856289
3747,0.855276
3748,0.855179
3749,0.855421
3750,0.854649
3751,0.85489
3752,0.855951
3753,0.854215
3754,0.854504
3755,0.853733
3756,0.854215
3757,0.853057
3758,0.853057
3759,0.853347
3760,0.853347
3761,0.85272
3762,0.852093
3763,0.851659
3764,0.850791
3765,0.850839
3766,0.85055
3767,0.848139
3768,0.849392
3769,0.849923
3770,0.849392
3771,0.850743
3772,0.849489
3773,0.851707
3774,0.852575
3775,0.852141
3776,0.852382
3777,0.852431
3778,0.851852
3779,0.851032
3780,0.851225
3781,0.851707
3782,0.851997
3783,0.852141
3784,0.850936
3785,0.850984
3786,0.850984
3787,0.850887
3788,0.850453
3789,0.850839
3790,0.851466
3791,0.850116
3792,0.850646
3793,0.851225
3794,0.850019
3795,0.853636
3796,0.853829
3797,0.851755
3798,0.851997
3799,0.851707
3800,0.852382
3801,0.851418
3802,0.851321
3803,0.851418
3804,0.849344
3805,0.849778
3806,0.850453
3807,0.849682
3808,0.850502
3809,0.849585
3810,0.849537
3811,0.850646
3812,0.85026
3813,0.849489
3814,0.849971
3815,0.849055
3816,0.850116
3817,0.850309
3818,0.850453
3819,0.851948
3820,0.85923
3821,0.86005
3822,0.860002
3823,0.860195
3824,0.860436
3825,0.860243
3826,0.86034
3827,0.860484
3828,0.86034
3829,0.860822
3830,0.860918
3831,0.861352
3832,0.862027
3833,0.861786
3834,0.861931
3835,0.861256
3836,0.861593
3837,0.862076
3838,0.861883
3839,0.861931
3840,0.8614
3841,0.861738
3842,0.861304
3843,0.861208
3844,0.861449
3845,0.861256
3846,0.861159
3847,0.861449
3848,0.861352
3849,0.860581
3850,0.860966
3851,0.86087
3852,0.860774
3853,0.860581
3854,0.860725
3855,0.860195
3856,0.860243
3857,0.860532
3858,0.859954
3859,0.859375
3860,0.859471
3861,0.860147
3862,0.859809
3863,0.859616
3864,0.860243
3865,0.86005
3866,0.86005
3867,0.859713
3868,0.860098
3869,0.859905
3870,0.860918
3871,0.860918
3872,0.860436
3873,0.860388
3874,0.861063
3875,0.861256
3876,0.861834
3877,0.861545
3878,0.861883
3879,0.861834
3880,0.861786
3881,0.862172
3882,0.862944
3883,0.8614
3884,0.861256
3885,0.861208
3886,0.860725
3887,0.860195
3888,0.860629
3889,0.860581
3890,0.861111
3891,0.860629
3892,0.861352
3893,0.86087
3894,0.86034
3895,0.863329
3896,0.861786
3897,0.860436
3898,0.861449
3899,0.860002
3900,0.8587
3901,0.857108
3902,0.856771
3903,0.858603
3904,0.859037
3905,0.860388
3906,0.862461
3907,0.861883
3908,0.861449
3909,0.861642
3910,0.861352
3911,0.861931
3912,0.86222
3913,0.861738
3914,0.861931
3915,0.861256
3916,0.861159
3917,0.861449
3918,0.861593
3919,0.861642
3920,0.862365
3921,0.862703
3922,0.862703
3923,0.86251
3924,0.862799
3925,0.862654
3926,0.86251
3927,0.86304
3928,0.863571
3929,0.862895
3930,0.862269
3931,0.862606
3932,0.860822
3933,0.862751
3934,0.861979
3935,0.861931
3936,0.862751
3937,0.862365
3938,0.862606
3939,0.861786
3940,0.861786
3941,0.862365
3942,0.862027
3943,0.862365
3944,0.862799
3945,0.862751
3946,0.863185
3947,0.863185
3948,0.863281
3949,0.863474
3950,0.863137
3951,0.86222
3952,0.861352
3953,0.861931
3954,0.861738
3955,0.86222
3956,0.86251
3957,0.862944
3958,0.862654
3959,0.862799
3960,0.862606
3961,0.862847
3962,0.862269
3963,0.861642
3964,0.861883
3965,0.860822
3966,0.861883
3967,0.862895
3968,0.861883
3969,0.862076
3970,0.864198
3971,0.864535
3972,0.864487
3973,0.864149
3974,0.864053
3975,0.864101
3976,0.86386
3977,0.863956
3978,0.863281
3979,0.864005
3980,0.863908
3981,0.863812
3982,0.862076
3983,0.862895
3984,0.859954
3985,0.860291
3986,0.858603
3987,0.860532
3988,0.860388
3989,0.861979
3990,0.863378
3991,0.863667
3992,0.864246
3993,0.86386
3994,0.863908
3995,0.861593
3996,0.862413
3997,0.862317
3998,0.862992
3999,0.86304
4000,0.862992
4001,0.862365
4002,0.862269
4003,0.862365
4004,0.862413
4005,0.862317
4006,0.862124
4007,0.862076
4008,0.862027
4009,0.862076
4010,0.862413
4011,0.862124
4012,0.862269
4013,0.862124
4014,0.862413
4015,0.862606
4016,0.862461
4017,0.862558
4018,0.862076
4019,0.862461
4020,0.864005
4021,0.863667
4022,0.862558
4023,0.863137
4024,0.862654
4025,0.861545
4026,0.862076
4027,0.861931
4028,0.860774
4029,0.859182
4030,0.859279
4031,0.859375
4032,0.85952
4033,0.858893
4034,0.85923
4035,0.859905
4036,0.86034
4037,0.859568
4038,0.860918
4039,0.860436
4040,0.860002
4041,0.861786
4042,0.861786
4043,0.861593
4044,0.86169
4045,0.861159
4046,0.861256
4047,0.861642
4048,0.861738
4049,0.861208
4050,0.860918
4051,0.861352
4052,0.861015
4053,0.860388
4054,0.860581
4055,0.860677
4056,0.86087
4057,0.861208
4058,0.861159
4059,0.860629
4060,0.861545
4061,0.861593
4062,0.861352
4063,0.8614
4064,0.861593
4065,0.86169
4066,0.861545
4067,0.862027
4068,0.862172
4069,0.862027
4070,0.862027
4071,0.861642
4072,0.861208
4073,0.860774
4074,0.860195
4075,0.860484
4076,0.861497
4077,0.861304
4078,0.861015
4079,0.861111
4080,0.861111
4081,0.860388
4082,0.860774
4083,0.860629
4084,0.860629
4085,0.860918
4086,0.861208
4087,0.8614
4088,0.86169
4089,0.861642
4090,0.861834
4091,0.862076
4092,0.861834
4093,0.862269
4094,0.862172
4095,0.865114
4096,0.86468
4097,0.86439
4098,0.864969
4099,0.864101
4100,0.864005
4101,0.864198
4102,0.863956
4103,0.863137
4104,0.863619
4105,0.863715
4106,0.863378
4107,0.863715
4108,0.863956
4109,0.862751
4110,0.862944
4111,0.861883
4112,0.861208
4113,0.861497
4114,0.861256
4115,0.860532
4116,0.86087
4117,0.861063
4118,0.861352
4119,0.861593
4120,0.863908
4121,0.864342
4122,0.863764
4123,0.863956
4124,0.863281
4125,0.863185
4126,0.862606
4127,0.862654
4128,0.862944
4129,0.86222
4130,0.861593
4131,0.860629
4132,0.860195
4133,0.860629
4134,0.860484
4135,0.860484
4136,0.860388
4137,0.860532
4138,0.860291
4139,0.86087
4140,0.860002
4141,0.860243
4142,0.860002
4143,0.859905
4144,0.859279
4145,0.861352
4146,0.860098
4147,0.860581
4148,0.860532
4149,0.861063
4150,0.860388
4151,0.859905
4152,0.861256
4153,0.862124
4154,0.861015
4155,0.861593
4156,0.860918
4157,0.860243
4158,0.859664
4159,0.858989
4160,0.858941
4161,0.857542
4162,0.859134
4163,0.856916
4164,0.85624
4165,0.856771
4166,0.856385
4167,0.85489
4168,0.855324
4169,0.85436
4170,0.85354
4171,0.852768
4172,0.854794
4173,0.85325
4174,0.852093
4175,0.850694
4176,0.849971
4177,0.850019
4178,0.8519
4179,0.849633
4180,0.851032
4181,0.852623
4182,0.851948
4183,0.853395
4184,0.858507
4185,0.856723
4186,0.859857
4187,0.860966
4188,0.861642
4189,0.859809
4190,0.862992
4191,0.864776
4192,0.865066
4193,0.867573
4194,0.867622
4195,0.867429
4196,0.870515
4197,0.871914
4198,0.872541
4199,0.871624
4200,0.872396
4201,0.876784
4202,0.873264
4203,0.873505
4204,0.873939
4205,0.870467
4206,0.868827
4207,0.869936
4208,0.868924
4209,0.866223
4210,0.865644
4211,0.864342
4212,0.863619
4213,0.864294
4214,0.863571
4215,0.863619
4216,0.862654
4217,0.860388
4218,0.864101
4219,0.872203
4220,0.865789
4221,0.86902
4222,0.870997
4223,0.875965
4224,0.878038
4225,0.875627
4226,0.879678
4227,0.880015
4228,0.883391
4229,0.882812
4230,0.88098
4231,0.886767
4232,0.886333
4233,0.891204
4234,0.893326
4235,0.896171
4236,0.899884
4237,0.895978
4238,0.900077
4239,0.903019
4240,0.897666
4241,0.899643
4242,0.900367
4243,0.90273
4244,0.903501
4245,0.909674
4246,0.902681
4247,0.903067
4248,0.898534
4249,0.899691
4250,0.89429
4251,0.89048
4252,0.889275
4253,0.887635
4254,0.886526
4255,0.881944
4256,0.876591
4257,0.884404
4258,0.876833
4259,0.879389
4260,0.875675
4261,0.874855
4262,0.874035
4263,0.870081
4264,0.872541
4265,0.873601
4266,0.877218
4267,0.877508
4268,0.872203
4269,0.877508
4270,0.873746
4271,0.879967
4272,0.878424
4273,0.88016
4274,0.881559
4275,0.88831
4276,0.883777
4277,0.885417
4278,0.887828
4279,0.888985
4280,0.888985
4281,0.890191
4282,0.890721
4283,0.897473
4284,0.898293
4285,0.903212
4286,0.909963
4287,0.907456
4288,0.910735
4289,0.905093
4290,0.913002
4291,0.910542
4292,0.919416
4293,0.91358
4294,0.913291
4295,0.9076
4296,0.906829
4297,0.902247
4298,0.901861
4299,0.896364
4300,0.894387
4301,0.894579
4302,0.896557
4303,0.892988
4304,0.891252
4305,0.891782
4306,0.887008
4307,0.888503
4308,0.886236
4309,0.885851
4310,0.885995
4311,0.891397
4312,0.888648
4313,0.888455
4314,0.894628
4315,0.894145
4316,0.892602
4317,0.883873
4318,0.883584
4319,0.875193
4320,0.878954
4321,0.872589
4322,0.871914
4323,0.870226
4324,0.867043
4325,0.861979
4326,0.860532
4327,0.863667
4328,0.862076
4329,0.859423
4330,0.86386
4331,0.868634
4332,0.866368
4333,0.871094
4334,0.865017
4335,0.867718
4336,0.867911
4337,0.863137
4338,0.856385
4339,0.854118
4340,0.848958
4341,0.848524
4342,0.843461
4343,0.842014
4344,0.84211
4345,0.83015
4346,0.828318
4347,0.831453
4348,0.824122
4349,0.822097
4350,0.820409
4351,0.81848
4352,0.820747
4353,0.820023
4354,0.821615
4355,0.821084
4356,0.81713
4357,0.816262
4358,0.817757
4359,0.817323
4360,0.822627
4361,0.821952
4362,0.821518
4363,0.82446
4364,0.830777
4365,0.828414
4366,0.833767
4367,0.836372
4368,0.838879
4369,0.841725
4370,0.846451
4371,0.84674
4372,0.849248
4373,0.853347
4374,0.851273
4375,0.856192
4376,0.859568
4377,0.860966
4378,0.856964
4379,0.853057
4380,0.850646
4381,0.856481
4382,0.855324
4383,0.857108
4384,0.860822
4385,0.8614
4386,0.859761
4387,0.862703
4388,0.860195
4389,0.866078
4390,0.869309
4391,0.869358
4392,0.869358
4393,0.866898
4394,0.855565
4395,0.859134
4396,0.857446
4397,0.856144
4398,0.854842
4399,0.858845
4400,0.857928
4401,0.851997
4402,0.850212
4403,0.849392
4404,0.844666
4405,0.842593
4406,0.840422
4407,0.840808
4408,0.828704
4409,0.80136
4410,0.793933
4411,0.784915
4412,0.779032
4413,0.765673
4414,0.783902
4415,0.783517
4416,0.780189
4417,0.790316
4418,0.801987
4419,0.806713
4420,0.821663
4421,0.836709
4422,0.835552
4423,0.846595
4424,0.84809
4425,0.849007
4426,0.842593
4427,0.839361
4428,0.843846
4429,0.839313
4430,0.835214
4431,0.831067
4432,0.828752
4433,0.825087
4434,0.826244
4435,0.826871
4436,0.822531
4437,0.819493
4438,0.810185
4439,0.81033
4440,0.8057
4441,0.807581
4442,0.800685
4443,0.803
4444,0.799431
4445,0.797502
4446,0.794271
4447,0.792728
4448,0.788194
4449,0.786458
4450,0.788436
4451,0.786362
4452,0.782793
4453,0.779032
4454,0.76765
4455,0.762876
4456,0.758439
4457,0.753231
4458,0.748457
4459,0.733989
4460,0.728009
4461,0.727913
4462,0.730179
4463,0.730131
4464,0.729938
4465,0.725309
4466,0.718268
4467,0.720486
4468,0.723331
4469,0.730372
4470,0.725164
4471,0.729938
4472,0.730228
4473,0.733025
4474,0.733362
4475,0.737606
4476,0.734905
4477,0.742429
4478,0.746094
4479,0.738522
4480,0.73288
4481,0.731771
4482,0.736063
4483,0.724489
4484,0.730083
4485,0.734037
4486,0.736931
4487,0.734616
4488,0.735581
4489,0.734664
4490,0.738281
4491,0.742814
4492,0.74918
4493,0.749904
4494,0.750627
4495,0.749807
4496,0.761622
4497,0.76466
4498,0.769628
4499,0.776042
4500,0.780527
4501,0.778694
4502,0.790992
4503,0.789159
4504,0.798225
4505,0.81684
4506,0.822386
4507,0.839844
4508,0.841001
4509,0.842978
4510,0.858169
4511,0.858362
4512,0.859279
4513,0.874228
4514,0.874711
4515,0.874952
4516,0.891059
4517,0.895544
4518,0.896171
4519,0.899257
4520,0.909095
4521,0.907456
4522,0.904032
4523,0.899402
4524,0.896943
4525,0.897859
4526,0.8981
4527,0.891927
4528,0.892168
4529,0.894194
4530,0.899306
4531,0.903356
4532,0.896364
4533,0.895978
4534,0.895255
4535,0.89511
4536,0.893663
4537,0.89593
4538,0.89564
4539,0.898486
4540,0.894194
4541,0.89564
4542,0.895255
4543,0.901042
4544,0.897328
4545,0.902199
4546,0.894772
4547,0.89347
4548,0.890384
4549,0.884115
4550,0.885176
4551,0.878472
4552,0.875386
4553,0.867332
4554,0.870226
4555,0.865548
4556,0.854938
4557,0.856964
4558,0.845341
4559,0.842689
4560,0.847029
4561,0.841146
4562,0.838301
4563,0.839217
4564,0.829524
4565,0.836275
4566,0.831549
4567,0.832948
4568,0.838059
4569,0.834587
4570,0.847463
4571,0.847753
4572,0.85055
4573,0.850839
4574,0.84211
4575,0.839554
4576,0.840181
4577,0.828559
4578,0.830633
4579,0.820361
4580,0.820409
4581,0.812114
4582,0.816889
4583,0.812789
4584,0.813416
4585,0.806279
4586,0.810282
4587,0.808208
4588,0.804543
4589,0.803385
4590,0.808787
4591,0.805025
4592,0.811873
4593,0.818287
4594,0.826196
4595,0.832948
4596,0.834828
4597,0.841001
4598,0.845824
4599,0.84375
4600,0.846788
4601,0.837384
4602,0.839506
4603,0.830295
4604,0.826196
4605,0.820795
4606,0.819878
4607,0.815828
4608,0.809848
4609,0.807051
4610,0.814236
4611,0.8125
4612,0.815924
4613,0.82499
4614,0.822434
4615,0.830729
4616,0.836613
4617,0.836323
4618,0.83343
4619,0.834443
4620,0.828704
4621,0.83126
4622,0.834057
4623,0.831935
4624,0.822724
4625,0.817419
4626,0.813657
4627,0.814767
4628,0.804688
4629,0.804157
4630,0.798225
4631,0.792149
4632,0.785783
4633,0.7826
4634,0.777971
4635,0.77146
4636,0.770592
4637,0.768181
4638,0.76659
4639,0.772039
4640,0.775318
4641,0.779321
4642,0.779032
4643,0.779996
4644,0.782745
4645,0.787857
4646,0.795718
4647,0.798563
4648,0.802421
4649,0.801842
4650,0.79837
4651,0.799672
4652,0.803964
4653,0.802469
4654,0.802855
4655,0.808931
4656,0.81332
4657,0.817515
4658,0.823592
4659,0.826726
4660,0.827402
4661,0.836468
4662,0.833816
4663,0.83314
4664,0.839313
4665,0.844136
4666,0.846161
4667,0.847753
4668,0.843027
4669,0.851177
4670,0.837577
4671,0.832562
4672,0.834105
4673,0.828463
4674,0.826582
4675,0.820843
4676,0.804398
4677,0.802517
4678,0.800444
4679,0.797791
4680,0.779803
4681,0.763985
4682,0.758247
4683,0.755498
4684,0.745322
4685,0.724778
4686,0.720727
4687,0.707272
4688,0.700231
4689,0.696229
4690,0.685475
4691,0.682051
4692,0.682147
4693,0.682099
4694,0.68451
4695,0.681809
4696,0.680507
4697,0.685041
4698,0.686487
4699,0.6875
4700,0.687355
4701,0.688272
4702,0.691358
4703,0.698785
4704,0.699122
4705,0.711179
4706,0.713493
4707,0.714796
4708,0.724103
4709,0.73071
4710,0.725212
4711,0.738426
4712,0.749132
4713,0.750145
4714,0.774306
4715,0.778694
4716,0.773872
4717,0.774113
4718,0.782456
4719,0.783131
4720,0.809558
4721,0.811391
4722,0.810137
4723,0.806617
4724,0.806424
4725,0.805507
4726,0.808256
4727,0.814815
4728,0.817757
4729,0.822676
4730,0.824363
4731,0.824701
4732,0.82745
4733,0.831549
4734,0.836179
4735,0.841339
4736,0.842785
4737,0.843943
4738,0.854601
4739,0.857591
4740,0.859086
4741,0.860002
4742,0.86304
4743,0.862172
4744,0.862317
4745,0.863715
4746,0.838301
4747,0.822193
4748,0.81631
4749,0.805507
4750,0.733941
4751,0.717882
4752,0.711372
4753,0.686825
4754,0.631318
4755,0.619599
4756,0.589603
4757,0.563513
4758,0.55353
4759,0.530382
4760,0.466821
4761,0.45409
4762,0.439381
4763,0.425444
4764,0.421296
4765,0.411507
4766,0.395544
4767,0.387731
4768,0.375193
4769,0.372878
4770,0.349392
4771,0.344136
4772,0.337143
4773,0.33724
4774,0.337963
4775,0.333912
4776,0.326003
4777,0.323013
4778,0.315876
4779,0.313368
4780,0.308304
4781,0.301215
4782,0.299479
4783,0.296971
4784,0.289207
4785,0.287326
4786,0.27662
4787,0.269145
4788,0.265914
4789,0.257427
4790,0.246094
4791,0.240162
4792,0.234664
4793,0.223139
4794,0.219232
4795,0.211709
4796,0.206453
4797,0.204475
4798,0.200376
4799,0.196373
4800,0.194734
4801,0.190635
4802,0.18832
4803,0.188175
4804,0.18803
4805,0.188609
4806,0.188802
4807,0.188609
4808,0.188513
4809,0.188465
4810,0.187307
4811,0.185764
4812,0.183642
4813,0.181182
4814,0.178289
4815,0.176071
4816,0.175347
4817,0.1739
4818,0.172791
4819,0.171923
4820,0.159674
4821,0.159385
4822,0.159722
4823,0.159674
4824,0.15977
4825,0.159433
4826,0.158902
4827,0.159192
4828,0.159722
4829,0.159385
4830,0.159385
4831,0.159529
4832,0.159819
4833,0.159481
4834,0.159819
4835,0.15977
4836,0.159722
4837,0.15924
4838,0.159336
4839,0.159288
4840,0.159578
4841,0.159385
4842,0.158854
4843,0.159144
4844,0.159529
4845,0.159915
4846,0.159867
4847,0.159433
4848,0.159192
4849,0.158951
4850,0.158613
4851,0.158951
4852,0.158613
4853,0.158324
4854,0.158034
4855,0.158517
4856,0.158565
4857,0.158275
4858,0.158709
4859,0.158951
4860,0.159288
4861,0.159288
4862,0.159144
4863,0.158902
4864,0.158854
4865,0.158758
4866,0.158517
4867,0.158999
4868,0.159385
4869,0.159336
4870,0.159626
4871,0.159481
4872,0.159867
4873,0.159722
4874,0.159722
4875,0.159819
4876,0.159674
4877,0.159481
4878,0.15924
4879,0.15924
4880,0.159529
4881,0.158854
4882,0.158854
4883,0.158758
4884,0.157793
4885,0.157407
4886,0.157697
4887,0.157504
4888,0.157407
4889,0.157552
4890,0.158083
4891,0.157986
4892,0.157986
4893,0.158227
4894,0.158517
4895,0.157986
4896,0.157311
4897,0.156973
4898,0.156973
4899,0.1576
4900,0.157359
4901,0.157552
4902,0.157504
4903,0.157649
4904,0.157697
4905,0.157649
4906,0.157504
4907,0.157504
4908,0.157407
4909,0.156154
4910,0.156298
4911,0.156443
4912,0.156877
4913,0.156636
4914,0.156298
4915,0.156395
4916,0.15625
4917,0.158034
4918,0.166667
4919,0.172309
4920,0.18615
4921,0.198495
4922,0.207996
4923,0.222801
4924,0.237654
4925,0.242622
4926,0.249711
4927,0.256993
4928,0.260947
4929,0.26712
4930,0.266831
4931,0.269531
4932,0.269338
4933,0.290702
4934,0.296779
4935,0.307919
4936,0.332031
4937,0.338783
4938,0.347704
4939,0.396267
4940,0.401669
4941,0.42472
4942,0.441937
4943,0.449508
4944,0.456838
4945,0.46875
4946,0.469715
4947,0.475936
4948,0.482108
4949,0.483893
4950,0.475598
4951,0.465905
4952,0.4606
4953,0.454331
4954,0.444493
4955,0.439043
4956,0.4212
4957,0.405961
4958,0.40027
4959,0.36251
4960,0.351514
4961,0.341339
4962,0.331887
4963,0.320554
4964,0.314188
4965,0.294271
4966,0.26929
4967,0.259886
4968,0.253086
4969,0.251206
4970,0.249518
4971,0.252556
4972,0.258198
4973,0.26249
4974,0.276717
4975,0.287182
4976,0.292342
4977,0.303144
4978,0.31086
4979,0.31303
4980,0.317467
4981,0.320505
4982,0.319878
4983,0.317515
4984,0.311728
4985,0.313513
4986,0.308787
4987,0.304688
4988,0.300347
4989,0.294223
4990,0.290895
4991,0.287712
4992,0.273438
4993,0.270592
4994,0.269001
4995,0.261478
4996,0.254533
4997,0.253858
4998,0.244117
4999,0.244551
5000,0.243972
5001,0.244743
5002,0.239149
5003,0.241609
5004,0.242236
5005,0.241368
5006,0.24185
5007,0.239342
5008,0.245322
5009,0.238137
5010,0.240162
5011,0.238474
5012,0.236015
5013,0.230806
5014,0.227431
5015,0.227045
5016,0.224055
5017,0.220293
5018,0.218702
5019,0.211806
5020,0.205054
5021,0.203366
5022,0.202498
5023,0.200714
5024,0.202112
5025,0.205006
5026,0.209394
5027,0.212577
5028,0.214747
5029,0.212625
5030,0.212529
5031,0.20925
5032,0.204765
5033,0.200714
5034,0.186343
5035,0.186728
5036,0.185426
5037,0.185667
5038,0.184124
5039,0.183304
5040,0.181568
5041,0.179398
5042,0.176649
5043,0.17419
5044,0.172068
5045,0.170428
5046,0.171537
5047,0.173852
5048,0.175588
5049,0.182051
5050,0.18914
5051,0.192757
5052,0.199315
5053,0.203655
5054,0.209008
5055,0.219859
5056,0.230372
5057,0.23722
5058,0.246672
5059,0.274113
5060,0.279755
5061,0.289786
5062,0.303482
5063,0.323495
5064,0.349826
5065,0.368248
5066,0.377411
5067,0.385513
5068,0.396074
5069,0.400077
5070,0.410831
5071,0.426167
5072,0.434606
5073,0.452112
5074,0.470824
5075,0.479986
5076,0.497348
5077,0.518567
5078,0.521701
5079,0.534722
5080,0.544608
5081,0.551312
5082,0.55898
5083,0.564622
5084,0.568142
5085,0.571181
5086,0.556279
5087,0.557195
5088,0.547936
5089,0.502074
5090,0.483603
5091,0.461998
5092,0.391348
5093,0.380064
5094,0.365548
5095,0.351755
5096,0.344618
5097,0.334491
5098,0.32962
5099,0.323978
5100,0.31385
5101,0.299913
5102,0.295042
5103,0.277537
5104,0.258777
5105,0.251447
5106,0.229745
5107,0.222319
5108,0.215567
5109,0.197531
5110,0.195505
5111,0.195795
5112,0.198881
5113,0.202884
5114,0.203366
5115,0.20843
5116,0.209491
5117,0.211661
5118,0.214988
5119,0.210986
5120,0.211468
5121,0.208574
5122,0.197531
5123,0.1943
5124,0.184028
5125,0.17202
5126,0.166667
5127,0.157456
5128,0.150222
5129,0.147473
5130,0.142024
5131,0.136044
5132,0.134934
5133,0.134404
5134,0.134211
5135,0.134693
5136,0.134838
5137,0.134742
5138,0.134597
5139,0.1345
5140,0.134597
5141,0.13479
5142,0.134742
5143,0.134742
5144,0.135127
5145,0.13532
5146,0.135176
5147,0.135224
5148,0.135513
5149,0.135561
5150,0.13561
5151,0.135465
5152,0.135465
5153,0.135417
5154,0.13561
5155,0.135658
5156,0.135706
5157,0.135706
5158,0.135754
5159,0.135272
5160,0.135127
5161,0.135706
5162,0.135706
5163,0.13561
5164,0.135417
5165,0.135417
5166,0.135465
5167,0.135658
5168,0.135851
5169,0.13614
5170,0.135899
5171,0.136236
5172,0.136188
5173,0.136381
5174,0.136236
5175,0.136285
5176,0.136429
5177,0.136429
5178,0.136381
5179,0.136285
5180,0.136526
5181,0.136622
5182,0.136526
5183,0.136478
5184,0.136719
5185,0.136863
5186,0.136863
5187,0.136381
5188,0.136381
5189,0.136333
5190,0.13614
5191,0.135995
5192,0.136092
5193,0.136044
5194,0.136044
5195,0.135802
5196,0.135561
5197,0.136285
5198,0.136381
5199,0.136381
5200,0.136236
5201,0.136044
5202,0.136188
5203,0.136285
5204,0.136092
5205,0.136478
5206,0.136478
5207,0.136478
5208,0.136767
5209,0.136815
5210,0.136622
5211,0.136863
5212,0.137008
5213,0.136912
5214,0.137056
5215,0.137008
5216,0.137201
5217,0.137249
5218,0.137105
5219,0.13696
5220,0.135754
5221,0.135561
5222,0.135802
5223,0.136333
5224,0.136333
5225,0.137008
5226,0.137056
5227,0.137201
5228,0.137201
5229,0.137056
5230,0.137105
5231,0.13696
5232,0.136526
5233,0.136815
5234,0.136767
5235,0.136863
5236,0.136863
5237,0.137008
5238,0.137008
5239,0.136863
5240,0.136622
5241,0.136671
5242,0.136719
5243,0.136622
5244,0.136478
5245,0.133729
5246,0.133729
5247,0.134597
5248,0.134742
5249,0.134934
5250,0.134983
5251,0.134307
5252,0.134356
5253,0.134356
5254,0.134693
5255,0.134693
5256,0.134934
5257,0.134886
5258,0.138262
5259,0.141975
5260,0.150656
5261,0.161555
5262,0.166667
5263,0.175926
5264,0.187838
5265,0.191358
5266,0.201292
5267,0.217593
5268,0.221402
5269,0.233893
5270,0.255546
5271,0.258102
5272,0.267361
5273,0.275318
5274,0.280623
5275,0.288918
5276,0.295284
5277,0.30001
5278,0.305025
5279,0.308353
5280,0.308931
5281,0.310282
5282,0.311584
5283,0.310812
5284,0.309028
5285,0.306761
5286,0.305652
5287,0.303144
5288,0.300203
5289,0.298611
5290,0.300492
5291,0.300974
5292,0.305073
5293,0.30734
5294,0.312162
5295,0.31332
5296,0.323978
5297,0.346885
5298,0.353395
5299,0.375145
5300,0.392072
5301,0.398534
5302,0.415268
5303,0.449942
5304,0.459298
5305,0.476321
5306,0.488908
5307,0.498023
5308,0.510513
5309,0.52662
5310,0.530671
5311,0.541763
5312,0.547984
5313,0.554495
5314,0.567949
5315,0.57446
5316,0.578704
5317,0.585503
5318,0.590422
5319,0.597126
5320,0.615596
5321,0.619599
5322,0.620611
5323,0.621335
5324,0.620177
5325,0.61849
5326,0.61468
5327,0.611834
5328,0.609713
5329,0.611063
5330,0.606626
5331,0.603202
5332,0.600502
5333,0.597174
5334,0.59428
5335,0.588542
5336,0.584057
5337,0.58015
5338,0.577305
5339,0.573206
5340,0.571229
5341,0.570505
5342,0.568721
5343,0.56467
5344,0.567757
5345,0.537182
5346,0.541522
5347,0.548466
5348,0.551071
5349,0.550154
5350,0.553964
5351,0.550058
5352,0.551649
5353,0.556086
5354,0.560426
5355,0.561873
5356,0.566358
5357,0.56467
5358,0.567033
5359,0.568335
5360,0.570409
5361,0.570264
5362,0.570843
5363,0.541908
5364,0.540943
5365,0.539159
5366,0.537568
5367,0.535494
5368,0.512346
5369,0.503279
5370,0.489198
5371,0.491127
5372,0.499084
5373,0.498601
5374,0.49783
5375,0.494985
5376,0.498794
5377,0.491175
5378,0.490741
5379,0.48968
5380,0.491223
5381,0.487413
5382,0.483459
5383,0.4769
5384,0.470679
5385,0.46494
5386,0.458526
5387,0.457031
5388,0.452691
5389,0.449074
5390,0.447193
5391,0.445795
5392,0.447531
5393,0.440731
5394,0.4375
5395,0.438127
5396,0.439091
5397,0.441262
5398,0.450135
5399,0.454524
5400,0.455006
5401,0.460214
5402,0.463349
5403,0.463156
5404,0.470341
5405,0.475068
5406,0.474248
5407,0.480951
5408,0.483893
5409,0.485677
5410,0.488474
5411,0.491319
5412,0.489005
5413,0.491946
5414,0.496624
5415,0.496528
5416,0.495419
5417,0.498987
5418,0.501784
5419,0.505739
5420,0.497396
5421,0.500916
5422,0.504533
5423,0.510272
5424,0.514612
5425,0.52011
5426,0.523679
5427,0.523775
5428,0.532311
5429,0.53506
5430,0.536362
5431,0.538436
5432,0.539979
5433,0.54157
5434,0.542679
5435,0.546586
5436,0.546634
5437,0.54702
5438,0.550685
5439,0.548032
5440,0.555556
5441,0.554736
5442,0.559269
5443,0.557822
5444,0.565972
5445,0.563079
5446,0.563706
5447,0.56631
5448,0.570505
5449,0.572
5450,0.577787
5451,0.578704
5452,0.584973
5453,0.586275
5454,0.589458
5455,0.588252
5456,0.58859
5457,0.590471
5458,0.590953
5459,0.58994
5460,0.59076
5461,0.594715
5462,0.597512
5463,0.597512
5464,0.60354
5465,0.609568
5466,0.611931
5467,0.614873
5468,0.616175
5469,0.616319
5470,0.635754
5471,0.638117
5472,0.639902
5473,0.640046
5474,0.639178
5475,0.641831
5476,0.64159
5477,0.642361
5478,0.641638
5479,0.643808
5480,0.643374
5481,0.643808
5482,0.646123
5483,0.646557
5484,0.647425
5485,0.649306
5486,0.647135
5487,0.648293
5488,0.649161
5489,0.647425
5490,0.649113
5491,0.648534
5492,0.64892
5493,0.648775
5494,0.649595
5495,0.667776
5496,0.668644
5497,0.672454
5498,0.675395
5499,0.685089
5500,0.698978
5501,0.707079
5502,0.71928
5503,0.729022
5504,0.737654
5505,0.739053
5506,0.745853
5507,0.762973
5508,0.769676
5509,0.773003
5510,0.774788
5511,0.778067
5512,0.788387
5513,0.789304
5514,0.791136
5515,0.795766
5516,0.798418
5517,0.801408
5518,0.799913
5519,0.801264
5520,0.820602
5521,0.822242
5522,0.81901
5523,0.818046
5524,0.81848
5525,0.8193
5526,0.81766
5527,0.820795
5528,0.822483
5529,0.823399
5530,0.823688
5531,0.825135
5532,0.82745
5533,0.826485
5534,0.82716
5535,0.828125
5536,0.827209
5537,0.82745
5538,0.824846
5539,0.82528
5540,0.82499
5541,0.825231
5542,0.825666
5543,0.825858
5544,0.824026
5545,0.827305
5546,0.829234
5547,0.8288
5548,0.82745
5549,0.827257
5550,0.828414
5551,0.828077
5552,0.8288
5553,0.828221
5554,0.829331
5555,0.828897
5556,0.828173
5557,0.829475
5558,0.827064
5559,0.828125
5560,0.827546
5561,0.827305
5562,0.827112
5563,0.82716
5564,0.824074
5565,0.825569
5566,0.826341
5567,0.825521
5568,0.826485
5569,0.826968
5570,0.820457
5571,0.8193
5572,0.819686
5573,0.815683
5574,0.814718
5575,0.814043
5576,0.817033
5577,0.814622
5578,0.813272
5579,0.810571
5580,0.813368
5581,0.812355
5582,0.809944
5583,0.810909
5584,0.809992
5585,0.81115
5586,0.812596
5587,0.81414
5588,0.812934
5589,0.815779
5590,0.818335
5591,0.818432
5592,0.814815
5593,0.816117
5594,0.818191
5595,0.820939
5596,0.82147
5597,0.82229
5598,0.821711
5599,0.820602
5600,0.821615
5601,0.819975
5602,0.822049
5603,0.818625
5604,0.821325
5605,0.8193
5606,0.819541
5607,0.819493
5608,0.818914
5609,0.8193
5610,0.81848
5611,0.817419
5612,0.816792
5613,0.815972
5614,0.81602
5615,0.815249
5616,0.813706
5617,0.815345
5618,0.812693
5619,0.812789
5620,0.808063
5621,0.81115
5622,0.80898
5623,0.809076
5624,0.809462
5625,0.808063
5626,0.808208
5627,0.809269
5628,0.808353
5629,0.809414
5630,0.807243
5631,0.808111
5632,0.806713
5633,0.806279
5634,0.805363
5635,0.807436
5636,0.807051
5637,0.807051
5638,0.807243
5639,0.807292
5640,0.808063
5641,0.807485
5642,0.808497
5643,0.810426
5644,0.806568
5645,0.814574
5646,0.815635
5647,0.812645
5648,0.816551
5649,0.814188
5650,0.812886
5651,0.813947
5652,0.813802
5653,0.811101
5654,0.808738
5655,0.81086
5656,0.808449
5657,0.807388
5658,0.80517
5659,0.805845
5660,0.807726
5661,0.807292
5662,0.808256
5663,0.806713
5664,0.806231
5665,0.807292
5666,0.809076
5667,0.808449
5668,0.806906
5669,0.807774
5670,0.804253
5671,0.802469
5672,0.803337
5673,0.803048
5674,0.803048
5675,0.804591
5676,0.805218
5677,0.805218
5678,0.80488
5679,0.804688
5680,0.805893
5681,0.806665
5682,0.807243
5683,0.806375
5684,0.804977
5685,0.805845
5686,0.805363
5687,0.805845
5688,0.8057
5689,0.805363
5690,0.805507
5691,0.806231
5692,0.806086
5693,0.806086
5694,0.806182
5695,0.811198
5696,0.810764
5697,0.811053
5698,0.809992
5699,0.811873
5700,0.811487
5701,0.808835
5702,0.807099
5703,0.806086
5704,0.805797
5705,0.805893
5706,0.804832
5707,0.804639
5708,0.805556
5709,0.805507
5710,0.805507
5711,0.805941
5712,0.805122
5713,0.80488
5714,0.805411
5715,0.805845
5716,0.806665
5717,0.806375
5718,0.807243
5719,0.806954
5720,0.808449
5721,0.808738
5722,0.808883
