framenum,queue density
1,0.256024
2,0.25092
3,0.248646
4,0.245573
5,0.241632
6,0.242066
7,0.242847
8,0.246997
9,0.248958
10,0.25724
11,0.266059
12,0.270174
13,0.279497
14,0.28842
15,0.291823
16,0.298646
17,0.305208
18,0.306302
19,0.313455
20,0.312205
21,0.315017
22,0.320694
23,0.324583
24,0.326788
25,0.324948
26,0.324792
27,0.324931
28,0.320399
29,0.320365
30,0.320052
31,0.317049
32,0.318368
33,0.318646
34,0.316962
35,0.31849
36,0.320347
37,0.318073
38,0.321337
39,0.323872
40,0.321545
41,0.323559
42,0.323299
43,0.320625
44,0.31875
45,0.306597
46,0.307726
47,0.304601
48,0.304358
49,0.303073
50,0.301181
51,0.303177
52,0.300417
53,0.299687
54,0.29724
55,0.29684
56,0.296528
57,0.29592
58,0.295938
59,0.295469
60,0.296337
61,0.294983
62,0.295434
63,0.29467
64,0.293976
65,0.294635
66,0.293663
67,0.292517
68,0.292066
69,0.292205
70,0.286632
71,0.28724
72,0.28849
73,0.289566
74,0.291684
75,0.292031
76,0.293316
77,0.292604
78,0.292865
79,0.291128
80,0.29276
81,0.293993
82,0.295972
83,0.298681
84,0.300764
85,0.304722
86,0.312135
87,0.314427
88,0.323681
89,0.331667
90,0.333715
91,0.341927
92,0.347622
93,0.350382
94,0.358368
95,0.366788
96,0.368993
97,0.376128
98,0.381597
99,0.388247
100,0.392326
101,0.397118
102,0.399462
103,0.404531
104,0.405573
105,0.405833
106,0.405052
107,0.405052
108,0.404167
109,0.404236
110,0.401146
111,0.402639
112,0.398507
113,0.397153
114,0.396181
115,0.393594
116,0.392917
117,0.390035
118,0.388403
119,0.38816
120,0.379479
121,0.383038
122,0.388333
123,0.390486
124,0.395608
125,0.40066
126,0.402378
127,0.407066
128,0.410538
129,0.411562
130,0.414948
131,0.419236
132,0.420347
133,0.423385
134,0.424635
135,0.425139
136,0.428247
137,0.431424
138,0.429566
139,0.430347
140,0.427847
141,0.42934
142,0.426823
143,0.426997
144,0.426493
145,0.415556
146,0.414444
147,0.415347
148,0.414358
149,0.413212
150,0.411892
151,0.409062
152,0.407326
153,0.405087
154,0.402465
155,0.397448
156,0.394028
157,0.393802
158,0.389375
159,0.388003
160,0.38559
161,0.384635
162,0.383281
163,0.381823
164,0.378316
165,0.37776
166,0.375486
167,0.37349
168,0.372865
169,0.373177
170,0.365781
171,0.366823
172,0.365868
173,0.36342
174,0.362135
175,0.359757
176,0.360694
177,0.35974
178,0.360434
179,0.359219
180,0.358802
181,0.358021
182,0.358212
183,0.355851
184,0.357795
185,0.356701
186,0.357049
187,0.35474
188,0.353872
189,0.353872
190,0.354167
191,0.352604
192,0.351962
193,0.350955
194,0.35059
195,0.34809
196,0.347292
197,0.347066
198,0.346997
199,0.347205
200,0.347187
201,0.347361
202,0.347222
203,0.347101
204,0.347535
205,0.346771
206,0.346927
207,0.346684
208,0.346233
209,0.346615
210,0.346667
211,0.347274
212,0.34684
213,0.347153
214,0.34691
215,0.346875
216,0.347344
217,0.347101
218,0.346997
219,0.346927
220,0.346875
221,0.347344
222,0.34783
223,0.34783
224,0.347014
225,0.34717
226,0.34684
227,0.347014
228,0.346753
229,0.346649
230,0.346354
231,0.346632
232,0.345938
233,0.346181
234,0.346007
235,0.346076
236,0.346597
237,0.346424
238,0.345885
239,0.345035
240,0.344774
241,0.344167
242,0.345191
243,0.344149
244,0.344479
245,0.343056
246,0.343837
247,0.343715
248,0.343993
249,0.344861
250,0.345816
251,0.345781
252,0.345417
253,0.345174
254,0.345
255,0.344427
256,0.34533
257,0.34566
258,0.345417
259,0.345035
260,0.345069
261,0.345226
262,0.345035
263,0.345052
264,0.344722
265,0.344358
266,0.343872
267,0.343958
268,0.343715
269,0.343455
270,0.339062
271,0.338438
272,0.338906
273,0.338385
274,0.338455
275,0.337795
276,0.336649
277,0.336215
278,0.335712
279,0.335278
280,0.335104
281,0.336736
282,0.337448
283,0.338802
284,0.339948
285,0.34026
286,0.341198
287,0.342014
288,0.342257
289,0.342691
290,0.341875
291,0.341649
292,0.340972
293,0.339722
294,0.339253
295,0.336944
296,0.336233
297,0.336215
298,0.33474
299,0.333715
300,0.333507
301,0.332882
302,0.332969
303,0.332413
304,0.332899
305,0.33276
306,0.333108
307,0.333281
308,0.333594
309,0.334028
310,0.334288
311,0.333524
312,0.33375
313,0.333472
314,0.33408
315,0.334271
316,0.334184
317,0.334219
318,0.334531
319,0.334479
320,0.336372
321,0.337378
322,0.337344
323,0.337326
324,0.337535
325,0.337917
326,0.338073
327,0.33816
328,0.337969
329,0.337934
330,0.337778
331,0.337969
332,0.338333
333,0.338611
334,0.33842
335,0.338576
336,0.338594
337,0.338802
338,0.338785
339,0.338698
340,0.339306
341,0.339514
342,0.339514
343,0.34158
344,0.343906
345,0.346649
346,0.34941
347,0.351806
348,0.353073
349,0.356372
350,0.357917
351,0.358941
352,0.361892
353,0.363524
354,0.364201
355,0.365451
356,0.367309
357,0.368368
358,0.370174
359,0.371719
360,0.371701
361,0.373056
362,0.374115
363,0.373819
364,0.373767
365,0.373142
366,0.372205
367,0.371997
368,0.371076
369,0.370208
370,0.365052
371,0.364705
372,0.364931
373,0.364115
374,0.363299
375,0.362656
376,0.362309
377,0.362083
378,0.360764
379,0.360017
380,0.358958
381,0.358403
382,0.358142
383,0.357517
384,0.35717
385,0.3575
386,0.359201
387,0.358507
388,0.361389
389,0.363646
390,0.364913
391,0.36875
392,0.372847
393,0.374358
394,0.378003
395,0.374878
396,0.376424
397,0.38
398,0.383455
399,0.383854
400,0.386163
401,0.387587
402,0.389201
403,0.391458
404,0.39191
405,0.392917
406,0.395486
407,0.398403
408,0.398837
409,0.403316
410,0.405417
411,0.407083
412,0.409705
413,0.414288
414,0.415
415,0.420226
416,0.422743
417,0.423733
418,0.426684
419,0.43
420,0.42941
421,0.436198
422,0.438715
423,0.438819
424,0.44599
425,0.450156
426,0.452795
427,0.459201
428,0.464132
429,0.467205
430,0.473003
431,0.478438
432,0.481875
433,0.488212
434,0.495208
435,0.496285
436,0.501146
437,0.505868
438,0.50816
439,0.514306
440,0.517708
441,0.521215
442,0.525139
443,0.527882
444,0.529219
445,0.537448
446,0.538663
447,0.539427
448,0.542882
449,0.546372
450,0.547483
451,0.551181
452,0.552743
453,0.552899
454,0.55342
455,0.556406
456,0.55599
457,0.558472
458,0.561337
459,0.562517
460,0.56474
461,0.567031
462,0.568403
463,0.570642
464,0.573594
465,0.574826
466,0.576649
467,0.577135
468,0.577882
469,0.578524
470,0.593958
471,0.594271
472,0.594705
473,0.594826
474,0.595226
475,0.595035
476,0.595729
477,0.596458
478,0.59783
479,0.599531
480,0.599201
481,0.601181
482,0.600521
483,0.599931
484,0.600538
485,0.601372
486,0.60066
487,0.6
488,0.601042
489,0.601701
490,0.601198
491,0.601858
492,0.601788
493,0.602326
494,0.603611
495,0.601649
496,0.601649
497,0.602812
498,0.602674
499,0.602656
500,0.602222
501,0.601597
502,0.601562
503,0.601285
504,0.601823
505,0.601198
506,0.600642
507,0.598785
508,0.599844
509,0.599688
510,0.598385
511,0.599566
512,0.599583
513,0.599722
514,0.601858
515,0.60434
516,0.60592
517,0.612708
518,0.620174
519,0.624566
520,0.64276
521,0.643576
522,0.647969
523,0.655069
524,0.664358
525,0.669253
526,0.67349
527,0.677865
528,0.681441
529,0.6825
530,0.687049
531,0.688108
532,0.691076
533,0.688872
534,0.690521
535,0.692813
536,0.69217
537,0.691406
538,0.691858
539,0.692569
540,0.691736
541,0.692917
542,0.694601
543,0.694531
544,0.695382
545,0.708351
546,0.707812
547,0.707708
548,0.705851
549,0.704583
550,0.704931
551,0.703403
552,0.704531
553,0.703993
554,0.702569
555,0.701441
556,0.700417
557,0.699635
558,0.699722
559,0.698576
560,0.699063
561,0.698559
562,0.699028
563,0.699583
564,0.700365
565,0.699601
566,0.700226
567,0.700243
568,0.699306
569,0.700191
570,0.694097
571,0.69533
572,0.693559
573,0.69441
574,0.694566
575,0.69408
576,0.693872
577,0.693403
578,0.693438
579,0.693021
580,0.692378
581,0.692517
582,0.691458
583,0.69125
584,0.691493
585,0.69066
586,0.691146
587,0.691528
588,0.692361
589,0.692517
590,0.692882
591,0.692535
592,0.693194
593,0.697118
594,0.698194
595,0.716302
596,0.719931
597,0.722778
598,0.729497
599,0.731076
600,0.73467
601,0.736076
602,0.736302
603,0.736719
604,0.73849
605,0.739045
606,0.73967
607,0.742535
608,0.748368
609,0.75
610,0.75592
611,0.757483
612,0.759045
613,0.759931
614,0.761181
615,0.763264
616,0.763229
617,0.764462
618,0.764809
619,0.764236
620,0.785903
621,0.784861
622,0.784635
623,0.784809
624,0.785035
625,0.784375
626,0.784149
627,0.785677
628,0.784705
629,0.785833
630,0.786927
631,0.792222
632,0.79401
633,0.797656
634,0.800347
635,0.800417
636,0.801632
637,0.802778
638,0.803611
639,0.80717
640,0.807187
641,0.806649
642,0.808333
643,0.808611
644,0.808125
645,0.818142
646,0.819306
647,0.820087
648,0.817899
649,0.818542
650,0.81809
651,0.818628
652,0.819479
653,0.818559
654,0.823542
655,0.826285
656,0.827153
657,0.826684
658,0.827812
659,0.825434
660,0.825885
661,0.825781
662,0.824323
663,0.827812
664,0.82566
665,0.824549
666,0.823819
667,0.823993
668,0.823594
669,0.82224
670,0.821979
671,0.820955
672,0.821806
673,0.822187
674,0.821111
675,0.819149
676,0.820903
677,0.820243
678,0.821337
679,0.820382
680,0.818854
681,0.819583
682,0.820208
683,0.818559
684,0.817413
685,0.816858
686,0.816354
687,0.815469
688,0.814861
689,0.813802
690,0.812118
691,0.811372
692,0.810972
693,0.811701
694,0.811024
695,0.816684
696,0.814288
697,0.814097
698,0.814618
699,0.813802
700,0.811701
701,0.811354
702,0.813993
703,0.812396
704,0.816997
705,0.81684
706,0.820156
707,0.819566
708,0.822865
709,0.822778
710,0.825139
711,0.826319
712,0.827274
713,0.827448
714,0.828212
715,0.828802
716,0.829271
717,0.82934
718,0.829688
719,0.830521
720,0.838038
721,0.838542
722,0.839809
723,0.839688
724,0.838819
725,0.839097
726,0.838958
727,0.838802
728,0.839306
729,0.839757
730,0.839427
731,0.84026
732,0.840243
733,0.840035
734,0.839601
735,0.840156
736,0.839896
737,0.83941
738,0.839566
739,0.838958
740,0.839149
741,0.839201
742,0.839444
743,0.83967
744,0.840122
745,0.841372
746,0.841389
747,0.841372
748,0.841337
749,0.841007
750,0.841337
751,0.841736
752,0.841545
753,0.841181
754,0.841215
755,0.841111
756,0.841354
757,0.841701
758,0.841806
759,0.842101
760,0.842066
761,0.841997
762,0.84151
763,0.841858
764,0.842014
765,0.842674
766,0.842917
767,0.843125
768,0.84342
769,0.84342
770,0.846997
771,0.846719
772,0.846562
773,0.846458
774,0.846788
775,0.847344
776,0.847326
777,0.847674
778,0.847326
779,0.847413
780,0.847708
781,0.847604
782,0.846962
783,0.846753
784,0.846667
785,0.846285
786,0.846528
787,0.846233
788,0.846285
789,0.846424
790,0.846319
791,0.846302
792,0.846059
793,0.84566
794,0.845174
795,0.844028
796,0.843142
797,0.843125
798,0.843142
799,0.843264
800,0.843212
801,0.8425
802,0.841649
803,0.841632
804,0.842135
805,0.841736
806,0.841389
807,0.841198
808,0.841181
809,0.840972
810,0.840972
811,0.840347
812,0.840087
813,0.841493
814,0.84158
815,0.843021
816,0.843125
817,0.843594
818,0.843663
819,0.843542
820,0.84599
821,0.845365
822,0.844531
823,0.845313
824,0.845712
825,0.845972
826,0.846267
827,0.846719
828,0.847604
829,0.847622
830,0.847622
831,0.847691
832,0.847934
833,0.84809
834,0.847917
835,0.847934
836,0.848472
837,0.848524
838,0.848403
839,0.84842
840,0.848316
841,0.848385
842,0.848594
843,0.848698
844,0.849236
845,0.849705
846,0.849167
847,0.849983
848,0.850052
849,0.850156
850,0.849549
851,0.84967
852,0.849601
853,0.849462
854,0.849184
855,0.849444
856,0.849583
857,0.84941
858,0.849497
859,0.849358
860,0.849184
861,0.84908
862,0.849531
863,0.849323
864,0.849219
865,0.849635
866,0.849618
867,0.849896
868,0.849583
869,0.849913
870,0.847552
871,0.847656
872,0.847569
873,0.847465
874,0.847083
875,0.846962
876,0.847014
877,0.847101
878,0.847274
879,0.847049
880,0.848142
881,0.847639
882,0.848142
883,0.848003
884,0.847969
885,0.84875
886,0.848785
887,0.848576
888,0.848767
889,0.849306
890,0.849462
891,0.848993
892,0.849271
893,0.849132
894,0.849462
895,0.849375
896,0.84967
897,0.849601
898,0.849792
899,0.849878
900,0.84974
901,0.849878
902,0.849861
903,0.849792
904,0.849931
905,0.850035
906,0.849878
907,0.849983
908,0.849878
909,0.850139
910,0.85033
911,0.850608
912,0.850278
913,0.85059
914,0.850955
915,0.85092
916,0.850885
917,0.850503
918,0.849705
919,0.849444
920,0.849566
921,0.849844
922,0.849826
923,0.849913
924,0.849965
925,0.850226
926,0.850347
927,0.85033
928,0.850156
929,0.850104
930,0.848177
931,0.847535
932,0.848177
933,0.848142
934,0.848212
935,0.848229
936,0.848021
937,0.847726
938,0.847535
939,0.847309
940,0.847309
941,0.84691
942,0.847101
943,0.846736
944,0.846476
945,0.846684
946,0.847222
947,0.846892
948,0.847049
949,0.847309
950,0.847101
951,0.847222
952,0.847118
953,0.84684
954,0.84684
955,0.849149
956,0.848385
957,0.84849
958,0.848142
959,0.848229
960,0.847917
961,0.848212
962,0.848559
963,0.848368
964,0.848819
965,0.848958
966,0.848958
967,0.849375
968,0.849288
969,0.849427
970,0.84934
971,0.849045
972,0.848924
973,0.848437
974,0.847969
975,0.847431
976,0.847448
977,0.84724
978,0.847378
979,0.846858
980,0.843802
981,0.843802
982,0.844358
983,0.845069
984,0.845868
985,0.846267
986,0.846979
987,0.846545
988,0.846875
989,0.847014
990,0.847014
991,0.846701
992,0.846701
993,0.846875
994,0.84724
995,0.847187
996,0.846719
997,0.846632
998,0.846406
999,0.846632
1000,0.847135
1001,0.847882
1002,0.848056
1003,0.848281
1004,0.848212
1005,0.84875
1006,0.848524
1007,0.847587
1008,0.84783
1009,0.847899
1010,0.848021
1011,0.844792
1012,0.844271
1013,0.844514
1014,0.845087
1015,0.844931
1016,0.845035
1017,0.845104
1018,0.84533
1019,0.845851
1020,0.846354
1021,0.84651
1022,0.846372
1023,0.845851
1024,0.845885
1025,0.84566
1026,0.845469
1027,0.846007
1028,0.845764
1029,0.845799
1030,0.846319
1031,0.846181
1032,0.846163
1033,0.846059
1034,0.846007
1035,0.845938
1036,0.846424
1037,0.845868
1038,0.845712
1039,0.845521
1040,0.845608
1041,0.845781
1042,0.846024
1043,0.845851
1044,0.84592
1045,0.846319
1046,0.846493
1047,0.846354
1048,0.846163
1049,0.846337
1050,0.84625
1051,0.846597
1052,0.846597
1053,0.84724
1054,0.846597
1055,0.846406
1056,0.846337
1057,0.846094
1058,0.846285
1059,0.846476
1060,0.846615
1061,0.845417
1062,0.845434
1063,0.845226
1064,0.844983
1065,0.845486
1066,0.845729
1067,0.845799
1068,0.845625
1069,0.845556
1070,0.845972
1071,0.846406
1072,0.846649
1073,0.846597
1074,0.846424
1075,0.847118
1076,0.846858
1077,0.846493
1078,0.846441
1079,0.846753
1080,0.846875
1081,0.846788
1082,0.84684
1083,0.846667
1084,0.846771
1085,0.846649
1086,0.845174
1087,0.844826
1088,0.844375
1089,0.844219
1090,0.84474
1091,0.844931
1092,0.845087
1093,0.844896
1094,0.845087
1095,0.844948
1096,0.84533
1097,0.845382
1098,0.845035
1099,0.845573
1100,0.845313
1101,0.84526
1102,0.845035
1103,0.844549
1104,0.844774
1105,0.844983
1106,0.844792
1107,0.84474
1108,0.844965
1109,0.844792
1110,0.844913
1111,0.845851
1112,0.845087
1113,0.845747
1114,0.846076
1115,0.846007
1116,0.845903
1117,0.845938
1118,0.845573
1119,0.846285
1120,0.846962
1121,0.846962
1122,0.847118
1123,0.847031
1124,0.847344
1125,0.847483
1126,0.847431
1127,0.847031
1128,0.846059
1129,0.845833
1130,0.84533
1131,0.845052
1132,0.845486
1133,0.845503
1134,0.844774
1135,0.844913
1136,0.845868
1137,0.845729
1138,0.845833
1139,0.845122
1140,0.845278
1141,0.84592
1142,0.846389
1143,0.845573
1144,0.84625
1145,0.845938
1146,0.845781
1147,0.845608
1148,0.845851
1149,0.846163
1150,0.845903
1151,0.846198
1152,0.846649
1153,0.847049
1154,0.847361
1155,0.847396
1156,0.84724
1157,0.846962
1158,0.847031
1159,0.846701
1160,0.846597
1161,0.844375
1162,0.844097
1163,0.84401
1164,0.843264
1165,0.843663
1166,0.844167
1167,0.843611
1168,0.844462
1169,0.844601
1170,0.845017
1171,0.846042
1172,0.846719
1173,0.846233
1174,0.846736
1175,0.8475
1176,0.846806
1177,0.847066
1178,0.847431
1179,0.847066
1180,0.846007
1181,0.846562
1182,0.846701
1183,0.846545
1184,0.84651
1185,0.846736
1186,0.846233
1187,0.846094
1188,0.846441
1189,0.846372
1190,0.846215
1191,0.846372
1192,0.84625
1193,0.846493
1194,0.847187
1195,0.847135
1196,0.84691
1197,0.846858
1198,0.846858
1199,0.847257
1200,0.84651
1201,0.846198
1202,0.846319
1203,0.846285
1204,0.846493
1205,0.846111
1206,0.846233
1207,0.846302
1208,0.846372
1209,0.846076
1210,0.846146
1211,0.848247
1212,0.847622
1213,0.846962
1214,0.847118
1215,0.846736
1216,0.846823
1217,0.846684
1218,0.847049
1219,0.847135
1220,0.847187
1221,0.846927
1222,0.847135
1223,0.847153
1224,0.846944
1225,0.846545
1226,0.84651
1227,0.847083
1228,0.846944
1229,0.847257
1230,0.847274
1231,0.847222
1232,0.847187
1233,0.846615
1234,0.846528
1235,0.84599
1236,0.845087
1237,0.844271
1238,0.844618
1239,0.844306
1240,0.844323
1241,0.844045
1242,0.843733
1243,0.844375
1244,0.844635
1245,0.844219
1246,0.845017
1247,0.845313
1248,0.845417
1249,0.845382
1250,0.845017
1251,0.845538
1252,0.845434
1253,0.845174
1254,0.845156
1255,0.84566
1256,0.845903
1257,0.845903
1258,0.845608
1259,0.845382
1260,0.84559
1261,0.845313
1262,0.845243
1263,0.844844
1264,0.844896
1265,0.844965
1266,0.844896
1267,0.844896
1268,0.84467
1269,0.844375
1270,0.844653
1271,0.844583
1272,0.845087
1273,0.845017
1274,0.844688
1275,0.845313
1276,0.845347
1277,0.845677
1278,0.845885
1279,0.846389
1280,0.846441
1281,0.846788
1282,0.846997
1283,0.847292
1284,0.847118
1285,0.846979
1286,0.845781
1287,0.845573
1288,0.845104
1289,0.845278
1290,0.844983
1291,0.845139
1292,0.844878
1293,0.844965
1294,0.845052
1295,0.845521
1296,0.845399
1297,0.845104
1298,0.844983
1299,0.84559
1300,0.845955
1301,0.846111
1302,0.84625
1303,0.846632
1304,0.847083
1305,0.847153
1306,0.846597
1307,0.847066
1308,0.84717
1309,0.84691
1310,0.846181
1311,0.846007
1312,0.846181
1313,0.845451
1314,0.845469
1315,0.844792
1316,0.844757
1317,0.844878
1318,0.845243
1319,0.845035
1320,0.845069
1321,0.844705
1322,0.84526
1323,0.845573
1324,0.845694
1325,0.845608
1326,0.845486
1327,0.845538
1328,0.845747
1329,0.84566
1330,0.846111
1331,0.845955
1332,0.846059
1333,0.84559
1334,0.845799
1335,0.846302
1336,0.847274
1337,0.847587
1338,0.847118
1339,0.847483
1340,0.847326
1341,0.847205
1342,0.847066
1343,0.846771
1344,0.846823
1345,0.846285
1346,0.847118
1347,0.847153
1348,0.847049
1349,0.846684
1350,0.846076
1351,0.845747
1352,0.845938
1353,0.846111
1354,0.845538
1355,0.845486
1356,0.84599
1357,0.846128
1358,0.845938
1359,0.845677
1360,0.845885
1361,0.845955
1362,0.845764
1363,0.845833
1364,0.845712
1365,0.845573
1366,0.844792
1367,0.84467
1368,0.844913
1369,0.844479
1370,0.843958
1371,0.844948
1372,0.84625
1373,0.846042
1374,0.845278
1375,0.84566
1376,0.845382
1377,0.845781
1378,0.845556
1379,0.845938
1380,0.845903
1381,0.846372
1382,0.845885
1383,0.846007
1384,0.846302
1385,0.846562
1386,0.846424
1387,0.84625
1388,0.846806
1389,0.846806
1390,0.846267
1391,0.84658
1392,0.8475
1393,0.846858
1394,0.847257
1395,0.847031
1396,0.847153
1397,0.846736
1398,0.847535
1399,0.846944
1400,0.847986
1401,0.846927
1402,0.846632
1403,0.847222
1404,0.847951
1405,0.848125
1406,0.848524
1407,0.848767
1408,0.848924
1409,0.849375
1410,0.849722
1411,0.849774
1412,0.849844
1413,0.849896
1414,0.850017
1415,0.849844
1416,0.850087
1417,0.850122
1418,0.850139
1419,0.850503
1420,0.850451
1421,0.850694
1422,0.85
1423,0.850538
1424,0.851267
1425,0.851076
1426,0.850799
1427,0.851007
1428,0.8525
1429,0.852431
1430,0.851753
1431,0.849844
1432,0.849201
1433,0.850226
1434,0.84941
1435,0.849653
1436,0.851458
1437,0.851944
1438,0.850764
1439,0.851163
1440,0.851198
1441,0.852083
1442,0.851285
1443,0.851823
1444,0.85224
1445,0.853628
1446,0.853785
1447,0.856615
1448,0.855469
1449,0.856406
1450,0.856892
1451,0.855816
1452,0.85658
1453,0.85559
1454,0.856094
1455,0.855851
1456,0.856389
1457,0.854722
1458,0.856528
1459,0.85566
1460,0.85684
1461,0.858819
1462,0.856719
1463,0.856285
1464,0.855191
1465,0.857656
1466,0.858681
1467,0.858681
1468,0.858906
1469,0.859948
1470,0.858507
1471,0.861389
1472,0.86099
1473,0.86033
1474,0.862483
1475,0.860764
1476,0.862639
1477,0.862049
1478,0.86434
1479,0.863194
1480,0.86125
1481,0.860903
1482,0.865382
1483,0.867031
1484,0.866163
1485,0.867743
1486,0.865764
1487,0.867118
1488,0.867014
1489,0.866007
1490,0.867812
1491,0.871181
1492,0.873576
1493,0.874358
1494,0.876024
1495,0.878351
1496,0.878437
1497,0.880122
1498,0.878802
1499,0.876858
1500,0.876753
1501,0.873611
1502,0.872639
1503,0.869809
1504,0.867899
1505,0.868524
1506,0.867153
1507,0.867517
1508,0.866441
1509,0.866163
1510,0.86717
1511,0.870313
1512,0.86941
1513,0.871181
1514,0.870677
1515,0.873767
1516,0.873281
1517,0.873646
1518,0.873976
1519,0.873785
1520,0.875278
1521,0.873958
1522,0.871319
1523,0.870122
1524,0.871632
1525,0.872865
1526,0.87434
1527,0.875868
1528,0.87684
1529,0.878229
1530,0.87724
1531,0.87717
1532,0.877483
1533,0.879184
1534,0.879132
1535,0.879931
1536,0.878229
1537,0.878038
1538,0.875035
1539,0.875069
1540,0.872812
1541,0.874288
1542,0.872778
1543,0.873507
1544,0.874479
1545,0.87309
1546,0.875017
1547,0.876354
1548,0.874201
1549,0.875781
1550,0.87474
1551,0.874531
1552,0.873819
1553,0.875347
1554,0.875955
1555,0.881354
1556,0.879271
1557,0.880122
1558,0.88224
1559,0.882743
1560,0.882882
1561,0.88184
1562,0.87875
1563,0.879549
1564,0.874271
1565,0.874444
1566,0.874566
1567,0.872552
1568,0.874271
1569,0.874306
1570,0.877274
1571,0.87691
1572,0.876701
1573,0.878264
1574,0.878437
1575,0.876597
1576,0.879167
1577,0.878767
1578,0.876788
1579,0.875451
1580,0.88099
1581,0.87934
1582,0.879844
1583,0.880816
1584,0.883976
1585,0.885
1586,0.885538
1587,0.885017
1588,0.883785
1589,0.884965
1590,0.882483
1591,0.882969
1592,0.880799
1593,0.878802
1594,0.874497
1595,0.872569
1596,0.868628
1597,0.868264
1598,0.86526
1599,0.860729
1600,0.860226
1601,0.857326
1602,0.858194
1603,0.856337
1604,0.859809
1605,0.857795
1606,0.85875
1607,0.863056
1608,0.858437
1609,0.859358
1610,0.857552
1611,0.863385
1612,0.862292
1613,0.861372
1614,0.868108
1615,0.867153
1616,0.868073
1617,0.86625
1618,0.865729
1619,0.866476
1620,0.863941
1621,0.860538
1622,0.858767
1623,0.864705
1624,0.866458
1625,0.867188
1626,0.865903
1627,0.864948
1628,0.866649
1629,0.86658
1630,0.864375
1631,0.864479
1632,0.864167
1633,0.863559
1634,0.861823
1635,0.860521
1636,0.859444
1637,0.862552
1638,0.864826
1639,0.865313
1640,0.867483
1641,0.865486
1642,0.868628
1643,0.864844
1644,0.867448
1645,0.865799
1646,0.865712
1647,0.866493
1648,0.864236
1649,0.864132
1650,0.857257
1651,0.862708
1652,0.85967
1653,0.858941
1654,0.855122
1655,0.855278
1656,0.854948
1657,0.851406
1658,0.849601
1659,0.846806
1660,0.847431
1661,0.850208
1662,0.854288
1663,0.856753
1664,0.85599
1665,0.852865
1666,0.854913
1667,0.854653
1668,0.856181
1669,0.855451
1670,0.858177
1671,0.86066
1672,0.858594
1673,0.862344
1674,0.863663
1675,0.861476
1676,0.862309
1677,0.857014
1678,0.855521
1679,0.85592
1680,0.853003
1681,0.848403
1682,0.847031
1683,0.841424
1684,0.839167
1685,0.83691
1686,0.829618
1687,0.834861
1688,0.834444
1689,0.837135
1690,0.83658
1691,0.838142
1692,0.840243
1693,0.842222
1694,0.844844
1695,0.841024
1696,0.838906
1697,0.836406
1698,0.83934
1699,0.838733
1700,0.833576
1701,0.830799
1702,0.829618
1703,0.828281
1704,0.828976
1705,0.829722
1706,0.833316
1707,0.836753
1708,0.840556
1709,0.842847
1710,0.844045
1711,0.845295
1712,0.843229
1713,0.844444
1714,0.839306
1715,0.838958
1716,0.836198
1717,0.832552
1718,0.833941
1719,0.833299
1720,0.833941
1721,0.834965
1722,0.833924
1723,0.836233
1724,0.836042
1725,0.84092
1726,0.84658
1727,0.84809
1728,0.850625
1729,0.854115
1730,0.85592
1731,0.855104
1732,0.849132
1733,0.843889
1734,0.830087
1735,0.82217
1736,0.795972
1737,0.79816
1738,0.796389
1739,0.79217
1740,0.78651
1741,0.777066
1742,0.777344
1743,0.774531
1744,0.758924
1745,0.756875
1746,0.758264
1747,0.763819
1748,0.713576
1749,0.712205
1750,0.713802
1751,0.712691
1752,0.710104
1753,0.664531
1754,0.659479
1755,0.652396
1756,0.643854
1757,0.642587
1758,0.639809
1759,0.632674
1760,0.628906
1761,0.617847
1762,0.610469
1763,0.607066
1764,0.594896
1765,0.589427
1766,0.586146
1767,0.60066
1768,0.606875
1769,0.61184
1770,0.620712
1771,0.628924
1772,0.641233
1773,0.652188
1774,0.65684
1775,0.660538
1776,0.677969
1777,0.684774
1778,0.692552
1779,0.696823
1780,0.701597
1781,0.704375
1782,0.700937
1783,0.696076
1784,0.693889
1785,0.683733
1786,0.68158
1787,0.683819
1788,0.685122
1789,0.680608
1790,0.674878
1791,0.666667
1792,0.659184
1793,0.657465
1794,0.647031
1795,0.639809
1796,0.632986
1797,0.628733
1798,0.621615
1799,0.621962
1800,0.6175
1801,0.619028
1802,0.619184
1803,0.619635
1804,0.624583
1805,0.625052
1806,0.626319
1807,0.628785
1808,0.631615
1809,0.629323
1810,0.629323
1811,0.615486
1812,0.620764
1813,0.619323
1814,0.619288
1815,0.621128
1816,0.618889
1817,0.618229
1818,0.614184
1819,0.605747
1820,0.601944
1821,0.597847
1822,0.587569
1823,0.583333
1824,0.581962
1825,0.576701
1826,0.573316
1827,0.564149
1828,0.553802
1829,0.549826
1830,0.543021
1831,0.541649
1832,0.541319
1833,0.538385
1834,0.532448
1835,0.527049
1836,0.508715
1837,0.51592
1838,0.517691
1839,0.521667
1840,0.52625
1841,0.525191
1842,0.526771
1843,0.526823
1844,0.525486
1845,0.527049
1846,0.531146
1847,0.529618
1848,0.534687
1849,0.53717
1850,0.53842
1851,0.538767
1852,0.537361
1853,0.536024
1854,0.530937
1855,0.52092
1856,0.516997
1857,0.50658
1858,0.504774
1859,0.500781
1860,0.492344
1861,0.486667
1862,0.486476
1863,0.484809
1864,0.480538
1865,0.476771
1866,0.463698
1867,0.455399
1868,0.451615
1869,0.446094
1870,0.444306
1871,0.443073
1872,0.448941
1873,0.453351
1874,0.457865
1875,0.464427
1876,0.473576
1877,0.474965
1878,0.485503
1879,0.495226
1880,0.496111
1881,0.50059
1882,0.511319
1883,0.500417
1884,0.489497
1885,0.488628
1886,0.481736
1887,0.488819
1888,0.492413
1889,0.497795
1890,0.505747
1891,0.513767
1892,0.514514
1893,0.525833
1894,0.53684
1895,0.541944
1896,0.541094
1897,0.535208
1898,0.521875
1899,0.519514
1900,0.523125
1901,0.525139
1902,0.542274
1903,0.554063
1904,0.562552
1905,0.579931
1906,0.613229
1907,0.627465
1908,0.649931
1909,0.668003
1910,0.677847
1911,0.682431
1912,0.690503
1913,0.695538
1914,0.705417
1915,0.713403
1916,0.71526
1917,0.725451
1918,0.738767
1919,0.740382
1920,0.745052
1921,0.750521
1922,0.750347
1923,0.750069
1924,0.751094
1925,0.717014
1926,0.70599
1927,0.693872
1928,0.686319
1929,0.669236
1930,0.649236
1931,0.641042
1932,0.620938
1933,0.541684
1934,0.527587
1935,0.507587
1936,0.470243
1937,0.466719
1938,0.45375
1939,0.440365
1940,0.428889
1941,0.419028
1942,0.415642
1943,0.423281
1944,0.419653
1945,0.414913
1946,0.411962
1947,0.399132
1948,0.388177
1949,0.386736
1950,0.37592
1951,0.370365
1952,0.366493
1953,0.359583
1954,0.354531
1955,0.356615
1956,0.352552
1957,0.345208
1958,0.341233
1959,0.334062
1960,0.329948
1961,0.330417
1962,0.326823
1963,0.323872
1964,0.322465
1965,0.316285
1966,0.312066
1967,0.310642
1968,0.304392
1969,0.299896
1970,0.295851
1971,0.287813
1972,0.276476
1973,0.270069
1974,0.251545
1975,0.239965
1976,0.234271
1977,0.225694
1978,0.219236
1979,0.216042
1980,0.211615
1981,0.206823
1982,0.203715
1983,0.19967
1984,0.196788
1985,0.193559
1986,0.172135
1987,0.170434
1988,0.171181
1989,0.169896
1990,0.170365
1991,0.169983
1992,0.17
1993,0.169774
1994,0.169705
1995,0.169132
1996,0.169774
1997,0.168524
1998,0.165972
1999,0.165573
2000,0.163958
2001,0.162969
2002,0.168229
2003,0.172882
2004,0.179306
2005,0.190851
2006,0.19974
2007,0.21066
2008,0.224375
2009,0.232813
2010,0.25276
2011,0.265972
2012,0.271024
2013,0.306007
2014,0.325347
2015,0.355503
2016,0.381736
2017,0.402274
2018,0.428611
2019,0.456528
2020,0.468767
2021,0.471424
2022,0.48474
2023,0.499705
2024,0.512569
2025,0.542743
2026,0.575035
2027,0.591788
2028,0.622535
2029,0.65191
2030,0.661111
2031,0.683681
2032,0.683819
2033,0.681788
2034,0.681597
2035,0.678628
2036,0.688264
2037,0.698559
2038,0.683056
2039,0.690764
2040,0.695312
2041,0.697222
2042,0.657188
2043,0.639983
2044,0.576007
2045,0.55901
2046,0.528333
2047,0.505521
2048,0.49276
2049,0.473993
2050,0.451302
2051,0.440937
2052,0.427726
2053,0.407187
2054,0.401493
2055,0.382882
2056,0.37309
2057,0.364497
2058,0.347639
2059,0.332344
2060,0.324253
2061,0.295556
2062,0.285833
2063,0.280069
2064,0.278767
2065,0.27533
2066,0.27316
2067,0.268576
2068,0.267535
2069,0.268437
2070,0.26908
2071,0.269913
2072,0.269705
2073,0.270069
2074,0.264983
2075,0.262865
2076,0.257674
2077,0.246181
2078,0.242431
2079,0.225139
2080,0.21309
2081,0.20783
2082,0.195469
2083,0.185712
2084,0.181319
2085,0.176389
2086,0.164549
2087,0.164323
2088,0.165295
2089,0.164896
2090,0.164479
2091,0.16441
2092,0.164306
2093,0.164479
2094,0.163924
2095,0.164444
2096,0.164792
2097,0.165208
2098,0.165122
2099,0.165122
2100,0.166458
2101,0.169896
2102,0.172708
2103,0.177604
2104,0.183073
2105,0.187361
2106,0.194375
2107,0.202309
2108,0.206198
2109,0.216302
2110,0.231476
2111,0.238628
2112,0.26217
2113,0.288281
2114,0.294826
2115,0.33684
2116,0.356858
2117,0.387014
2118,0.427639
2119,0.481354
2120,0.499479
2121,0.540556
2122,0.565503
2123,0.611337
2124,0.657118
2125,0.679375
2126,0.698941
2127,0.732604
2128,0.776528
2129,0.794896
2130,0.809931
2131,0.825434
2132,0.836493
2133,0.84842
2134,0.855747
2135,0.859392
2136,0.886563
2137,0.889931
2138,0.891024
2139,0.892135
2140,0.892361
2141,0.892882
2142,0.890017
2143,0.888767
2144,0.884722
2145,0.884427
2146,0.883576
2147,0.884479
2148,0.884635
2149,0.890017
2150,0.890139
2151,0.886563
2152,0.85934
2153,0.856111
2154,0.81349
2155,0.782292
2156,0.77526
2157,0.736181
2158,0.710122
2159,0.702187
2160,0.688194
2161,0.641875
2162,0.64474
2163,0.645816
2164,0.64658
2165,0.646563
2166,0.648698
2167,0.647257
2168,0.645538
2169,0.643177
2170,0.642465
2171,0.64026
2172,0.633924
2173,0.633229
2174,0.631337
2175,0.628368
2176,0.582049
2177,0.568681
2178,0.547257
2179,0.519514
2180,0.481493
2181,0.440937
2182,0.413663
2183,0.403906
2184,0.388611
2185,0.358368
2186,0.313247
2187,0.304965
2188,0.298576
2189,0.297135
2190,0.287205
2191,0.276094
2192,0.272465
2193,0.264549
2194,0.255035
2195,0.250417
2196,0.24276
2197,0.232986
2198,0.230451
2199,0.224601
2200,0.217674
2201,0.21375
2202,0.204844
2203,0.200017
2204,0.197014
2205,0.193472
2206,0.192257
2207,0.191128
2208,0.190156
2209,0.187101
2210,0.185677
2211,0.174722
2212,0.169809
2213,0.168681
2214,0.165642
2215,0.164167
2216,0.162483
2217,0.161354
2218,0.159201
2219,0.159514
2220,0.159583
2221,0.159444
2222,0.15974
2223,0.159427
2224,0.158038
2225,0.15908
2226,0.159062
2227,0.158976
2228,0.158646
2229,0.159375
2230,0.158368
2231,0.158507
2232,0.159253
2233,0.159462
2234,0.159427
2235,0.159861
2236,0.158767
2237,0.158125
2238,0.159844
2239,0.159705
2240,0.160295
2241,0.161806
2242,0.160833
2243,0.160521
2244,0.159826
2245,0.161163
2246,0.162049
2247,0.162743
2248,0.162986
2249,0.16184
2250,0.161719
2251,0.162674
2252,0.16217
2253,0.163611
2254,0.163628
2255,0.163802
2256,0.162726
2257,0.162517
2258,0.163368
2259,0.164236
2260,0.164271
2261,0.164253
2262,0.16309
2263,0.164861
2264,0.165226
2265,0.16592
2266,0.167153
2267,0.167587
2268,0.171181
2269,0.179809
2270,0.182917
2271,0.192865
2272,0.201319
2273,0.206198
2274,0.215295
2275,0.225938
2276,0.231215
2277,0.244514
2278,0.255573
2279,0.260139
2280,0.270087
2281,0.277187
2282,0.280278
2283,0.286753
2284,0.291042
2285,0.292778
2286,0.28941
2287,0.294497
2288,0.296962
2289,0.300868
2290,0.300434
2291,0.300312
2292,0.299462
2293,0.296997
2294,0.292031
2295,0.285156
2296,0.277569
2297,0.27691
2298,0.269878
2299,0.264497
2300,0.266181
2301,0.270174
2302,0.273698
2303,0.275747
2304,0.277691
2305,0.283472
2306,0.28658
2307,0.285764
2308,0.286042
2309,0.285174
2310,0.281684
2311,0.275278
2312,0.275903
2313,0.272813
2314,0.271424
2315,0.273715
2316,0.269149
2317,0.266441
2318,0.26724
2319,0.266632
2320,0.265191
2321,0.263889
2322,0.26125
2323,0.254601
2324,0.252031
2325,0.249323
2326,0.247622
2327,0.245799
2328,0.237969
2329,0.234271
2330,0.230781
2331,0.223733
2332,0.21691
2333,0.213142
2334,0.204705
2335,0.198559
2336,0.192413
2337,0.187326
2338,0.183854
2339,0.180972
2340,0.178854
2341,0.179792
2342,0.178941
2343,0.175851
2344,0.175382
2345,0.175069
2346,0.17375
2347,0.172969
2348,0.171076
2349,0.170885
2350,0.17283
2351,0.175503
2352,0.179167
2353,0.185104
2354,0.189757
2355,0.193941
2356,0.198142
2357,0.200208
2358,0.202292
2359,0.202865
2360,0.20283
2361,0.192708
2362,0.188403
2363,0.184323
2364,0.180642
2365,0.180295
2366,0.175764
2367,0.175104
2368,0.173021
2369,0.172552
2370,0.171528
2371,0.167917
2372,0.167118
2373,0.163594
2374,0.162691
2375,0.163212
2376,0.162465
2377,0.162865
2378,0.161927
2379,0.159809
2380,0.158993
2381,0.158785
2382,0.158785
2383,0.159201
2384,0.161528
2385,0.171563
2386,0.178837
2387,0.185573
2388,0.198524
2389,0.221493
2390,0.231076
2391,0.249306
2392,0.282587
2393,0.294774
2394,0.315486
2395,0.359861
2396,0.369965
2397,0.392153
2398,0.411476
2399,0.419931
2400,0.42684
2401,0.43316
2402,0.435694
2403,0.438264
2404,0.434965
2405,0.432188
2406,0.433021
2407,0.431476
2408,0.431788
2409,0.428889
2410,0.384653
2411,0.35684
2412,0.35375
2413,0.35526
2414,0.337639
2415,0.311545
2416,0.300868
2417,0.292361
2418,0.288507
2419,0.264844
2420,0.256319
2421,0.245156
2422,0.228437
2423,0.220851
2424,0.210608
2425,0.199167
2426,0.193854
2427,0.186042
2428,0.178177
2429,0.173663
2430,0.166788
2431,0.161528
2432,0.159566
2433,0.155399
2434,0.161632
2435,0.165399
2436,0.173351
2437,0.186528
2438,0.192066
2439,0.204931
2440,0.215104
2441,0.220503
2442,0.229844
2443,0.235122
2444,0.237899
2445,0.239028
2446,0.236476
2447,0.234653
2448,0.228125
2449,0.22184
2450,0.21967
2451,0.212118
2452,0.201597
2453,0.19592
2454,0.184167
2455,0.181337
2456,0.182743
2457,0.183264
2458,0.189271
2459,0.19059
2460,0.192917
2461,0.190677
2462,0.193385
2463,0.191997
2464,0.18717
2465,0.186562
2466,0.18375
2467,0.181597
2468,0.181736
2469,0.181649
2470,0.181788
2471,0.180434
2472,0.17559
2473,0.170694
2474,0.168976
2475,0.166684
2476,0.16375
2477,0.162951
2478,0.164115
2479,0.16724
2480,0.169531
2481,0.173889
2482,0.180104
2483,0.184601
2484,0.189045
2485,0.189497
2486,0.188472
2487,0.189444
2488,0.182778
2489,0.180729
2490,0.176233
2491,0.175365
2492,0.174531
2493,0.174809
2494,0.17408
2495,0.173733
2496,0.172049
2497,0.169497
2498,0.168681
2499,0.166389
2500,0.165174
2501,0.164462
2502,0.163125
2503,0.163576
2504,0.164878
2505,0.164878
2506,0.164375
2507,0.164583
2508,0.16526
2509,0.169306
2510,0.173264
2511,0.177778
2512,0.186562
2513,0.19217
2514,0.207396
2515,0.222274
2516,0.22875
2517,0.240382
2518,0.250903
2519,0.255451
2520,0.270451
2521,0.281701
2522,0.285972
2523,0.309983
2524,0.322882
2525,0.326632
2526,0.336927
2527,0.346684
2528,0.350399
2529,0.352934
2530,0.351493
2531,0.353872
2532,0.350868
2533,0.348906
2534,0.34658
2535,0.338021
2536,0.328472
2537,0.32651
2538,0.323663
2539,0.315538
2540,0.311476
2541,0.298281
2542,0.288142
2543,0.283663
2544,0.273715
2545,0.270208
2546,0.259236
2547,0.239687
2548,0.232552
2549,0.231719
2550,0.229531
2551,0.230503
2552,0.231319
2553,0.231476
2554,0.230434
2555,0.230694
2556,0.232674
2557,0.227465
2558,0.224531
2559,0.217188
2560,0.209063
2561,0.191198
2562,0.185087
2563,0.176875
2564,0.173906
2565,0.167274
2566,0.161372
2567,0.159392
2568,0.155347
2569,0.150139
2570,0.147951
2571,0.144809
2572,0.142899
2573,0.141979
2574,0.140747
2575,0.140347
2576,0.140365
2577,0.140278
2578,0.140191
2579,0.140278
2580,0.140278
2581,0.14033
2582,0.140451
2583,0.140365
2584,0.140625
2585,0.140712
2586,0.13934
2587,0.139271
2588,0.139531
2589,0.139583
2590,0.139583
2591,0.139653
2592,0.139861
2593,0.139861
2594,0.139601
2595,0.139809
2596,0.13974
2597,0.139861
2598,0.140226
2599,0.139896
2600,0.14
2601,0.139618
2602,0.139653
2603,0.139861
2604,0.139913
2605,0.140087
2606,0.140104
2607,0.140226
2608,0.14033
2609,0.14033
2610,0.140347
2611,0.140087
2612,0.139861
2613,0.140122
2614,0.140313
2615,0.140226
2616,0.14033
2617,0.139983
2618,0.139983
2619,0.139687
2620,0.139774
2621,0.139948
2622,0.140226
2623,0.140069
2624,0.140104
2625,0.140937
2626,0.148212
2627,0.152795
2628,0.162795
2629,0.173003
2630,0.17783
2631,0.188785
2632,0.198594
2633,0.2025
2634,0.21
2635,0.212743
2636,0.213542
2637,0.216076
2638,0.217049
2639,0.219965
2640,0.224097
2641,0.237569
2642,0.242413
2643,0.257726
2644,0.269844
2645,0.280399
2646,0.305747
2647,0.328403
2648,0.33434
2649,0.357517
2650,0.369792
2651,0.376545
2652,0.413733
2653,0.434844
2654,0.442135
2655,0.454913
2656,0.471719
2657,0.481267
2658,0.499844
2659,0.507604
2660,0.505191
2661,0.513368
2662,0.517813
2663,0.524601
2664,0.51967
2665,0.513611
2666,0.510347
2667,0.506458
2668,0.500694
2669,0.498194
2670,0.4925
2671,0.494358
2672,0.494566
2673,0.479757
2674,0.473281
2675,0.480035
2676,0.459722
2677,0.447917
2678,0.442656
2679,0.436181
2680,0.43184
2681,0.414045
2682,0.401858
2683,0.394323
2684,0.390139
2685,0.387604
2686,0.357101
2687,0.357899
2688,0.362951
2689,0.36217
2690,0.369149
2691,0.370712
2692,0.375399
2693,0.376476
2694,0.379115
2695,0.38342
2696,0.38158
2697,0.373993
2698,0.366372
2699,0.362465
2700,0.350816
2701,0.342882
2702,0.33691
2703,0.325382
2704,0.316597
2705,0.312292
2706,0.302187
2707,0.292448
2708,0.287101
2709,0.279028
2710,0.276059
2711,0.267118
2712,0.268194
2713,0.269288
2714,0.269774
2715,0.269618
2716,0.270208
2717,0.269253
2718,0.269323
2719,0.268976
2720,0.265521
2721,0.260035
2722,0.256042
2723,0.25184
2724,0.247569
2725,0.245139
2726,0.243611
2727,0.241476
2728,0.240052
2729,0.240503
2730,0.243802
2731,0.246892
2732,0.249097
2733,0.254462
2734,0.259583
2735,0.255069
2736,0.24441
2737,0.250538
2738,0.253403
2739,0.257448
2740,0.263437
2741,0.264965
2742,0.269531
2743,0.271337
2744,0.272847
2745,0.275035
2746,0.273125
2747,0.274132
2748,0.273333
2749,0.276372
2750,0.276007
2751,0.276667
2752,0.277326
2753,0.278403
2754,0.273924
2755,0.274983
2756,0.276302
2757,0.275399
2758,0.273872
2759,0.275677
2760,0.273056
2761,0.268385
2762,0.268715
2763,0.267847
2764,0.268281
2765,0.267396
2766,0.265712
2767,0.2675
2768,0.266128
2769,0.266076
2770,0.265069
2771,0.265573
2772,0.264705
2773,0.266042
2774,0.265035
2775,0.262778
2776,0.262326
2777,0.261424
2778,0.259635
2779,0.259392
2780,0.258767
2781,0.258993
2782,0.258003
2783,0.256719
2784,0.254722
2785,0.254948
2786,0.251319
2787,0.250365
2788,0.249323
2789,0.248698
2790,0.247396
2791,0.24651
2792,0.247292
2793,0.245069
2794,0.244531
2795,0.245556
2796,0.243333
2797,0.244462
2798,0.24191
2799,0.241771
2800,0.241823
2801,0.241233
2802,0.239063
2803,0.238559
2804,0.237431
2805,0.23816
2806,0.238194
2807,0.239097
2808,0.238941
2809,0.239878
2810,0.240069
2811,0.237865
2812,0.237066
2813,0.23783
2814,0.238021
2815,0.238646
2816,0.23908
2817,0.239028
2818,0.239479
2819,0.238924
2820,0.238611
2821,0.23849
2822,0.238333
2823,0.238437
2824,0.238021
2825,0.23842
2826,0.238316
2827,0.237726
2828,0.23783
2829,0.237604
2830,0.236563
2831,0.236875
2832,0.236267
2833,0.236059
2834,0.236354
2835,0.236302
2836,0.236406
2837,0.23625
2838,0.236719
2839,0.23658
2840,0.237153
2841,0.237187
2842,0.237448
2843,0.237726
2844,0.23724
2845,0.237639
2846,0.237604
2847,0.237205
2848,0.237031
2849,0.2375
2850,0.237187
2851,0.237604
2852,0.237726
2853,0.238264
2854,0.237813
2855,0.237552
2856,0.237604
2857,0.236719
2858,0.23724
2859,0.237639
2860,0.237378
2861,0.235469
2862,0.236076
2863,0.236181
2864,0.236372
2865,0.236892
2866,0.237691
2867,0.238021
2868,0.238819
2869,0.239028
2870,0.239132
2871,0.239271
2872,0.239358
2873,0.23941
2874,0.239375
2875,0.238941
2876,0.238507
2877,0.237396
2878,0.237083
2879,0.237101
2880,0.239444
2881,0.244392
2882,0.247135
2883,0.252795
2884,0.257066
2885,0.258177
2886,0.263628
2887,0.265573
2888,0.265469
2889,0.266545
2890,0.266736
2891,0.26691
2892,0.266493
2893,0.266493
2894,0.265382
2895,0.261719
2896,0.26092
2897,0.261979
2898,0.260851
2899,0.258559
2900,0.257986
2901,0.25684
2902,0.256128
2903,0.255538
2904,0.254601
2905,0.253854
2906,0.253924
2907,0.253455
2908,0.253906
2909,0.254288
2910,0.254913
2911,0.251719
2912,0.251823
2913,0.25125
2914,0.251858
2915,0.251927
2916,0.251476
2917,0.251701
2918,0.250885
2919,0.250243
2920,0.250278
2921,0.250399
2922,0.251094
2923,0.251771
2924,0.25125
2925,0.251823
2926,0.251563
2927,0.251059
2928,0.250764
2929,0.251701
2930,0.252656
2931,0.254566
2932,0.255122
2933,0.256111
2934,0.255625
2935,0.255
2936,0.252431
2937,0.251649
2938,0.251285
2939,0.250885
2940,0.252118
2941,0.252674
2942,0.253177
2943,0.252951
2944,0.253889
2945,0.253993
2946,0.255122
2947,0.258663
2948,0.259983
2949,0.263437
2950,0.268385
2951,0.270295
2952,0.275868
2953,0.279774
2954,0.280677
2955,0.288802
2956,0.296007
2957,0.298333
2958,0.319653
2959,0.331597
2960,0.356858
2961,0.408993
2962,0.41559
2963,0.41974
2964,0.449358
2965,0.47
2966,0.479201
2967,0.491493
2968,0.541962
2969,0.555903
2970,0.568993
2971,0.585208
2972,0.595868
2973,0.61816
2974,0.648194
2975,0.660243
2976,0.672049
2977,0.681441
2978,0.685868
2979,0.693403
2980,0.696719
2981,0.698177
2982,0.70934
2983,0.738594
2984,0.750799
2985,0.757726
2986,0.804965
2987,0.806458
2988,0.808073
2989,0.809809
2990,0.816267
2991,0.829236
2992,0.83559
2993,0.84217
2994,0.84401
2995,0.846701
2996,0.847743
2997,0.846146
2998,0.855521
2999,0.858316
3000,0.861337
3001,0.862448
3002,0.864184
3003,0.866181
3004,0.867847
3005,0.869497
3006,0.870938
3007,0.871597
3008,0.873142
3009,0.872743
3010,0.868906
3011,0.878507
3012,0.875017
3013,0.873681
3014,0.872396
3015,0.871007
3016,0.87191
3017,0.873003
3018,0.873507
3019,0.873038
3020,0.874184
3021,0.873715
3022,0.874583
3023,0.875
3024,0.873125
3025,0.87658
3026,0.875451
3027,0.877483
3028,0.878767
3029,0.879896
3030,0.879583
3031,0.880538
3032,0.87908
3033,0.881771
3034,0.880122
3035,0.880243
3036,0.888472
3037,0.890139
3038,0.889201
3039,0.889722
3040,0.890538
3041,0.889531
3042,0.890156
3043,0.889045
3044,0.888177
3045,0.88901
3046,0.887986
3047,0.888437
3048,0.889792
3049,0.888542
3050,0.887708
3051,0.887569
3052,0.887031
3053,0.885694
3054,0.886753
3055,0.886389
3056,0.887986
3057,0.88776
3058,0.887083
3059,0.88566
3060,0.885243
3061,0.88908
3062,0.889705
3063,0.888698
3064,0.887639
3065,0.888333
3066,0.885087
3067,0.883524
3068,0.879878
3069,0.879444
3070,0.879497
3071,0.878837
3072,0.877622
3073,0.876424
3074,0.875781
3075,0.874618
3076,0.874705
3077,0.874514
3078,0.87316
3079,0.872378
3080,0.871736
3081,0.871962
3082,0.871389
3083,0.870868
3084,0.871823
3085,0.871632
3086,0.875139
3087,0.874653
3088,0.874462
3089,0.873698
3090,0.870816
3091,0.873576
3092,0.874809
3093,0.872604
3094,0.873194
3095,0.873108
3096,0.872865
3097,0.873385
3098,0.873628
3099,0.871875
3100,0.87184
3101,0.872135
3102,0.872344
3103,0.872969
3104,0.872882
3105,0.872812
3106,0.87401
3107,0.872344
3108,0.872344
3109,0.871441
3110,0.87191
3111,0.872413
3112,0.872708
3113,0.870313
3114,0.871719
3115,0.871215
3116,0.869583
3117,0.870017
3118,0.870191
3119,0.87059
3120,0.869757
3121,0.86901
3122,0.869236
3123,0.867049
3124,0.867674
3125,0.867812
3126,0.86691
3127,0.868628
3128,0.868941
3129,0.869306
3130,0.870156
3131,0.87026
3132,0.869271
3133,0.870365
3134,0.870122
3135,0.869844
3136,0.869601
3137,0.868021
3138,0.867135
3139,0.866285
3140,0.865087
3141,0.865156
3142,0.865382
3143,0.865174
3144,0.863941
3145,0.863003
3146,0.862361
3147,0.86316
3148,0.862187
3149,0.861667
3150,0.861458
3151,0.860486
3152,0.859635
3153,0.859062
3154,0.858681
3155,0.859132
3156,0.85842
3157,0.858021
3158,0.858472
3159,0.857049
3160,0.857135
3161,0.858299
3162,0.857465
3163,0.858194
3164,0.857986
3165,0.858108
3166,0.858264
3167,0.85849
3168,0.858576
3169,0.858281
3170,0.85908
3171,0.857708
3172,0.858698
3173,0.858906
3174,0.857344
3175,0.857899
3176,0.858212
3177,0.856684
3178,0.857535
3179,0.857604
3180,0.857708
3181,0.857865
3182,0.857726
3183,0.856198
3184,0.855226
3185,0.855521
3186,0.854132
3187,0.854965
3188,0.854688
3189,0.854375
3190,0.854253
3191,0.853715
3192,0.852569
3193,0.852639
3194,0.851649
3195,0.850833
3196,0.851128
3197,0.851007
3198,0.850156
3199,0.850503
3200,0.85026
3201,0.848247
3202,0.84974
3203,0.849514
3204,0.849566
3205,0.84941
3206,0.848681
3207,0.849149
3208,0.849097
3209,0.849253
3210,0.848628
3211,0.849323
3212,0.848889
3213,0.849375
3214,0.848785
3215,0.849167
3216,0.848854
3217,0.848368
3218,0.848316
3219,0.847778
3220,0.847934
3221,0.84783
3222,0.848212
3223,0.848351
3224,0.847934
3225,0.84783
3226,0.847587
3227,0.847639
3228,0.847153
3229,0.846823
3230,0.847257
3231,0.8475
3232,0.847066
3233,0.846528
3234,0.846163
3235,0.845885
3236,0.846875
3237,0.846285
3238,0.847083
3239,0.846337
3240,0.846007
3241,0.845868
3242,0.845451
3243,0.84566
3244,0.844861
3245,0.844635
3246,0.844549
3247,0.844115
3248,0.844132
3249,0.844479
3250,0.844757
3251,0.844635
3252,0.844809
3253,0.845208
3254,0.845174
3255,0.84533
3256,0.845434
3257,0.845295
3258,0.845382
3259,0.845035
3260,0.845017
3261,0.846962
3262,0.846597
3263,0.846337
3264,0.846771
3265,0.846806
3266,0.846337
3267,0.846649
3268,0.846528
3269,0.846302
3270,0.846163
3271,0.845781
3272,0.845451
3273,0.84526
3274,0.845174
3275,0.845191
3276,0.845503
3277,0.846094
3278,0.845972
3279,0.846545
3280,0.846632
3281,0.846944
3282,0.847934
3283,0.847934
3284,0.848125
3285,0.848177
3286,0.851337
3287,0.851128
3288,0.850868
3289,0.851528
3290,0.850625
3291,0.850677
3292,0.850729
3293,0.850156
3294,0.849705
3295,0.849809
3296,0.849705
3297,0.849983
3298,0.849618
3299,0.849653
3300,0.849253
3301,0.84934
3302,0.849253
3303,0.849167
3304,0.84908
3305,0.849201
3306,0.849149
3307,0.848594
3308,0.848681
3309,0.848576
3310,0.848594
3311,0.850122
3312,0.849809
3313,0.848229
3314,0.847899
3315,0.848524
3316,0.848663
3317,0.849184
3318,0.849531
3319,0.849878
3320,0.849983
3321,0.849774
3322,0.849306
3323,0.84941
3324,0.849375
3325,0.849392
3326,0.850469
3327,0.850764
3328,0.851059
3329,0.85125
3330,0.851823
3331,0.851562
3332,0.851476
3333,0.851493
3334,0.851753
3335,0.851944
3336,0.852309
3337,0.852257
3338,0.852205
3339,0.852031
3340,0.851962
3341,0.852205
3342,0.852639
3343,0.85276
3344,0.852135
3345,0.851979
3346,0.850729
3347,0.850868
3348,0.850764
3349,0.850174
3350,0.849878
3351,0.85
3352,0.850347
3353,0.850451
3354,0.85092
3355,0.851424
3356,0.851597
3357,0.851337
3358,0.851632
3359,0.85151
3360,0.851892
3361,0.853681
3362,0.853212
3363,0.853351
3364,0.853316
3365,0.853698
3366,0.853958
3367,0.85375
3368,0.85408
3369,0.854132
3370,0.853767
3371,0.853403
3372,0.853941
3373,0.85408
3374,0.85408
3375,0.853889
3376,0.853507
3377,0.85316
3378,0.853177
3379,0.853247
3380,0.853333
3381,0.853194
3382,0.853455
3383,0.853507
3384,0.853819
3385,0.854097
3386,0.853177
3387,0.853437
3388,0.853333
3389,0.853316
3390,0.853472
3391,0.853559
3392,0.853264
3393,0.853299
3394,0.853351
3395,0.852396
3396,0.852205
3397,0.852066
3398,0.851979
3399,0.852292
3400,0.852135
3401,0.852187
3402,0.852361
3403,0.852222
3404,0.85191
3405,0.851944
3406,0.852205
3407,0.851771
3408,0.851979
3409,0.851927
3410,0.85191
3411,0.854722
3412,0.854913
3413,0.854809
3414,0.854618
3415,0.854514
3416,0.854115
3417,0.854323
3418,0.854184
3419,0.854236
3420,0.854288
3421,0.854097
3422,0.854375
3423,0.85408
3424,0.853976
3425,0.854062
3426,0.853663
3427,0.853681
3428,0.853698
3429,0.853594
3430,0.85342
3431,0.853507
3432,0.853229
3433,0.854097
3434,0.85408
3435,0.853924
3436,0.859184
3437,0.85908
3438,0.859184
3439,0.859201
3440,0.85875
3441,0.858889
3442,0.859201
3443,0.85934
3444,0.859271
3445,0.859427
3446,0.859601
3447,0.85974
3448,0.859497
3449,0.859531
3450,0.859288
3451,0.859236
3452,0.859167
3453,0.859149
3454,0.85908
3455,0.859184
3456,0.858733
3457,0.858524
3458,0.858507
3459,0.858472
3460,0.858333
3461,0.86026
3462,0.860417
3463,0.860556
3464,0.860139
3465,0.859965
3466,0.859792
3467,0.859514
3468,0.85974
3469,0.859479
3470,0.859826
3471,0.859288
3472,0.859531
3473,0.859288
3474,0.858993
3475,0.858941
3476,0.85908
3477,0.858993
3478,0.858819
3479,0.859062
3480,0.859167
3481,0.859444
3482,0.859097
3483,0.858993
3484,0.859028
3485,0.858802
3486,0.860833
3487,0.860434
3488,0.860243
3489,0.860122
3490,0.859427
3491,0.859792
3492,0.859861
3493,0.859757
3494,0.859549
3495,0.859201
3496,0.858906
3497,0.859184
3498,0.85941
3499,0.858958
3500,0.859045
3501,0.858941
3502,0.859288
3503,0.859132
3504,0.858889
3505,0.858264
3506,0.858594
3507,0.858628
3508,0.858281
3509,0.858229
3510,0.85809
3511,0.858455
3512,0.858611
3513,0.858351
3514,0.85849
3515,0.858472
3516,0.858351
3517,0.858281
3518,0.857917
3519,0.857899
3520,0.858021
3521,0.858507
3522,0.858247
3523,0.858281
3524,0.85816
3525,0.85849
3526,0.858646
3527,0.858385
3528,0.858594
3529,0.858698
3530,0.858576
3531,0.858837
3532,0.858715
3533,0.858854
3534,0.858802
3535,0.858681
3536,0.859201
3537,0.858646
3538,0.858681
3539,0.858524
3540,0.858993
3541,0.858837
3542,0.858351
3543,0.85875
3544,0.858507
3545,0.858715
3546,0.858229
3547,0.858299
3548,0.858385
3549,0.858299
3550,0.858281
3551,0.857986
3552,0.857899
3553,0.857934
3554,0.857795
3555,0.857865
3556,0.858038
3557,0.857882
3558,0.857691
3559,0.857309
3560,0.857431
3561,0.858073
3562,0.857604
3563,0.857517
3564,0.857292
3565,0.857292
3566,0.857187
3567,0.856771
3568,0.857031
3569,0.85717
3570,0.858819
3571,0.858767
3572,0.858976
3573,0.858906
3574,0.858715
3575,0.858646
3576,0.857917
3577,0.857587
3578,0.857917
3579,0.85816
3580,0.858264
3581,0.858108
3582,0.857865
3583,0.85776
3584,0.857639
3585,0.857517
3586,0.857274
3587,0.857101
3588,0.857274
3589,0.857309
3590,0.857135
3591,0.857326
3592,0.857292
3593,0.857413
3594,0.857361
3595,0.857708
3596,0.857917
3597,0.858003
3598,0.857882
3599,0.857708
3600,0.857535
3601,0.857951
3602,0.857795
3603,0.858021
3604,0.857865
3605,0.857951
3606,0.85809
3607,0.858056
3608,0.85816
3609,0.85809
3610,0.858299
3611,0.85849
3612,0.85901
3613,0.859306
3614,0.860017
3615,0.860069
3616,0.86066
3617,0.860851
3618,0.861128
3619,0.861042
3620,0.8625
3621,0.862431
3622,0.863281
3623,0.862934
3624,0.862847
3625,0.862934
3626,0.862743
3627,0.863003
3628,0.863455
3629,0.863611
3630,0.863299
3631,0.862882
3632,0.862656
3633,0.862465
3634,0.86224
3635,0.861892
3636,0.86184
3637,0.861354
3638,0.860677
3639,0.860365
3640,0.860174
3641,0.86
3642,0.85941
3643,0.859583
3644,0.859323
3645,0.85974
3646,0.858646
3647,0.85875
3648,0.85816
3649,0.858299
3650,0.857691
3651,0.857465
3652,0.857917
3653,0.858368
3654,0.858351
3655,0.858264
3656,0.858108
3657,0.858455
3658,0.858576
3659,0.858646
3660,0.858628
3661,0.858368
3662,0.858247
3663,0.858524
3664,0.858628
3665,0.858576
3666,0.858542
3667,0.858368
3668,0.858333
3669,0.858108
3670,0.858906
3671,0.858976
3672,0.858681
3673,0.858524
3674,0.858472
3675,0.858056
3676,0.858611
3677,0.859566
3678,0.86
3679,0.86026
3680,0.860122
3681,0.860885
3682,0.860885
3683,0.860486
3684,0.860521
3685,0.86033
3686,0.860226
3687,0.860365
3688,0.860313
3689,0.860521
3690,0.860677
3691,0.861007
3692,0.861059
3693,0.860955
3694,0.860868
3695,0.860295
3696,0.860208
3697,0.860156
3698,0.858299
3699,0.859097
3700,0.859427
3701,0.859288
3702,0.85941
3703,0.860208
3704,0.860069
3705,0.859601
3706,0.859688
3707,0.859688
3708,0.85941
3709,0.859392
3710,0.858733
3711,0.859028
3712,0.858455
3713,0.858524
3714,0.858385
3715,0.857865
3716,0.858681
3717,0.858351
3718,0.858281
3719,0.857899
3720,0.857378
3721,0.857187
3722,0.856962
3723,0.855938
3724,0.856563
3725,0.856493
3726,0.856076
3727,0.856042
3728,0.856406
3729,0.856632
3730,0.856493
3731,0.856528
3732,0.856441
3733,0.856181
3734,0.856076
3735,0.856597
3736,0.856372
3737,0.855712
3738,0.856267
3739,0.854844
3740,0.855642
3741,0.854705
3742,0.854965
3743,0.855069
3744,0.85467
3745,0.85467
3746,0.855139
3747,0.85375
3748,0.854045
3749,0.855122
3750,0.853385
3751,0.852899
3752,0.853681
3753,0.853854
3754,0.852726
3755,0.852014
3756,0.852726
3757,0.852986
3758,0.852847
3759,0.852309
3760,0.852656
3761,0.852344
3762,0.851927
3763,0.851788
3764,0.851024
3765,0.850885
3766,0.850295
3767,0.848038
3768,0.849219
3769,0.849375
3770,0.850347
3771,0.850955
3772,0.850069
3773,0.852066
3774,0.852604
3775,0.85276
3776,0.853073
3777,0.852656
3778,0.85309
3779,0.853368
3780,0.852951
3781,0.852986
3782,0.853003
3783,0.852708
3784,0.85224
3785,0.852517
3786,0.851701
3787,0.851632
3788,0.851354
3789,0.85099
3790,0.851476
3791,0.851094
3792,0.851285
3793,0.851163
3794,0.850712
3795,0.852865
3796,0.852934
3797,0.853472
3798,0.852604
3799,0.853038
3800,0.852274
3801,0.851997
3802,0.851458
3803,0.851076
3804,0.851007
3805,0.850885
3806,0.851059
3807,0.850729
3808,0.849931
3809,0.851441
3810,0.850625
3811,0.850781
3812,0.851215
3813,0.851128
3814,0.85184
3815,0.851875
3816,0.853142
3817,0.851892
3818,0.851962
3819,0.852257
3820,0.858958
3821,0.858819
3822,0.858889
3823,0.858889
3824,0.858715
3825,0.858351
3826,0.858125
3827,0.858281
3828,0.858385
3829,0.858507
3830,0.858247
3831,0.858542
3832,0.858785
3833,0.858906
3834,0.859115
3835,0.858924
3836,0.858889
3837,0.85908
3838,0.858976
3839,0.859167
3840,0.859253
3841,0.859757
3842,0.859809
3843,0.859635
3844,0.859826
3845,0.857604
3846,0.857639
3847,0.8575
3848,0.857639
3849,0.858021
3850,0.858403
3851,0.858437
3852,0.858056
3853,0.858056
3854,0.85809
3855,0.8575
3856,0.857656
3857,0.857587
3858,0.857066
3859,0.857049
3860,0.856806
3861,0.857517
3862,0.857865
3863,0.857847
3864,0.858125
3865,0.857986
3866,0.857986
3867,0.857413
3868,0.857413
3869,0.857656
3870,0.857917
3871,0.858177
3872,0.858333
3873,0.857969
3874,0.858594
3875,0.858177
3876,0.858698
3877,0.85901
3878,0.859757
3879,0.859271
3880,0.859497
3881,0.859774
3882,0.859861
3883,0.858681
3884,0.859253
3885,0.858924
3886,0.858802
3887,0.858646
3888,0.858351
3889,0.858507
3890,0.858594
3891,0.858351
3892,0.858247
3893,0.85816
3894,0.857934
3895,0.86066
3896,0.859913
3897,0.859184
3898,0.859601
3899,0.859392
3900,0.85783
3901,0.856198
3902,0.856059
3903,0.857344
3904,0.857656
3905,0.858559
3906,0.859601
3907,0.858681
3908,0.858906
3909,0.858941
3910,0.858368
3911,0.858958
3912,0.858785
3913,0.858455
3914,0.858542
3915,0.857778
3916,0.857587
3917,0.857847
3918,0.857951
3919,0.857639
3920,0.85849
3921,0.858767
3922,0.859358
3923,0.858819
3924,0.859323
3925,0.859323
3926,0.859184
3927,0.859184
3928,0.859115
3929,0.858924
3930,0.858802
3931,0.859271
3932,0.857465
3933,0.858819
3934,0.858698
3935,0.858594
3936,0.859479
3937,0.859583
3938,0.859896
3939,0.859566
3940,0.859392
3941,0.859757
3942,0.858733
3943,0.85908
3944,0.859045
3945,0.860052
3946,0.860226
3947,0.859809
3948,0.860295
3949,0.860208
3950,0.860052
3951,0.859375
3952,0.859549
3953,0.859583
3954,0.859688
3955,0.859635
3956,0.859792
3957,0.859757
3958,0.860035
3959,0.859965
3960,0.859809
3961,0.859688
3962,0.859028
3963,0.858524
3964,0.858715
3965,0.857795
3966,0.858576
3967,0.859149
3968,0.859236
3969,0.859427
3970,0.860503
3971,0.860556
3972,0.860694
3973,0.860226
3974,0.860052
3975,0.859948
3976,0.859965
3977,0.860174
3978,0.859913
3979,0.860122
3980,0.86026
3981,0.859844
3982,0.858368
3983,0.858368
3984,0.855365
3985,0.855139
3986,0.854149
3987,0.855955
3988,0.855712
3989,0.857465
3990,0.859514
3991,0.859757
3992,0.859913
3993,0.859809
3994,0.859757
3995,0.860313
3996,0.860104
3997,0.860486
3998,0.860347
3999,0.86033
4000,0.860052
4001,0.859757
4002,0.859688
4003,0.85967
4004,0.859184
4005,0.859392
4006,0.859479
4007,0.85934
4008,0.859531
4009,0.859566
4010,0.859722
4011,0.859705
4012,0.859601
4013,0.85974
4014,0.859583
4015,0.859444
4016,0.859306
4017,0.859497
4018,0.859462
4019,0.859444
4020,0.859948
4021,0.859722
4022,0.858611
4023,0.859444
4024,0.858646
4025,0.857552
4026,0.858507
4027,0.858611
4028,0.857222
4029,0.856424
4030,0.856771
4031,0.856545
4032,0.85599
4033,0.856615
4034,0.857031
4035,0.857622
4036,0.85783
4037,0.857309
4038,0.858385
4039,0.857413
4040,0.856719
4041,0.85875
4042,0.858281
4043,0.858038
4044,0.858333
4045,0.858628
4046,0.858906
4047,0.859323
4048,0.85908
4049,0.858316
4050,0.858368
4051,0.858333
4052,0.858646
4053,0.858542
4054,0.858507
4055,0.858698
4056,0.858767
4057,0.858681
4058,0.858472
4059,0.857934
4060,0.857986
4061,0.857934
4062,0.858212
4063,0.858247
4064,0.858437
4065,0.85849
4066,0.858299
4067,0.858646
4068,0.858854
4069,0.858715
4070,0.859392
4071,0.859167
4072,0.858733
4073,0.858854
4074,0.858611
4075,0.859253
4076,0.859514
4077,0.85901
4078,0.859201
4079,0.859688
4080,0.859549
4081,0.859219
4082,0.859444
4083,0.859236
4084,0.859236
4085,0.859115
4086,0.859392
4087,0.859236
4088,0.859392
4089,0.859132
4090,0.859201
4091,0.858958
4092,0.858576
4093,0.858646
4094,0.858681
4095,0.861163
4096,0.860972
4097,0.860712
4098,0.860382
4099,0.860347
4100,0.859618
4101,0.860052
4102,0.85967
4103,0.858733
4104,0.858542
4105,0.858247
4106,0.858177
4107,0.858316
4108,0.857656
4109,0.857274
4110,0.857569
4111,0.857708
4112,0.857448
4113,0.857344
4114,0.85691
4115,0.856875
4116,0.857153
4117,0.856823
4118,0.856771
4119,0.856788
4120,0.858281
4121,0.857431
4122,0.857309
4123,0.857604
4124,0.857656
4125,0.85809
4126,0.857778
4127,0.8575
4128,0.857656
4129,0.857431
4130,0.857187
4131,0.857153
4132,0.857361
4133,0.856736
4134,0.856146
4135,0.85592
4136,0.855677
4137,0.855938
4138,0.855208
4139,0.855816
4140,0.855764
4141,0.85566
4142,0.855347
4143,0.855955
4144,0.855729
4145,0.85816
4146,0.857257
4147,0.857517
4148,0.858194
4149,0.857257
4150,0.856736
4151,0.856997
4152,0.857483
4153,0.857326
4154,0.856458
4155,0.856649
4156,0.856753
4157,0.856424
4158,0.856424
4159,0.85533
4160,0.855295
4161,0.854826
4162,0.853819
4163,0.853108
4164,0.853177
4165,0.852934
4166,0.852153
4167,0.852413
4168,0.853351
4169,0.852031
4170,0.851024
4171,0.850694
4172,0.850104
4173,0.849583
4174,0.84934
4175,0.848472
4176,0.847708
4177,0.848177
4178,0.848698
4179,0.847361
4180,0.847986
4181,0.848542
4182,0.850399
4183,0.851094
4184,0.854514
4185,0.854931
4186,0.857847
4187,0.859097
4188,0.85901
4189,0.858038
4190,0.862552
4191,0.862552
4192,0.864583
4193,0.864358
4194,0.864653
4195,0.868559
4196,0.868924
4197,0.869479
4198,0.873177
4199,0.872622
4200,0.873073
4201,0.874375
4202,0.873681
4203,0.872396
4204,0.870556
4205,0.867535
4206,0.866024
4207,0.865573
4208,0.86401
4209,0.864392
4210,0.865208
4211,0.863906
4212,0.863212
4213,0.86316
4214,0.864306
4215,0.862656
4216,0.86434
4217,0.864635
4218,0.864583
4219,0.866962
4220,0.86526
4221,0.86658
4222,0.870156
4223,0.875642
4224,0.877674
4225,0.877691
4226,0.877882
4227,0.879705
4228,0.880781
4229,0.881806
4230,0.882969
4231,0.886215
4232,0.888611
4233,0.891354
4234,0.895208
4235,0.895972
4236,0.896823
4237,0.898993
4238,0.900747
4239,0.9
4240,0.900365
4241,0.898003
4242,0.89684
4243,0.898212
4244,0.902309
4245,0.904861
4246,0.903594
4247,0.901007
4248,0.900017
4249,0.89599
4250,0.893264
4251,0.893021
4252,0.888524
4253,0.889219
4254,0.886701
4255,0.884792
4256,0.879774
4257,0.880764
4258,0.876997
4259,0.87717
4260,0.877153
4261,0.876024
4262,0.871944
4263,0.872934
4264,0.873351
4265,0.871528
4266,0.873108
4267,0.876181
4268,0.876042
4269,0.877517
4270,0.875243
4271,0.877674
4272,0.876476
4273,0.882622
4274,0.884375
4275,0.886389
4276,0.888038
4277,0.889792
4278,0.887135
4279,0.886476
4280,0.887569
4281,0.889253
4282,0.890399
4283,0.896198
4284,0.897361
4285,0.901372
4286,0.905833
4287,0.905278
4288,0.908681
4289,0.90717
4290,0.912118
4291,0.911858
4292,0.916146
4293,0.91316
4294,0.909948
4295,0.90566
4296,0.904184
4297,0.902986
4298,0.901788
4299,0.901042
4300,0.897205
4301,0.895694
4302,0.89684
4303,0.89434
4304,0.892917
4305,0.891424
4306,0.887969
4307,0.885764
4308,0.88401
4309,0.884306
4310,0.886684
4311,0.886476
4312,0.889288
4313,0.891198
4314,0.892587
4315,0.892083
4316,0.887674
4317,0.888003
4318,0.882726
4319,0.875451
4320,0.875226
4321,0.87099
4322,0.872083
4323,0.869913
4324,0.866979
4325,0.860729
4326,0.86066
4327,0.860625
4328,0.863733
4329,0.862708
4330,0.864062
4331,0.866094
4332,0.865017
4333,0.867014
4334,0.867934
4335,0.866302
4336,0.865243
4337,0.860017
4338,0.857361
4339,0.851493
4340,0.84776
4341,0.84684
4342,0.84401
4343,0.844271
4344,0.845191
4345,0.835451
4346,0.831215
4347,0.829028
4348,0.828837
4349,0.822847
4350,0.823073
4351,0.822517
4352,0.824861
4353,0.821198
4354,0.821858
4355,0.823281
4356,0.818663
4357,0.819514
4358,0.819878
4359,0.820035
4360,0.822483
4361,0.824288
4362,0.825451
4363,0.827743
4364,0.832049
4365,0.832639
4366,0.836476
4367,0.839479
4368,0.839549
4369,0.843837
4370,0.847431
4371,0.847708
4372,0.849948
4373,0.851684
4374,0.852986
4375,0.858455
4376,0.860382
4377,0.86026
4378,0.859392
4379,0.853212
4380,0.852465
4381,0.857535
4382,0.858108
4383,0.857778
4384,0.859167
4385,0.860347
4386,0.86033
4387,0.862726
4388,0.860642
4389,0.863247
4390,0.866406
4391,0.863333
4392,0.86474
4393,0.866476
4394,0.854028
4395,0.854375
4396,0.853316
4397,0.852465
4398,0.850764
4399,0.849913
4400,0.851406
4401,0.851319
4402,0.846059
4403,0.843351
4404,0.842014
4405,0.839549
4406,0.836181
4407,0.834444
4408,0.822691
4409,0.797517
4410,0.794132
4411,0.779358
4412,0.773698
4413,0.76875
4414,0.777135
4415,0.779497
4416,0.781632
4417,0.793872
4418,0.803802
4419,0.805694
4420,0.818698
4421,0.836701
4422,0.837274
4423,0.845677
4424,0.847986
4425,0.848056
4426,0.84184
4427,0.839462
4428,0.839566
4429,0.835365
4430,0.830885
4431,0.829167
4432,0.823142
4433,0.826233
4434,0.828316
4435,0.825816
4436,0.822431
4437,0.818802
4438,0.813993
4439,0.807691
4440,0.807708
4441,0.806111
4442,0.803125
4443,0.800764
4444,0.800052
4445,0.796493
4446,0.793351
4447,0.79276
4448,0.789462
4449,0.789132
4450,0.785503
4451,0.783819
4452,0.781927
4453,0.77467
4454,0.765069
4455,0.762413
4456,0.759184
4457,0.753976
4458,0.75092
4459,0.738663
4460,0.734757
4461,0.729931
4462,0.731181
4463,0.730313
4464,0.728229
4465,0.726024
4466,0.72309
4467,0.724896
4468,0.727847
4469,0.733212
4470,0.726215
4471,0.731076
4472,0.730503
4473,0.732934
4474,0.737639
4475,0.74099
4476,0.739028
4477,0.74309
4478,0.74342
4479,0.73816
4480,0.731615
4481,0.735486
4482,0.734358
4483,0.725799
4484,0.732066
4485,0.732083
4486,0.736215
4487,0.730365
4488,0.729965
4489,0.731458
4490,0.736563
4491,0.739774
4492,0.74467
4493,0.748646
4494,0.750434
4495,0.74599
4496,0.759358
4497,0.76158
4498,0.769184
4499,0.775955
4500,0.780156
4501,0.780486
4502,0.78776
4503,0.785573
4504,0.800816
4505,0.814201
4506,0.81908
4507,0.837986
4508,0.844132
4509,0.847326
4510,0.858316
4511,0.86092
4512,0.86099
4513,0.87434
4514,0.875799
4515,0.87816
4516,0.89059
4517,0.896406
4518,0.895677
4519,0.895972
4520,0.90724
4521,0.905399
4522,0.90283
4523,0.900538
4524,0.89691
4525,0.897726
4526,0.895885
4527,0.894618
4528,0.893785
4529,0.898194
4530,0.900035
4531,0.901892
4532,0.896701
4533,0.896059
4534,0.894583
4535,0.895382
4536,0.894045
4537,0.894427
4538,0.897135
4539,0.896788
4540,0.894757
4541,0.899427
4542,0.899497
4543,0.898889
4544,0.901892
4545,0.900799
4546,0.899236
4547,0.891719
4548,0.890764
4549,0.886319
4550,0.884115
4551,0.880174
4552,0.878247
4553,0.87191
4554,0.868507
4555,0.862708
4556,0.857552
4557,0.857257
4558,0.850729
4559,0.848941
4560,0.849861
4561,0.843351
4562,0.841615
4563,0.84184
4564,0.838437
4565,0.831979
4566,0.834063
4567,0.833872
4568,0.837899
4569,0.8425
4570,0.846076
4571,0.846059
4572,0.849497
4573,0.848976
4574,0.844531
4575,0.843906
4576,0.840712
4577,0.837934
4578,0.829792
4579,0.825556
4580,0.820712
4581,0.818715
4582,0.81375
4583,0.813333
4584,0.81184
4585,0.807708
4586,0.806163
4587,0.806059
4588,0.807622
4589,0.808003
4590,0.808455
4591,0.810625
4592,0.818576
4593,0.822222
4594,0.824983
4595,0.834826
4596,0.835625
4597,0.842205
4598,0.844705
4599,0.843698
4600,0.843316
4601,0.838819
4602,0.834705
4603,0.82849
4604,0.823003
4605,0.820417
4606,0.813819
4607,0.812552
4608,0.807639
4609,0.80809
4610,0.810868
4611,0.811562
4612,0.817187
4613,0.822049
4614,0.823142
4615,0.826441
4616,0.831806
4617,0.831562
4618,0.831753
4619,0.830799
4620,0.828594
4621,0.829497
4622,0.835503
4623,0.833663
4624,0.822604
4625,0.819063
4626,0.817448
4627,0.813628
4628,0.805503
4629,0.801875
4630,0.798194
4631,0.792014
4632,0.791667
4633,0.785937
4634,0.777361
4635,0.776424
4636,0.771389
4637,0.770729
4638,0.770295
4639,0.773681
4640,0.776424
4641,0.777552
4642,0.780937
4643,0.781181
4644,0.783663
4645,0.790677
4646,0.795556
4647,0.796528
4648,0.799271
4649,0.800729
4650,0.798125
4651,0.803837
4652,0.802552
4653,0.802604
4654,0.805295
4655,0.810625
4656,0.811337
4657,0.817795
4658,0.822205
4659,0.825208
4660,0.827882
4661,0.833247
4662,0.836424
4663,0.838455
4664,0.840608
4665,0.842205
4666,0.843472
4667,0.846632
4668,0.846632
4669,0.843906
4670,0.836927
4671,0.835486
4672,0.832483
4673,0.826684
4674,0.826285
4675,0.81658
4676,0.805937
4677,0.802934
4678,0.799497
4679,0.797778
4680,0.778194
4681,0.761372
4682,0.75349
4683,0.747778
4684,0.741771
4685,0.719878
4686,0.713108
4687,0.700521
4688,0.693802
4689,0.691198
4690,0.685399
4691,0.682309
4692,0.681875
4693,0.681302
4694,0.683438
4695,0.680278
4696,0.68066
4697,0.683733
4698,0.683646
4699,0.686337
4700,0.688229
4701,0.688889
4702,0.694688
4703,0.698229
4704,0.700278
4705,0.707483
4706,0.710608
4707,0.713941
4708,0.71875
4709,0.72559
4710,0.723924
4711,0.73599
4712,0.748038
4713,0.751493
4714,0.775087
4715,0.781042
4716,0.779236
4717,0.778559
4718,0.785764
4719,0.787795
4720,0.811944
4721,0.813681
4722,0.811215
4723,0.807083
4724,0.807205
4725,0.809809
4726,0.810347
4727,0.818872
4728,0.820087
4729,0.824722
4730,0.82724
4731,0.824931
4732,0.825556
4733,0.836684
4734,0.834375
4735,0.840417
4736,0.842326
4737,0.843437
4738,0.853715
4739,0.855017
4740,0.854948
4741,0.855764
4742,0.859271
4743,0.860642
4744,0.859653
4745,0.858437
4746,0.839028
4747,0.82066
4748,0.816736
4749,0.809358
4750,0.733837
4751,0.716944
4752,0.711389
4753,0.690208
4754,0.632049
4755,0.616649
4756,0.588229
4757,0.556406
4758,0.546528
4759,0.528993
4760,0.466892
4761,0.454601
4762,0.43658
4763,0.422309
4764,0.41592
4765,0.405382
4766,0.394462
4767,0.385069
4768,0.370469
4769,0.366458
4770,0.345434
4771,0.339792
4772,0.332083
4773,0.333003
4774,0.330174
4775,0.32441
4776,0.320469
4777,0.312014
4778,0.307986
4779,0.304271
4780,0.300365
4781,0.295052
4782,0.291858
4783,0.287135
4784,0.282604
4785,0.279236
4786,0.26842
4787,0.261823
4788,0.257309
4789,0.247083
4790,0.238229
4791,0.232934
4792,0.226337
4793,0.215938
4794,0.212483
4795,0.204253
4796,0.199809
4797,0.198524
4798,0.194392
4799,0.19033
4800,0.188108
4801,0.184653
4802,0.182969
4803,0.182656
4804,0.182899
4805,0.183125
4806,0.183646
4807,0.183524
4808,0.183611
4809,0.183715
4810,0.182135
4811,0.180017
4812,0.178073
4813,0.175417
4814,0.173108
4815,0.169809
4816,0.169444
4817,0.167882
4818,0.167292
4819,0.166476
4820,0.152708
4821,0.152344
4822,0.152639
4823,0.15283
4824,0.152535
4825,0.152622
4826,0.15283
4827,0.152778
4828,0.153003
4829,0.152674
4830,0.152552
4831,0.152622
4832,0.152812
4833,0.1525
4834,0.15224
4835,0.15224
4836,0.152378
4837,0.152535
4838,0.152378
4839,0.152014
4840,0.151997
4841,0.152153
4842,0.151944
4843,0.152101
4844,0.152066
4845,0.152309
4846,0.152101
4847,0.152049
4848,0.152135
4849,0.15217
4850,0.152188
4851,0.152101
4852,0.152135
4853,0.152083
4854,0.15191
4855,0.152413
4856,0.152378
4857,0.152431
4858,0.152552
4859,0.153021
4860,0.153003
4861,0.15316
4862,0.152986
4863,0.152847
4864,0.152847
4865,0.152899
4866,0.152465
4867,0.152465
4868,0.152483
4869,0.152326
4870,0.152517
4871,0.152569
4872,0.152413
4873,0.1525
4874,0.152448
4875,0.152795
4876,0.152865
4877,0.152882
4878,0.152431
4879,0.152396
4880,0.152309
4881,0.151858
4882,0.152135
4883,0.15191
4884,0.149826
4885,0.149774
4886,0.149913
4887,0.14967
4888,0.149774
4889,0.149844
4890,0.149861
4891,0.149774
4892,0.149896
4893,0.149931
4894,0.149688
4895,0.149219
4896,0.149253
4897,0.14908
4898,0.14908
4899,0.14934
4900,0.14901
4901,0.149097
4902,0.14901
4903,0.148889
4904,0.148872
4905,0.149184
4906,0.14901
4907,0.148819
4908,0.148698
4909,0.149497
4910,0.149653
4911,0.149965
4912,0.150052
4913,0.150035
4914,0.15
4915,0.149965
4916,0.150087
4917,0.152396
4918,0.161354
4919,0.167257
4920,0.181163
4921,0.194323
4922,0.202726
4923,0.218229
4924,0.231146
4925,0.235451
4926,0.24224
4927,0.250104
4928,0.254601
4929,0.261337
4930,0.26283
4931,0.262656
4932,0.262743
4933,0.287865
4934,0.295486
4935,0.306771
4936,0.334062
4937,0.340521
4938,0.352222
4939,0.395885
4940,0.404427
4941,0.425521
4942,0.442986
4943,0.451024
4944,0.456285
4945,0.465156
4946,0.470035
4947,0.474549
4948,0.479514
4949,0.48217
4950,0.473663
4951,0.46349
4952,0.457726
4953,0.450903
4954,0.442135
4955,0.438455
4956,0.417691
4957,0.400069
4958,0.392257
4959,0.35816
4960,0.343906
4961,0.336823
4962,0.323628
4963,0.313038
4964,0.307274
4965,0.286944
4966,0.263108
4967,0.252153
4968,0.244358
4969,0.244132
4970,0.242812
4971,0.249948
4972,0.255052
4973,0.259236
4974,0.269757
4975,0.279896
4976,0.285087
4977,0.294722
4978,0.30526
4979,0.309132
4980,0.313194
4981,0.314653
4982,0.315156
4983,0.311007
4984,0.305365
4985,0.309097
4986,0.306649
4987,0.301753
4988,0.300347
4989,0.298403
4990,0.28941
4991,0.284045
4992,0.272934
4993,0.271944
4994,0.269201
4995,0.259462
4996,0.259375
4997,0.253403
4998,0.244427
4999,0.244722
5000,0.245955
5001,0.242986
5002,0.23809
5003,0.239375
5004,0.238958
5005,0.238021
5006,0.236302
5007,0.235191
5008,0.237969
5009,0.23401
5010,0.233698
5011,0.228316
5012,0.228316
5013,0.221997
5014,0.218281
5015,0.217812
5016,0.214635
5017,0.210399
5018,0.208941
5019,0.204288
5020,0.198507
5021,0.198229
5022,0.195885
5023,0.195365
5024,0.197066
5025,0.200208
5026,0.20441
5027,0.206042
5028,0.208247
5029,0.205208
5030,0.204427
5031,0.201163
5032,0.19658
5033,0.192656
5034,0.179236
5035,0.179271
5036,0.178924
5037,0.177569
5038,0.176806
5039,0.175885
5040,0.175313
5041,0.173837
5042,0.171181
5043,0.169392
5044,0.167465
5045,0.166684
5046,0.168194
5047,0.17059
5048,0.173455
5049,0.17901
5050,0.184045
5051,0.187986
5052,0.194583
5053,0.200399
5054,0.203941
5055,0.215174
5056,0.226562
5057,0.232101
5058,0.242257
5059,0.267951
5060,0.272865
5061,0.284913
5062,0.298142
5063,0.317865
5064,0.344375
5065,0.362205
5066,0.369635
5067,0.378542
5068,0.391788
5069,0.396753
5070,0.407517
5071,0.423142
5072,0.431615
5073,0.448142
5074,0.46717
5075,0.476441
5076,0.497066
5077,0.513559
5078,0.519201
5079,0.529271
5080,0.540816
5081,0.546372
5082,0.554097
5083,0.558542
5084,0.564757
5085,0.568038
5086,0.552413
5087,0.552083
5088,0.542431
5089,0.495573
5090,0.478212
5091,0.456528
5092,0.383576
5093,0.374392
5094,0.358681
5095,0.34441
5096,0.338368
5097,0.32783
5098,0.320799
5099,0.31658
5100,0.304983
5101,0.295295
5102,0.287795
5103,0.270573
5104,0.252188
5105,0.243299
5106,0.223663
5107,0.215069
5108,0.20908
5109,0.190955
5110,0.190608
5111,0.190399
5112,0.193264
5113,0.195816
5114,0.197622
5115,0.200191
5116,0.204253
5117,0.205694
5118,0.206806
5119,0.203889
5120,0.204514
5121,0.201892
5122,0.192743
5123,0.188576
5124,0.177899
5125,0.165694
5126,0.160451
5127,0.15026
5128,0.143681
5129,0.14066
5130,0.135226
5131,0.129618
5132,0.128785
5133,0.128785
5134,0.127969
5135,0.128108
5136,0.128177
5137,0.128177
5138,0.128333
5139,0.128021
5140,0.128542
5141,0.12875
5142,0.128785
5143,0.128767
5144,0.128594
5145,0.128941
5146,0.128976
5147,0.129149
5148,0.129045
5149,0.128976
5150,0.129028
5151,0.128854
5152,0.129219
5153,0.129306
5154,0.12941
5155,0.129392
5156,0.12934
5157,0.12934
5158,0.129358
5159,0.129045
5160,0.129132
5161,0.129497
5162,0.129271
5163,0.129358
5164,0.129444
5165,0.129618
5166,0.12974
5167,0.129653
5168,0.129392
5169,0.129427
5170,0.129427
5171,0.129705
5172,0.129722
5173,0.129878
5174,0.129931
5175,0.129931
5176,0.129809
5177,0.129948
5178,0.130035
5179,0.13026
5180,0.130174
5181,0.130104
5182,0.130122
5183,0.130156
5184,0.128767
5185,0.128698
5186,0.128958
5187,0.12908
5188,0.129097
5189,0.129201
5190,0.129236
5191,0.129115
5192,0.129045
5193,0.129132
5194,0.129045
5195,0.129774
5196,0.129705
5197,0.130365
5198,0.130556
5199,0.130226
5200,0.130104
5201,0.130208
5202,0.130104
5203,0.130104
5204,0.129965
5205,0.130017
5206,0.129774
5207,0.129757
5208,0.129757
5209,0.129983
5210,0.130191
5211,0.130156
5212,0.130243
5213,0.130191
5214,0.129896
5215,0.129896
5216,0.129931
5217,0.129965
5218,0.129792
5219,0.129774
5220,0.128576
5221,0.128767
5222,0.12908
5223,0.129149
5224,0.129132
5225,0.12934
5226,0.129635
5227,0.129705
5228,0.129826
5229,0.129792
5230,0.129896
5231,0.129965
5232,0.130069
5233,0.129896
5234,0.129878
5235,0.129931
5236,0.129826
5237,0.129896
5238,0.129965
5239,0.130017
5240,0.129861
5241,0.130052
5242,0.129792
5243,0.129896
5244,0.129913
5245,0.127448
5246,0.1275
5247,0.127969
5248,0.12816
5249,0.127934
5250,0.128194
5251,0.127934
5252,0.127969
5253,0.12776
5254,0.127847
5255,0.127969
5256,0.128038
5257,0.128368
5258,0.132309
5259,0.137049
5260,0.146493
5261,0.156962
5262,0.162465
5263,0.172274
5264,0.181493
5265,0.186892
5266,0.196997
5267,0.211024
5268,0.216858
5269,0.230139
5270,0.251858
5271,0.254792
5272,0.264844
5273,0.270642
5274,0.274479
5275,0.282795
5276,0.290608
5277,0.293559
5278,0.297951
5279,0.301458
5280,0.304236
5281,0.304167
5282,0.304878
5283,0.304201
5284,0.301476
5285,0.299514
5286,0.298733
5287,0.296649
5288,0.293854
5289,0.292795
5290,0.292847
5291,0.296962
5292,0.298976
5293,0.303819
5294,0.308733
5295,0.308073
5296,0.319826
5297,0.344028
5298,0.352031
5299,0.369444
5300,0.385851
5301,0.393125
5302,0.408663
5303,0.445243
5304,0.45191
5305,0.471146
5306,0.48474
5307,0.494931
5308,0.507622
5309,0.521493
5310,0.526528
5311,0.537014
5312,0.545382
5313,0.552951
5314,0.563785
5315,0.569618
5316,0.573247
5317,0.582934
5318,0.586059
5319,0.592344
5320,0.607986
5321,0.612639
5322,0.612639
5323,0.615573
5324,0.613559
5325,0.612448
5326,0.611823
5327,0.609184
5328,0.609497
5329,0.60967
5330,0.60474
5331,0.603941
5332,0.59974
5333,0.595139
5334,0.59066
5335,0.585226
5336,0.581372
5337,0.577899
5338,0.576146
5339,0.570694
5340,0.569618
5341,0.568663
5342,0.565486
5343,0.564288
5344,0.564566
5345,0.536875
5346,0.539948
5347,0.545972
5348,0.549028
5349,0.549878
5350,0.550278
5351,0.551354
5352,0.552205
5353,0.554948
5354,0.561372
5355,0.560503
5356,0.565
5357,0.56691
5358,0.567899
5359,0.567969
5360,0.570781
5361,0.573403
5362,0.574653
5363,0.540885
5364,0.540087
5365,0.540069
5366,0.537691
5367,0.535434
5368,0.511736
5369,0.502986
5370,0.487535
5371,0.490955
5372,0.495764
5373,0.496302
5374,0.49467
5375,0.494635
5376,0.494583
5377,0.489687
5378,0.487257
5379,0.485295
5380,0.485312
5381,0.482917
5382,0.480191
5383,0.474184
5384,0.466215
5385,0.461441
5386,0.45559
5387,0.452986
5388,0.450347
5389,0.44776
5390,0.446615
5391,0.444045
5392,0.444253
5393,0.440174
5394,0.439618
5395,0.436753
5396,0.438351
5397,0.441476
5398,0.44691
5399,0.452691
5400,0.453194
5401,0.458507
5402,0.461094
5403,0.462813
5404,0.469358
5405,0.473819
5406,0.474028
5407,0.478976
5408,0.483125
5409,0.483819
5410,0.48816
5411,0.489931
5412,0.489028
5413,0.493229
5414,0.495885
5415,0.495885
5416,0.496215
5417,0.499288
5418,0.500226
5419,0.504583
5420,0.500208
5421,0.504045
5422,0.507483
5423,0.511059
5424,0.513038
5425,0.520781
5426,0.526563
5427,0.525937
5428,0.531389
5429,0.534028
5430,0.536128
5431,0.538715
5432,0.542049
5433,0.543177
5434,0.544063
5435,0.54717
5436,0.546997
5437,0.546806
5438,0.549531
5439,0.550191
5440,0.555677
5441,0.557309
5442,0.558125
5443,0.561389
5444,0.563767
5445,0.560694
5446,0.565087
5447,0.566458
5448,0.568941
5449,0.572135
5450,0.576944
5451,0.578802
5452,0.583003
5453,0.585399
5454,0.586632
5455,0.588351
5456,0.587361
5457,0.589323
5458,0.590208
5459,0.591163
5460,0.591476
5461,0.592656
5462,0.594792
5463,0.59875
5464,0.603889
5465,0.608507
5466,0.61224
5467,0.613906
5468,0.61533
5469,0.617101
5470,0.632969
5471,0.634288
5472,0.635903
5473,0.638073
5474,0.638003
5475,0.638316
5476,0.63842
5477,0.63875
5478,0.638819
5479,0.641042
5480,0.641493
5481,0.641771
5482,0.64401
5483,0.64651
5484,0.645833
5485,0.647257
5486,0.645851
5487,0.646076
5488,0.647205
5489,0.647413
5490,0.6475
5491,0.648819
5492,0.648976
5493,0.648924
5494,0.648663
5495,0.667465
5496,0.670069
5497,0.673056
5498,0.675156
5499,0.684479
5500,0.698125
5501,0.706215
5502,0.719566
5503,0.731806
5504,0.741024
5505,0.74217
5506,0.748021
5507,0.764809
5508,0.770625
5509,0.77467
5510,0.777865
5511,0.781997
5512,0.792378
5513,0.793351
5514,0.795503
5515,0.799358
5516,0.802813
5517,0.805486
5518,0.804149
5519,0.806684
5520,0.824965
5521,0.825972
5522,0.823125
5523,0.82191
5524,0.823854
5525,0.824566
5526,0.82401
5527,0.825573
5528,0.824653
5529,0.825694
5530,0.826979
5531,0.827257
5532,0.830347
5533,0.82941
5534,0.829497
5535,0.830069
5536,0.829288
5537,0.829236
5538,0.829462
5539,0.826944
5540,0.827656
5541,0.826302
5542,0.826267
5543,0.826528
5544,0.826372
5545,0.831111
5546,0.831094
5547,0.83099
5548,0.831458
5549,0.831649
5550,0.831944
5551,0.831684
5552,0.832153
5553,0.831632
5554,0.831997
5555,0.83151
5556,0.830556
5557,0.830625
5558,0.83033
5559,0.830208
5560,0.830017
5561,0.830035
5562,0.831458
5563,0.830712
5564,0.830382
5565,0.829653
5566,0.829583
5567,0.829132
5568,0.830347
5569,0.829705
5570,0.826163
5571,0.824601
5572,0.82224
5573,0.821024
5574,0.819878
5575,0.819444
5576,0.819063
5577,0.819722
5578,0.818611
5579,0.818056
5580,0.818021
5581,0.817153
5582,0.816806
5583,0.817187
5584,0.816302
5585,0.816493
5586,0.817205
5587,0.81967
5588,0.821059
5589,0.821233
5590,0.821979
5591,0.823368
5592,0.821997
5593,0.823368
5594,0.823611
5595,0.824913
5596,0.824201
5597,0.823733
5598,0.823767
5599,0.821632
5600,0.822639
5601,0.823524
5602,0.822587
5603,0.822639
5604,0.822726
5605,0.823594
5606,0.822378
5607,0.822691
5608,0.821892
5609,0.821493
5610,0.821649
5611,0.821024
5612,0.819688
5613,0.82026
5614,0.82033
5615,0.820156
5616,0.819323
5617,0.818368
5618,0.817448
5619,0.815868
5620,0.812066
5621,0.812656
5622,0.812517
5623,0.812031
5624,0.810799
5625,0.811042
5626,0.810538
5627,0.810469
5628,0.810243
5629,0.810781
5630,0.810295
5631,0.810139
5632,0.809549
5633,0.809219
5634,0.809497
5635,0.810486
5636,0.811181
5637,0.812309
5638,0.811649
5639,0.813247
5640,0.812847
5641,0.813455
5642,0.813368
5643,0.814288
5644,0.813976
5645,0.816545
5646,0.816649
5647,0.817378
5648,0.81691
5649,0.816979
5650,0.81691
5651,0.816806
5652,0.814878
5653,0.813767
5654,0.811337
5655,0.811875
5656,0.809462
5657,0.809427
5658,0.808906
5659,0.809045
5660,0.809132
5661,0.808385
5662,0.810104
5663,0.810156
5664,0.809774
5665,0.809514
5666,0.809306
5667,0.809219
5668,0.809201
5669,0.809948
5670,0.805417
5671,0.805868
5672,0.806007
5673,0.805642
5674,0.805729
5675,0.805781
5676,0.806649
5677,0.806667
5678,0.806458
5679,0.805955
5680,0.806858
5681,0.807448
5682,0.806979
5683,0.807118
5684,0.805816
5685,0.806146
5686,0.805955
5687,0.805521
5688,0.805139
5689,0.806111
5690,0.805712
5691,0.80592
5692,0.806233
5693,0.806285
5694,0.806649
5695,0.810903
5696,0.811111
5697,0.811128
5698,0.811076
5699,0.811597
5700,0.811146
5701,0.809149
5702,0.807917
5703,0.806667
5704,0.806111
5705,0.806337
5706,0.805764
5707,0.805747
5708,0.805937
5709,0.805851
5710,0.806111
5711,0.806441
5712,0.806285
5713,0.805122
5714,0.805243
5715,0.805972
5716,0.806806
5717,0.806285
5718,0.806476
5719,0.805885
5720,0.808941
5721,0.808976
5722,0.808889
