framenum,queue density
1,0.260933
6,0.245415
11,0.269457
16,0.302339
21,0.319926
26,0.329331
31,0.322238
36,0.323331
41,0.326051
46,0.309894
51,0.304721
56,0.29978
61,0.299427
66,0.29699
71,0.291496
76,0.298204
81,0.298882
86,0.316129
91,0.344955
96,0.373041
101,0.400656
106,0.40896
111,0.406738
116,0.398019
121,0.386611
126,0.406091
131,0.422574
136,0.431943
141,0.433287
146,0.420371
151,0.414305
156,0.400613
161,0.388531
166,0.380071
171,0.370505
176,0.364655
181,0.362002
186,0.359823
191,0.355927
196,0.350457
201,0.349955
206,0.349399
211,0.349818
216,0.349979
221,0.350147
226,0.349873
231,0.349998
236,0.350077
241,0.347702
246,0.347373
251,0.349219
256,0.349469
261,0.349544
266,0.347353
271,0.342302
276,0.341381
281,0.341291
286,0.34512
291,0.345374
296,0.339144
301,0.336232
306,0.336393
311,0.337333
316,0.337929
321,0.341052
326,0.34142
331,0.34171
336,0.342518
341,0.343203
346,0.352659
351,0.362491
356,0.3717
361,0.377406
366,0.377151
371,0.368859
376,0.366653
381,0.362468
386,0.363283
391,0.37259
396,0.38004
401,0.39149
406,0.398626
411,0.410829
416,0.425556
421,0.437966
426,0.455844
431,0.480108
436,0.502179
441,0.521663
446,0.540833
451,0.552143
456,0.559028
461,0.569926
466,0.5789
471,0.59657
476,0.597632
481,0.602342
486,0.60206
491,0.603196
496,0.602585
501,0.602205
506,0.601636
511,0.599708
516,0.60639
521,0.646502
526,0.673886
531,0.688272
536,0.691387
541,0.693531
546,0.709292
551,0.70533
556,0.702231
561,0.700079
566,0.700138
571,0.69558
576,0.694542
581,0.693245
586,0.691971
591,0.693206
596,0.721617
601,0.736206
606,0.739259
611,0.757704
616,0.763625
621,0.784124
626,0.783309
631,0.790351
636,0.800199
641,0.805329
646,0.818147
651,0.817735
656,0.825377
661,0.823065
666,0.822336
671,0.819793
676,0.818409
681,0.817877
686,0.814487
691,0.809091
696,0.813707
701,0.810811
706,0.819871
711,0.825522
716,0.827795
721,0.837795
726,0.838854
731,0.839116
736,0.839002
741,0.838665
746,0.840155
751,0.840253
756,0.840413
761,0.841052
766,0.841934
771,0.846601
776,0.846236
781,0.846307
786,0.845441
791,0.845676
796,0.842553
801,0.841808
806,0.841369
811,0.839645
816,0.843372
821,0.845323
826,0.846562
831,0.847878
836,0.848776
841,0.849277
846,0.85019
851,0.850915
856,0.85077
861,0.850014
866,0.850324
871,0.849034
876,0.848498
881,0.84916
886,0.849732
891,0.850285
896,0.850731
901,0.850821
906,0.85215
911,0.852393
916,0.852824
921,0.85146
926,0.851754
931,0.850312
936,0.850328
941,0.849258
946,0.848768
951,0.848933
956,0.849712
961,0.850006
966,0.85032
971,0.850049
976,0.849168
981,0.846954
986,0.848936
991,0.848866
996,0.848776
1001,0.849426
1006,0.849951
1011,0.84715
1016,0.847099
1021,0.848055
1026,0.846773
1031,0.84693
1036,0.848454
1041,0.847855
1046,0.8482
1051,0.847863
1056,0.847741
1061,0.846742
1066,0.846961
1071,0.847079
1076,0.84762
1081,0.847506
1086,0.846366
1091,0.846668
1096,0.84646
1101,0.846436
1106,0.846001
1111,0.846358
1116,0.846566
1121,0.847224
1126,0.847024
1131,0.844986
1136,0.846111
1141,0.845801
1146,0.845186
1151,0.845884
1156,0.846887
1161,0.845316
1166,0.844869
1171,0.846648
1176,0.847667
1181,0.847291
1186,0.846875
1191,0.847322
1196,0.846946
1201,0.846577
1206,0.846354
1211,0.849207
1216,0.848259
1221,0.848157
1226,0.847655
1231,0.847722
1236,0.845523
1241,0.844896
1246,0.845594
1251,0.845911
1256,0.846236
1261,0.846217
1266,0.845899
1271,0.845954
1276,0.846538
1281,0.84724
1286,0.846444
1291,0.845672
1296,0.845868
1301,0.846342
1306,0.846695
1311,0.846534
1316,0.845504
1321,0.846064
1326,0.846456
1331,0.846726
1336,0.84686
1341,0.847537
1346,0.847157
1351,0.846033
1356,0.846299
1361,0.846276
1366,0.845433
1371,0.844963
1376,0.846068
1381,0.846452
1386,0.846413
1391,0.846679
1396,0.848631
1401,0.84914
1406,0.849728
1411,0.850026
1416,0.850159
1421,0.850857
1426,0.851809
1431,0.851319
1436,0.853082
1441,0.853525
1446,0.854795
1451,0.85668
1456,0.856837
1461,0.858584
1466,0.858106
1471,0.861704
1476,0.863005
1481,0.863001
1486,0.866994
1491,0.871548
1496,0.879103
1501,0.871928
1506,0.867425
1511,0.870458
1516,0.873448
1521,0.874847
1526,0.875611
1531,0.878253
1536,0.878789
1541,0.873997
1546,0.87549
1551,0.875748
1556,0.880663
1561,0.882516
1566,0.876109
1571,0.877414
1576,0.878186
1581,0.879448
1586,0.885871
1591,0.882148
1596,0.868381
1601,0.857562
1606,0.86123
1611,0.863565
1616,0.86844
1621,0.860787
1626,0.866892
1631,0.865842
1636,0.862566
1641,0.868444
1646,0.86634
1651,0.861665
1656,0.855308
1661,0.852087
1666,0.856468
1671,0.860881
1676,0.86266
1681,0.850061
1686,0.832388
1691,0.836902
1696,0.837411
1701,0.831302
1706,0.835969
1711,0.844426
1716,0.835687
1721,0.835421
1726,0.848039
1731,0.856723
1736,0.799756
1741,0.780362
1746,0.760682
1751,0.715131
1756,0.648697
1761,0.620133
1766,0.58863
1771,0.63098
1776,0.680039
1781,0.706126
1786,0.685384
1791,0.67025
1796,0.638241
1801,0.624075
1806,0.631917
1811,0.619616
1816,0.620105
1821,0.600089
1826,0.573923
1831,0.545324
1836,0.511023
1841,0.526691
1846,0.533928
1851,0.541997
1856,0.518395
1861,0.491222
1866,0.466299
1871,0.448422
1876,0.477992
1881,0.502743
1886,0.48603
1891,0.517689
1896,0.545195
1901,0.530096
1906,0.617966
1911,0.685466
1916,0.717514
1921,0.7533
1926,0.708022
1931,0.64321
1936,0.47336
1941,0.423847
1946,0.417891
1951,0.373746
1956,0.356613
1961,0.335123
1966,0.315835
1971,0.290982
1976,0.237676
1981,0.21144
1986,0.176069
1991,0.175109
1996,0.174866
2001,0.167205
2006,0.203645
2011,0.267952
2016,0.384052
2021,0.471366
2026,0.5766
2031,0.684467
2036,0.691184
2041,0.697183
2046,0.53347
2051,0.445063
2056,0.375631
2061,0.298318
2066,0.275527
2071,0.273493
2076,0.258884
2081,0.209198
2086,0.168565
2091,0.168055
2096,0.168996
2101,0.174235
2106,0.198809
2111,0.242061
2116,0.359803
2121,0.542483
2126,0.699817
2131,0.827552
2136,0.887771
2141,0.893583
2146,0.884836
2151,0.887446
2156,0.777188
2161,0.647243
2166,0.65162
2171,0.644319
2176,0.584962
2181,0.445706
2186,0.317375
2191,0.277545
2196,0.245427
2201,0.216624
2206,0.195784
2211,0.17786
2216,0.166127
2221,0.163118
2226,0.162557
2231,0.162091
2236,0.163004
2241,0.165155
2246,0.165853
2251,0.166429
2256,0.167072
2261,0.168067
2266,0.171124
2271,0.197003
2276,0.234944
2281,0.280453
2286,0.292906
2291,0.303075
2296,0.281805
2301,0.274202
2306,0.290504
2311,0.279947
2316,0.272447
2321,0.268508
2326,0.250933
2331,0.228043
2336,0.195749
2341,0.183534
2346,0.178099
2351,0.179412
2356,0.201537
2361,0.197171
2366,0.18009
2371,0.170971
2376,0.166445
2381,0.162107
2386,0.181771
2391,0.252226
2396,0.372543
2401,0.436783
2406,0.437978
2411,0.361343
2416,0.305074
2421,0.247966
2426,0.198022
2431,0.165986
2436,0.177817
2441,0.225598
2446,0.241336
2451,0.216228
2456,0.186395
2461,0.194656
2466,0.188585
2471,0.183828
2476,0.166535
2481,0.176641
2486,0.192982
2491,0.180066
2496,0.176183
2501,0.168772
2506,0.168808
2511,0.181524
2516,0.231982
2521,0.285461
2526,0.341091
2531,0.357714
2536,0.331823
2541,0.300446
2546,0.263622
2551,0.234897
2556,0.237037
2561,0.194605
2566,0.1655
2571,0.148618
2576,0.144574
2581,0.144613
2586,0.14372
2591,0.14437
2596,0.144339
2601,0.144135
2606,0.144574
2611,0.143038
2616,0.143328
2621,0.143242
2626,0.152212
2631,0.193229
2636,0.217318
2641,0.240764
2646,0.308703
2651,0.379115
2656,0.475888
2661,0.518065
2666,0.513304
2671,0.500004
2676,0.459292
2681,0.417083
2686,0.36025
2691,0.375263
2696,0.384597
2701,0.345433
2706,0.306046
2711,0.272505
2716,0.275535
2721,0.265565
2726,0.246446
2731,0.251971
2736,0.248182
2741,0.267509
2746,0.277345
2751,0.278952
2756,0.279261
2761,0.271302
2766,0.269825
2771,0.267289
2776,0.264331
2781,0.260867
2786,0.252853
2791,0.248574
2796,0.244616
2801,0.242374
2806,0.239694
2811,0.239396
2816,0.240509
2821,0.240572
2826,0.240289
2831,0.238573
2836,0.237777
2841,0.238095
2846,0.238683
2851,0.23889
2856,0.238992
2861,0.237268
2866,0.23922
2871,0.240285
2876,0.239823
2881,0.246117
2886,0.2633
2891,0.268528
2896,0.261298
2901,0.257305
2906,0.254119
2911,0.252696
2916,0.252673
2921,0.251532
2926,0.252641
2931,0.255678
2936,0.254189
2941,0.253566
2946,0.256521
2951,0.271757
2956,0.297115
2961,0.41166
2966,0.482338
2971,0.586393
2976,0.672154
2981,0.697552
2986,0.804784
2991,0.829605
2996,0.848701
3001,0.863855
3006,0.87277
3011,0.880173
3016,0.873644
3021,0.874753
3026,0.87665
3031,0.88156
3036,0.88919
3041,0.890879
3046,0.890604
3051,0.889746
3056,0.888473
3061,0.889315
3066,0.886372
3071,0.879228
3076,0.875376
3081,0.873621
3086,0.877183
3091,0.875141
3096,0.875408
3101,0.873703
3106,0.873926
3111,0.87375
3116,0.86951
3121,0.869749
3126,0.868452
3131,0.870925
3136,0.870674
3141,0.866524
3146,0.864063
3151,0.861351
3156,0.859407
3161,0.858639
3166,0.859023
3171,0.85898
3176,0.858134
3181,0.858181
3186,0.855253
3191,0.85467
3196,0.851476
3201,0.850061
3206,0.849215
3211,0.849971
3216,0.849548
3221,0.848208
3226,0.848008
3231,0.847498
3236,0.847075
3241,0.846534
3246,0.845386
3251,0.844873
3256,0.845739
3261,0.847694
3266,0.847181
3271,0.846456
3276,0.846193
3281,0.84713
3286,0.851754
3291,0.851668
3296,0.850908
3301,0.850414
3306,0.850277
3311,0.850857
3316,0.849755
3321,0.850657
3326,0.851891
3331,0.852354
3336,0.853615
3341,0.853349
3346,0.852189
3351,0.851303
3356,0.852424
3361,0.854391
3366,0.854427
3371,0.853976
3376,0.854121
3381,0.85389
3386,0.853588
3391,0.853619
3396,0.852291
3401,0.85157
3406,0.851597
3411,0.854431
3416,0.853901
3421,0.853913
3426,0.8536
3431,0.853388
3436,0.860893
3441,0.860034
3446,0.860532
3451,0.86043
3456,0.860497
3461,0.862213
3466,0.861755
3471,0.8611
3476,0.860885
3481,0.860748
3486,0.861668
3491,0.860657
3496,0.86016
3501,0.86023
3506,0.859819
3511,0.860599
3516,0.859917
3521,0.85996
3526,0.859525
3531,0.859474
3536,0.859466
3541,0.858976
3546,0.858733
3551,0.858279
3556,0.858106
3561,0.858561
3566,0.858294
3571,0.859568
3576,0.859462
3581,0.859258
3586,0.858863
3591,0.858722
3596,0.859
3601,0.859168
3606,0.858831
3611,0.859478
3616,0.861931
3621,0.863906
3626,0.863675
3631,0.863851
3636,0.862319
3641,0.860798
3646,0.859074
3651,0.858302
3656,0.858961
3661,0.85891
3666,0.859235
3671,0.859274
3676,0.859254
3681,0.861335
3686,0.860873
3691,0.860967
3696,0.861508
3701,0.860595
3706,0.861531
3711,0.860485
3716,0.859251
3721,0.857687
3726,0.856625
3731,0.856672
3736,0.856398
3741,0.855779
3746,0.854869
3751,0.854254
3756,0.853612
3761,0.852581
3766,0.850218
3771,0.852009
3776,0.853094
3781,0.853094
3786,0.852503
3791,0.851762
3796,0.853486
3801,0.852115
3806,0.850935
3811,0.850896
3816,0.851911
3821,0.859991
3826,0.859462
3831,0.859639
3836,0.860477
3841,0.860712
3846,0.85918
3851,0.859721
3856,0.859176
3861,0.858847
3866,0.858945
3871,0.860269
3876,0.861371
3881,0.861817
3886,0.860849
3891,0.860269
3896,0.860583
3901,0.856907
3906,0.860951
3911,0.860101
3916,0.859356
3921,0.859717
3926,0.860077
3931,0.860081
3936,0.860222
3941,0.860254
3946,0.860877
3951,0.860677
3956,0.860881
3961,0.860505
3966,0.85918
3971,0.86159
3976,0.861614
3981,0.861418
3986,0.855485
3991,0.860638
3996,0.861461
4001,0.861167
4006,0.860653
4011,0.860791
4016,0.86074
4021,0.861347
4026,0.860407
4031,0.858142
4036,0.859556
4041,0.860254
4046,0.861014
4051,0.860712
4056,0.86023
4061,0.860136
4066,0.860661
4071,0.860689
4076,0.860908
4081,0.860109
4086,0.860293
4091,0.860313
4096,0.862342
4101,0.86161
4106,0.860587
4111,0.860113
4116,0.858835
4121,0.859658
4126,0.859682
4131,0.858843
4136,0.858001
4141,0.85802
4146,0.857946
4151,0.858028
4156,0.857209
4161,0.855395
4166,0.853004
4171,0.851053
4176,0.849528
4181,0.849125
4186,0.857965
4191,0.863475
4196,0.867923
4201,0.872641
4206,0.865466
4211,0.862346
4216,0.86257
4221,0.866692
4226,0.878825
4231,0.886784
4236,0.897063
4241,0.898795
4246,0.903254
4251,0.889715
4256,0.880373
4261,0.874663
4266,0.874208
4271,0.876748
4276,0.888065
4281,0.89131
4286,0.907247
4291,0.913506
4296,0.905292
4301,0.894543
4306,0.888253
4311,0.888477
4316,0.88917
4321,0.872273
4326,0.861567
4331,0.868083
4336,0.864702
4341,0.847961
4346,0.832732
4351,0.825063
4356,0.81973
4361,0.824762
4366,0.837227
4371,0.84662
4376,0.860293
4381,0.858134
4386,0.860023
4391,0.865885
4396,0.85425
4401,0.853161
4406,0.838642
4411,0.78262
4416,0.782471
4421,0.837282
4426,0.843274
4431,0.832345
4436,0.823324
4441,0.806136
4446,0.79744
4451,0.787087
4456,0.760855
4461,0.73273
4466,0.726621
4471,0.732832
4476,0.74009
4481,0.736484
4486,0.737613
4491,0.742672
4496,0.761384
4501,0.78175
4506,0.821262
4511,0.860081
4516,0.891713
4521,0.904688
4526,0.89584
4531,0.900648
4536,0.894488
4541,0.898755
4546,0.899045
4551,0.881145
4556,0.858988
4561,0.843576
4566,0.834445
4571,0.848576
4576,0.843199
4581,0.818386
4586,0.807449
4591,0.812559
4596,0.838854
4601,0.839308
4606,0.815478
4611,0.81453
4616,0.833551
4621,0.83265
4626,0.817912
4631,0.79262
4636,0.772078
4641,0.779312
4646,0.797264
4651,0.805297
4656,0.81538
4661,0.836589
4666,0.847189
4671,0.836737
4676,0.807829
4681,0.763931
4686,0.715864
4691,0.685004
4696,0.683425
4701,0.691109
4706,0.714316
4711,0.741492
4716,0.779971
4721,0.814499
4726,0.812304
4731,0.82522
4736,0.845801
4741,0.859388
4746,0.839669
4751,0.718901
4756,0.591115
4761,0.457548
4766,0.395616
4771,0.343744
4776,0.324178
4781,0.29851
4786,0.272705
4791,0.236947
4796,0.20334
4801,0.188256
4806,0.187837
4811,0.184596
4816,0.173906
4821,0.157153
4826,0.157588
4831,0.157663
4836,0.156091
4841,0.156228
4846,0.156083
4851,0.155985
4856,0.156252
4861,0.156577
4866,0.155899
4871,0.156228
4876,0.15617
4881,0.155684
4886,0.15363
4891,0.153873
4896,0.153638
4901,0.153203
4906,0.15343
4911,0.154155
4916,0.154297
4921,0.198037
4926,0.246438
4931,0.267693
4936,0.336118
4941,0.431947
4946,0.473157
4951,0.466405
4956,0.421786
4961,0.340468
4966,0.26747
4971,0.251172
4976,0.288991
4981,0.318441
4986,0.309643
4991,0.286315
4996,0.259072
5001,0.245051
5006,0.238659
5011,0.232464
5016,0.218744
5021,0.200573
5026,0.206592
5031,0.204931
5036,0.183221
5041,0.177225
5046,0.171155
5051,0.192085
5056,0.229991
5061,0.287714
5066,0.371975
5071,0.426234
5076,0.499549
5081,0.548592
5086,0.555991
5091,0.460037
5096,0.340923
5101,0.296982
5106,0.225277
5111,0.19292
5116,0.207697
5121,0.203418
5126,0.161644
5131,0.132387
5136,0.131156
5141,0.131717
5146,0.132018
5151,0.132175
5156,0.132559
5161,0.132414
5166,0.132657
5171,0.132896
5176,0.133139
5181,0.133159
5186,0.132359
5191,0.132457
5196,0.132183
5201,0.132806
5206,0.13281
5211,0.133022
5216,0.133194
5221,0.132183
5226,0.132692
5231,0.132857
5236,0.132869
5241,0.132861
5246,0.130702
5251,0.130784
5256,0.131145
5261,0.160053
5266,0.200283
5271,0.257073
5276,0.293596
5281,0.308734
5286,0.303017
5291,0.30074
5296,0.323037
5301,0.397302
5306,0.487648
5311,0.539458
5316,0.576431
5321,0.616794
5326,0.614482
5331,0.606762
5336,0.584374
5341,0.572226
5346,0.542887
5351,0.553597
5356,0.568155
5361,0.576071
5366,0.53905
5371,0.493934
5376,0.497421
5381,0.486273
5386,0.458548
5391,0.446729
5396,0.440098
5401,0.460421
5406,0.476025
5411,0.492229
5416,0.499071
5421,0.505522
5426,0.528407
5431,0.541147
5436,0.548683
5441,0.557805
5446,0.567959
5451,0.58274
5456,0.592235
5461,0.595625
5466,0.614917
5471,0.639856
5476,0.642681
5481,0.645189
5486,0.649038
5491,0.650695
5496,0.672354
5501,0.709649
5506,0.749279
5511,0.782612
5516,0.80063
5521,0.824433
5526,0.822038
5531,0.825318
5536,0.828073
5541,0.82464
5546,0.831463
5551,0.831925
5556,0.830879
5561,0.83042
5566,0.828653
5571,0.823449
5576,0.817289
5581,0.816164
5586,0.81674
5591,0.821176
5596,0.823445
5601,0.821948
5606,0.820573
5611,0.819189
5616,0.81752
5621,0.811187
5626,0.809502
5631,0.808997
5636,0.810353
5641,0.811528
5646,0.815216
5651,0.815361
5656,0.808895
5661,0.807723
5666,0.808769
5671,0.804655
5676,0.805772
5681,0.806355
5686,0.805184
5691,0.805325
5696,0.810004
5701,0.808287
5706,0.805282
5711,0.806214
5716,0.805924
5721,0.809036
2,0.256051
7,0.246356
12,0.274006
17,0.309404
22,0.324311
27,0.329386
32,0.322936
37,0.322301
42,0.325777
47,0.308483
52,0.302648
57,0.299517
62,0.299823
67,0.296845
72,0.292797
77,0.297793
82,0.300599
87,0.31886
92,0.350712
97,0.379926
102,0.403254
107,0.409262
112,0.40347
117,0.395087
122,0.391212
127,0.410574
132,0.423663
137,0.433264
142,0.431148
147,0.421065
152,0.412005
157,0.397603
162,0.387477
167,0.378288
172,0.369443
177,0.363949
182,0.360912
187,0.358365
192,0.355657
197,0.350857
202,0.350167
207,0.349332
212,0.349634
217,0.349583
222,0.350194
227,0.350335
232,0.349513
237,0.349783
242,0.348321
247,0.34751
252,0.34916
257,0.349846
262,0.348944
267,0.34731
272,0.34269
277,0.340903
282,0.341926
287,0.346162
292,0.345135
297,0.338885
302,0.336306
307,0.336628
312,0.337208
317,0.337897
322,0.340644
327,0.341589
332,0.342204
337,0.342666
342,0.343607
347,0.355308
352,0.364776
357,0.372519
362,0.378225
367,0.37714
372,0.369157
377,0.366144
382,0.361845
387,0.362958
392,0.376325
397,0.38428
402,0.392595
407,0.401032
412,0.412941
417,0.427049
422,0.440419
427,0.461569
432,0.483776
437,0.507571
442,0.525017
447,0.541335
452,0.553671
457,0.560991
462,0.571129
467,0.579758
472,0.596812
477,0.598603
482,0.601515
487,0.60215
492,0.603059
497,0.603796
502,0.602487
507,0.600586
512,0.600602
517,0.614408
522,0.650766
527,0.677938
532,0.689502
537,0.691199
542,0.695138
547,0.708716
552,0.706322
557,0.701694
562,0.699723
567,0.700726
572,0.694272
577,0.694256
582,0.692708
587,0.692246
592,0.693268
597,0.724117
602,0.73657
607,0.742974
612,0.759217
617,0.764699
622,0.78347
627,0.785292
632,0.791543
637,0.801339
642,0.806669
647,0.818045
652,0.817877
657,0.824515
662,0.821928
667,0.821568
672,0.819581
677,0.818449
682,0.817669
687,0.813609
692,0.81027
697,0.813127
702,0.813013
707,0.819358
712,0.826439
717,0.828136
722,0.838219
727,0.838638
732,0.839269
737,0.838889
742,0.838634
747,0.840088
752,0.840253
757,0.840601
762,0.840883
767,0.842036
772,0.846495
777,0.846511
782,0.846072
787,0.845406
792,0.845355
797,0.842396
802,0.841354
807,0.841311
812,0.839868
817,0.843678
822,0.845069
827,0.847028
832,0.847988
837,0.84876
842,0.84925
847,0.850798
852,0.85097
857,0.850892
862,0.850422
867,0.850402
872,0.848866
877,0.848513
882,0.849383
887,0.849842
892,0.850347
897,0.850759
902,0.850872
907,0.852193
912,0.852373
917,0.852569
922,0.851593
927,0.851711
932,0.850414
937,0.850045
942,0.848933
947,0.848756
952,0.848878
957,0.849959
962,0.850049
967,0.850469
972,0.850053
977,0.848737
982,0.847212
987,0.848854
992,0.848725
997,0.848682
1002,0.849497
1007,0.849563
1012,0.84693
1017,0.847244
1022,0.847949
1027,0.84673
1032,0.846993
1037,0.848255
1042,0.84791
1047,0.847992
1052,0.847824
1057,0.847871
1062,0.846844
1067,0.847032
1072,0.847616
1077,0.847588
1082,0.84731
1087,0.846381
1092,0.846652
1097,0.84664
1102,0.846315
1107,0.845907
1112,0.846052
1117,0.846523
1122,0.847342
1127,0.846444
1132,0.844967
1137,0.845751
1142,0.845939
1147,0.844802
1152,0.846577
1157,0.846691
1162,0.844971
1167,0.844555
1172,0.847357
1177,0.847773
1182,0.847369
1187,0.846926
1192,0.846867
1197,0.847369
1202,0.84666
1207,0.846534
1212,0.849003
1217,0.847961
1222,0.847921
1227,0.84789
1232,0.8476
1237,0.844955
1242,0.844747
1247,0.845778
1252,0.845778
1257,0.846268
1262,0.845978
1267,0.845876
1272,0.846178
1277,0.846691
1282,0.847412
1287,0.846201
1292,0.845613
1297,0.845045
1302,0.846405
1307,0.846887
1312,0.846479
1317,0.845531
1322,0.846346
1327,0.846342
1332,0.846836
1337,0.846852
1342,0.847424
1347,0.847173
1352,0.846366
1357,0.846358
1362,0.845778
1367,0.845006
1372,0.845954
1377,0.845731
1382,0.846236
1387,0.846272
1392,0.847878
1397,0.848384
1402,0.849156
1407,0.849759
1412,0.850269
1417,0.850445
1422,0.850829
1427,0.85175
1432,0.851147
1437,0.853815
1442,0.853114
1447,0.85704
1452,0.856484
1457,0.856304
1462,0.857848
1467,0.858929
1472,0.861649
1477,0.862754
1482,0.86489
1487,0.867554
1492,0.87279
1497,0.880537
1502,0.870654
1507,0.867476
1512,0.869765
1517,0.874624
1522,0.871602
1527,0.877324
1532,0.877919
1537,0.878006
1542,0.874322
1547,0.876352
1552,0.877716
1557,0.882595
1562,0.880714
1567,0.874859
1572,0.877669
1577,0.877935
1582,0.880514
1587,0.883304
1592,0.881909
1597,0.86601
1602,0.857522
1607,0.861414
1612,0.862676
1617,0.867786
1622,0.861108
1627,0.867021
1632,0.863028
1637,0.86411
1642,0.868585
1647,0.866367
1652,0.860183
1657,0.852169
1662,0.855042
1667,0.856284
1672,0.861923
1677,0.85949
1682,0.845982
1687,0.835389
1692,0.840241
1697,0.836071
1702,0.831416
1707,0.84039
1712,0.845331
1717,0.834241
1722,0.833571
1727,0.84994
1732,0.850641
1737,0.8013
1742,0.779508
1747,0.766702
1752,0.711396
1757,0.64624
1762,0.612907
1767,0.603486
1772,0.643669
1777,0.689287
1782,0.702383
1787,0.687672
1792,0.66358
1797,0.632195
1802,0.624334
1807,0.63321
1812,0.623064
1817,0.619588
1822,0.590531
1827,0.566082
1832,0.544372
1837,0.518316
1842,0.529469
1847,0.533901
1852,0.540124
1857,0.510165
1862,0.490383
1867,0.458356
1872,0.453633
1877,0.479619
1882,0.513966
1887,0.492155
1892,0.519351
1897,0.539046
1902,0.545602
1907,0.629867
1912,0.692649
1917,0.727424
1922,0.752747
1927,0.698159
1932,0.624212
1937,0.470543
1942,0.41925
1947,0.403779
1952,0.369835
1957,0.349881
1962,0.330989
1967,0.314679
1972,0.27912
1977,0.229395
1982,0.20899
1987,0.174995
1992,0.175101
1997,0.173291
2002,0.172824
2007,0.214841
2012,0.273924
2017,0.403779
2022,0.483898
2027,0.593493
2032,0.682872
2037,0.701016
2042,0.660566
2047,0.509217
2052,0.433397
2057,0.36808
2062,0.287832
2067,0.271651
2072,0.27332
2077,0.247053
2082,0.197559
2087,0.168478
2092,0.168114
2097,0.16927
2102,0.176794
2107,0.207294
2112,0.266314
2117,0.389919
2122,0.566681
2127,0.7334
2132,0.838861
2137,0.891612
2142,0.890283
2147,0.88406
2152,0.859979
2157,0.738075
2162,0.649418
2167,0.649994
2172,0.637603
2177,0.571431
2182,0.418388
2187,0.308123
2192,0.27459
2197,0.235826
2202,0.208269
2207,0.194946
2212,0.17324
2217,0.165387
2222,0.163482
2227,0.162886
2232,0.162745
2237,0.16233
2242,0.164662
2247,0.166691
2252,0.16626
2257,0.166801
2262,0.167236
2267,0.171743
2272,0.20602
2277,0.247774
2282,0.28289
2287,0.297205
2292,0.302358
2297,0.279528
2302,0.277012
2307,0.289791
2312,0.279551
2317,0.270801
2322,0.264562
2327,0.249702
2332,0.220261
2337,0.191137
2342,0.183013
2347,0.176673
2352,0.182449
2357,0.204429
2362,0.192524
2367,0.179181
2372,0.170046
2377,0.166445
2382,0.162455
2387,0.188977
2392,0.285668
2397,0.395252
2402,0.438558
2407,0.436179
2412,0.358678
2417,0.297824
2422,0.23188
2427,0.190564
2432,0.163897
2437,0.191148
2442,0.234196
2447,0.239764
2452,0.206306
2457,0.187578
2462,0.197802
2467,0.185991
2472,0.178514
2477,0.165853
2482,0.183185
2487,0.194236
2492,0.179047
2497,0.174043
2502,0.167691
2507,0.168596
2512,0.189679
2517,0.243832
2522,0.290198
2527,0.350688
2532,0.35559
2537,0.329813
2542,0.291641
2547,0.244298
2552,0.235269
2557,0.230692
2562,0.18835
2567,0.163102
2572,0.146588
2577,0.144555
2582,0.14468
2587,0.143673
2592,0.144382
2597,0.144386
2602,0.144186
2607,0.144613
2612,0.143007
2617,0.143206
2622,0.143406
2627,0.156883
2632,0.202536
2637,0.22039
2642,0.246293
2647,0.329934
2652,0.415978
2657,0.486527
2662,0.523446
2667,0.508943
2672,0.498985
2677,0.449064
2682,0.404065
2687,0.361849
2692,0.378938
2697,0.378213
2702,0.339716
2707,0.295975
2712,0.273528
2717,0.275045
2722,0.259487
2727,0.245164
2732,0.254463
2737,0.253166
2742,0.272376
2747,0.27767
2752,0.279061
2757,0.27814
2762,0.271385
2767,0.268806
2772,0.266721
2777,0.263872
2782,0.260161
2787,0.251979
2792,0.248503
2797,0.2448
2802,0.240916
2807,0.240109
2812,0.239635
2817,0.240701
2822,0.240458
2827,0.239631
2832,0.238232
2837,0.237354
2842,0.238483
2847,0.238581
2852,0.238949
2857,0.238687
2862,0.237597
2867,0.239267
2872,0.240289
2877,0.238953
2882,0.248867
2887,0.265248
2892,0.267572
2897,0.262634
2902,0.256819
2907,0.254048
2912,0.252618
2917,0.252532
2922,0.252159
2927,0.252034
2932,0.256744
2937,0.252861
2942,0.253927
2947,0.259671
2952,0.277071
2957,0.299886
2962,0.41869
2967,0.494341
2972,0.596613
2977,0.681532
2982,0.708559
2987,0.807304
2992,0.836831
2997,0.848419
3002,0.866293
3007,0.873542
3012,0.876744
3017,0.874444
3022,0.875031
3027,0.878029
3032,0.882214
3037,0.890793
3042,0.891216
3047,0.890671
3052,0.888931
3057,0.889033
3062,0.889539
3067,0.88308
3072,0.878954
3077,0.875235
3082,0.873664
3087,0.876846
3092,0.875631
3097,0.874608
3102,0.874377
3107,0.873154
3112,0.872896
3117,0.870501
3122,0.869134
3127,0.870055
3132,0.870791
3137,0.869126
3142,0.866508
3147,0.864478
3152,0.860516
3157,0.859164
3162,0.858839
3167,0.858886
3172,0.859043
3177,0.858063
3182,0.857366
3187,0.855508
3192,0.85311
3197,0.851629
3202,0.85023
3207,0.84936
3212,0.850167
3217,0.848858
3222,0.848415
3227,0.848086
3232,0.847189
3237,0.84653
3242,0.846107
3247,0.844975
3252,0.845182
3257,0.845558
3262,0.847271
3267,0.847118
3272,0.846095
3277,0.846926
3282,0.847698
3287,0.851605
3292,0.85164
3297,0.851041
3302,0.850222
3307,0.849853
3312,0.850531
3317,0.8499
3322,0.850735
3327,0.852017
3332,0.852193
3337,0.853666
3342,0.853709
3347,0.851993
3352,0.85126
3357,0.852185
3362,0.854141
3367,0.854376
3372,0.854176
3377,0.854094
3382,0.853745
3387,0.853474
3392,0.853529
3397,0.851554
3402,0.851586
3407,0.851503
3412,0.854407
3417,0.854101
3422,0.853886
3427,0.853612
3432,0.853376
3437,0.860387
3442,0.860348
3447,0.86061
3452,0.860512
3457,0.860191
3462,0.862233
3467,0.861465
3472,0.861132
3477,0.860877
3482,0.860418
3487,0.861261
3492,0.860544
3497,0.860164
3502,0.860379
3507,0.859725
3512,0.860638
3517,0.859913
3522,0.859748
3527,0.859388
3532,0.859333
3537,0.859137
3542,0.858741
3547,0.858835
3552,0.85813
3557,0.857965
3562,0.858443
3567,0.858193
3572,0.859862
3577,0.859266
3582,0.859055
3587,0.858733
3592,0.858643
3597,0.858929
3602,0.859141
3607,0.858769
3612,0.860003
3617,0.862068
3622,0.864204
3627,0.864212
3632,0.863361
3637,0.861962
3642,0.860164
3647,0.859035
3652,0.858526
3657,0.859125
3662,0.858839
3667,0.859117
3672,0.858725
3677,0.860144
3682,0.861378
3687,0.860849
3692,0.860763
3697,0.861343
3702,0.860959
3707,0.861437
3712,0.860332
3717,0.858953
3722,0.857409
3727,0.856598
3732,0.856821
3737,0.85599
3742,0.855665
3747,0.85496
3752,0.854356
3757,0.853298
3762,0.851707
3767,0.848333
3772,0.850986
3777,0.853098
3782,0.853239
3787,0.852299
3792,0.851926
3797,0.853486
3802,0.851648
3807,0.850618
3812,0.850935
3817,0.851613
3822,0.859932
3827,0.859419
3832,0.860391
3837,0.860559
3842,0.860622
3847,0.859454
3852,0.859423
3857,0.859254
3862,0.858823
3867,0.858725
3872,0.860407
3877,0.861441
3882,0.861904
3887,0.860552
3892,0.860399
3897,0.859815
3902,0.857119
3907,0.860144
3912,0.860011
3917,0.85938
3922,0.859979
3927,0.86023
3932,0.858396
3937,0.860136
3942,0.859544
3947,0.860791
3952,0.860685
3957,0.860904
3962,0.859686
3967,0.860046
3972,0.861641
3977,0.86157
3982,0.859607
3987,0.857138
3992,0.861194
3997,0.861465
4002,0.86112
4007,0.860575
4012,0.860928
4017,0.86072
4022,0.860556
4027,0.860516
4032,0.857891
4037,0.859215
4042,0.859881
4047,0.861038
4052,0.860759
4057,0.860399
4062,0.860128
4067,0.86083
4072,0.860336
4077,0.860552
4082,0.86032
4087,0.860364
4092,0.85996
4097,0.862123
4102,0.861171
4107,0.860614
4112,0.859682
4117,0.858804
4122,0.859611
4127,0.859654
4132,0.858345
4137,0.857824
4142,0.857867
4147,0.858506
4152,0.85851
4157,0.857127
4162,0.854564
4167,0.853153
4172,0.850567
4177,0.849336
4182,0.850281
4187,0.857765
4192,0.864078
4197,0.869506
4202,0.87203
4207,0.864247
4212,0.86257
4217,0.862973
4222,0.870631
4227,0.879667
4232,0.88977
4237,0.897243
4242,0.897701
4247,0.8999
4252,0.888257
4257,0.879812
4262,0.873918
4267,0.876015
4272,0.878625
4277,0.889272
4282,0.895115
4287,0.907067
4292,0.916456
4297,0.903752
4302,0.896036
4307,0.887007
4312,0.890463
4317,0.887352
4322,0.872108
4327,0.863487
4332,0.866677
4337,0.858792
4342,0.845598
4347,0.831165
4352,0.82591
4357,0.820537
4362,0.825612
4367,0.840601
4372,0.850422
4377,0.860352
4382,0.858792
4387,0.862621
4392,0.867672
4397,0.854497
4402,0.84936
4407,0.836381
4412,0.775319
4417,0.79505
4422,0.839688
4427,0.842071
4432,0.82591
4437,0.821552
4442,0.8044
4447,0.795211
4452,0.785974
4457,0.755067
4462,0.733189
4467,0.72849
4472,0.732354
4477,0.744467
4482,0.735258
4487,0.731006
4492,0.746838
4497,0.764707
4502,0.789454
4507,0.841655
4512,0.861833
4517,0.896388
4522,0.903423
4527,0.893743
4532,0.897682
4537,0.896729
4542,0.899712
4547,0.893183
4552,0.878746
4557,0.858823
4562,0.842306
4567,0.834147
4572,0.849689
4577,0.837976
4582,0.81424
4587,0.807739
4592,0.818178
4597,0.842729
4602,0.836835
4607,0.814177
4612,0.818688
4617,0.8341
4622,0.834868
4627,0.813687
4632,0.790598
4637,0.771051
4642,0.780037
4647,0.79822
4652,0.805258
4657,0.818989
4662,0.838207
4667,0.848576
4672,0.834245
4677,0.80413
4682,0.755474
4687,0.704688
4692,0.684106
4697,0.685976
4702,0.696991
4707,0.718333
4712,0.751991
4717,0.780519
4722,0.812057
4727,0.819742
4732,0.82843
4737,0.84778
4742,0.861057
4747,0.822164
4752,0.713904
4757,0.560756
4762,0.439181
4767,0.38832
4772,0.337411
4777,0.316795
4782,0.296022
4787,0.265181
4792,0.229721
4797,0.201404
4802,0.187147
4807,0.187813
4812,0.182602
4817,0.172585
4822,0.157659
4827,0.157627
4832,0.157819
4837,0.15617
4842,0.156103
4847,0.156048
4852,0.15595
4857,0.156013
4862,0.156452
4867,0.156056
4872,0.156322
4877,0.15615
4882,0.155707
4887,0.153666
4892,0.153744
4897,0.153356
4902,0.153262
4907,0.153454
4912,0.15434
4917,0.15644
4922,0.205804
4927,0.254934
4932,0.268061
4937,0.343583
4942,0.4483
4947,0.47918
4952,0.460954
4957,0.404908
4962,0.328289
4967,0.256811
4972,0.256533
4977,0.299117
4982,0.318359
4987,0.305125
4992,0.27488
4997,0.255208
5002,0.239917
5007,0.238734
5012,0.232123
5017,0.214849
5022,0.198727
5027,0.209233
5032,0.200342
5037,0.181908
5042,0.174788
5047,0.174404
5052,0.198096
5057,0.235693
5062,0.30123
5067,0.380815
5072,0.434737
5077,0.515769
5082,0.557402
5087,0.555395
5092,0.386161
5097,0.330804
5102,0.28927
5107,0.217216
5112,0.195823
5117,0.20883
5122,0.193464
5127,0.152243
5132,0.131721
5137,0.131305
5142,0.131685
5147,0.132069
5152,0.132371
5157,0.132583
5162,0.132406
5167,0.13281
5172,0.132951
5177,0.13312
5182,0.133151
5187,0.132469
5192,0.13254
5197,0.132857
5202,0.132837
5207,0.132994
5212,0.133124
5217,0.133269
5222,0.132367
5227,0.132736
5232,0.132877
5237,0.132888
5242,0.132869
5247,0.131129
5252,0.130823
5257,0.131274
5262,0.165144
5267,0.215119
5272,0.267689
5277,0.297378
5282,0.308859
5287,0.301241
5292,0.303181
5297,0.346977
5302,0.411307
5307,0.496732
5312,0.548067
5317,0.584829
5322,0.617041
5327,0.611931
5332,0.602483
5337,0.581506
5342,0.570051
5347,0.549533
5352,0.554612
5357,0.56991
5362,0.57569
5367,0.537506
5372,0.498389
5377,0.492351
5382,0.482695
5387,0.455319
5392,0.445471
5397,0.442649
5402,0.462929
5407,0.480802
5412,0.492331
5417,0.502093
5422,0.508606
5427,0.528838
5432,0.543647
5437,0.547719
5442,0.558938
5447,0.569938
5452,0.58611
5457,0.594026
5462,0.598611
5467,0.617143
5472,0.641161
5477,0.643355
5482,0.646784
5487,0.649257
5492,0.650809
5497,0.675669
5502,0.722287
5507,0.766047
5512,0.792957
5517,0.802738
5522,0.82149
5527,0.823414
5532,0.827607
5537,0.827501
5542,0.824613
5547,0.831878
5552,0.832207
5557,0.830859
5562,0.830456
5567,0.829288
5572,0.821552
5577,0.817892
5582,0.815917
5587,0.817986
5592,0.821066
5597,0.822203
5602,0.821576
5607,0.820385
5612,0.818707
5617,0.816407
5622,0.810686
5627,0.809169
5632,0.808417
5637,0.81103
5642,0.812308
5647,0.815788
5652,0.81424
5657,0.808323
5662,0.80857
5667,0.808648
5672,0.80505
5677,0.806003
5682,0.806304
5687,0.805066
5692,0.80574
5697,0.81047
5702,0.807029
5707,0.805062
5712,0.805862
5717,0.805674
5722,0.808907
3,0.253343
8,0.25127
13,0.283842
18,0.310858
23,0.328986
28,0.325687
33,0.322124
38,0.324146
43,0.323273
48,0.307406
53,0.302096
58,0.29965
63,0.298561
68,0.296006
73,0.294309
78,0.297883
83,0.30351
88,0.327219
93,0.353502
98,0.384965
103,0.407894
108,0.408509
113,0.402137
118,0.393136
123,0.393473
128,0.414011
133,0.426461
138,0.432794
143,0.431163
148,0.419341
153,0.410288
158,0.393716
163,0.385624
168,0.377916
173,0.36717
178,0.364028
183,0.360238
188,0.357095
193,0.354458
198,0.350488
203,0.350151
208,0.349003
213,0.34965
218,0.349634
223,0.350598
228,0.350096
233,0.34994
238,0.349481
243,0.347753
248,0.347588
253,0.349148
258,0.349783
263,0.348819
268,0.347134
273,0.342643
278,0.340409
283,0.343446
288,0.346334
293,0.344077
298,0.337976
303,0.335809
308,0.336706
313,0.336843
318,0.337776
323,0.340648
328,0.34162
333,0.342216
338,0.34249
343,0.345359
348,0.356762
353,0.366802
358,0.373981
363,0.378519
368,0.375768
373,0.368573
378,0.36487
383,0.361304
388,0.36556
393,0.377618
398,0.387007
403,0.394903
408,0.402
413,0.416958
418,0.430019
423,0.441387
428,0.46673
433,0.489972
438,0.509519
443,0.527466
448,0.544885
453,0.553628
458,0.564428
463,0.572842
468,0.580577
473,0.597416
478,0.599779
483,0.601456
488,0.602271
493,0.6034
498,0.603126
503,0.602185
508,0.600586
513,0.600719
518,0.621156
523,0.656808
528,0.681967
533,0.688868
538,0.692175
543,0.695177
548,0.707156
553,0.70591
558,0.701494
563,0.699871
568,0.700534
573,0.695071
578,0.694162
583,0.692387
588,0.692869
593,0.696854
598,0.730818
603,0.737201
608,0.748797
613,0.760181
618,0.764441
623,0.783658
628,0.784093
633,0.796155
638,0.801861
643,0.806387
648,0.817818
653,0.817253
658,0.825522
663,0.824969
668,0.820847
673,0.819366
678,0.818621
683,0.816575
688,0.812763
693,0.809749
698,0.81368
703,0.812543
708,0.82207
713,0.826533
718,0.828665
723,0.838336
728,0.838712
733,0.839198
738,0.838971
743,0.838814
748,0.83981
753,0.839982
758,0.840974
763,0.841303
768,0.842275
773,0.846338
778,0.846397
783,0.845751
788,0.845609
793,0.844908
798,0.842161
803,0.841628
808,0.841381
813,0.84095
818,0.843489
823,0.845574
828,0.847526
833,0.848541
838,0.848866
843,0.84925
848,0.851245
853,0.850919
858,0.850763
863,0.850379
868,0.850437
873,0.848791
878,0.848788
883,0.849324
888,0.850194
893,0.850265
898,0.850951
903,0.85088
908,0.852177
913,0.852314
918,0.851938
923,0.851738
928,0.851805
933,0.850559
938,0.849724
943,0.848772
948,0.848788
953,0.848878
958,0.849673
963,0.850034
968,0.850598
973,0.849755
978,0.848599
983,0.847412
988,0.848956
993,0.848893
998,0.848858
1003,0.849775
1008,0.849689
1013,0.846848
1018,0.847114
1023,0.847667
1028,0.846495
1033,0.846773
1038,0.848176
1043,0.848008
1048,0.848019
1053,0.848168
1058,0.847929
1063,0.846765
1068,0.847044
1073,0.847381
1078,0.847773
1083,0.847232
1088,0.846084
1093,0.846491
1098,0.846448
1103,0.84615
1108,0.845974
1113,0.846479
1118,0.846452
1123,0.847247
1128,0.845539
1133,0.845225
1138,0.845594
1143,0.845253
1148,0.845108
1153,0.847055
1158,0.846683
1163,0.844869
1168,0.845308
1173,0.846664
1178,0.847984
1183,0.84724
1188,0.847106
1193,0.846867
1198,0.847228
1203,0.846852
1208,0.846601
1213,0.848537
1218,0.848235
1223,0.84782
1228,0.84769
1233,0.847197
1238,0.844826
1243,0.844947
1248,0.845845
1253,0.845703
1258,0.846174
1263,0.846236
1268,0.845602
1273,0.846041
1278,0.846805
1283,0.847537
1288,0.845829
1293,0.845833
1298,0.845308
1303,0.846562
1308,0.846997
1313,0.84624
1318,0.846041
1323,0.846601
1328,0.846526
1333,0.846495
1338,0.846636
1343,0.847099
1348,0.846938
1353,0.846456
1358,0.846385
1363,0.845982
1368,0.845037
1373,0.846037
1378,0.846029
1383,0.846534
1388,0.846656
1393,0.847357
1398,0.848944
1403,0.849183
1408,0.849947
1413,0.850249
1418,0.850817
1423,0.851335
1428,0.852173
1433,0.850915
1438,0.852945
1443,0.853498
1448,0.856315
1453,0.856668
1458,0.856817
1463,0.857358
1468,0.85947
1473,0.860873
1478,0.864831
1483,0.866132
1488,0.868381
1493,0.873284
1498,0.878229
1503,0.86989
1508,0.866645
1513,0.871599
1518,0.874514
1523,0.872527
1528,0.879322
1533,0.879499
1538,0.875635
1543,0.873166
1548,0.87567
1553,0.878092
1558,0.883504
1563,0.879103
1568,0.875533
1573,0.876771
1578,0.877183
1583,0.882324
1588,0.883386
1593,0.878413
1598,0.862919
1603,0.858788
1608,0.86016
1613,0.862103
1618,0.865121
1623,0.866285
1628,0.866665
1633,0.863177
1638,0.866069
1643,0.866747
1648,0.865117
1653,0.859466
1658,0.850418
1663,0.857479
1668,0.857319
1673,0.863209
1678,0.856605
1683,0.842196
1688,0.835303
1693,0.84307
1698,0.837451
1703,0.831122
1708,0.843395
1713,0.846091
1718,0.833548
1723,0.836851
1728,0.852318
1733,0.845782
1738,0.798875
1743,0.777306
1748,0.717855
1753,0.668181
1758,0.642905
1763,0.610313
1768,0.611233
1773,0.654492
1778,0.694758
1783,0.697532
1788,0.68844
1793,0.661354
1798,0.625466
1803,0.62451
1808,0.633962
1813,0.623789
1818,0.614251
1823,0.585601
1828,0.555011
1833,0.540508
1838,0.520229
1843,0.52805
1848,0.538894
1853,0.538572
1858,0.508116
1863,0.489945
1868,0.454876
1873,0.459014
1878,0.489607
1883,0.502704
1888,0.497371
1893,0.531275
1898,0.526616
1903,0.558005
1908,0.652749
1913,0.696948
1918,0.740454
1923,0.754369
1928,0.689663
1933,0.544333
1938,0.457854
1943,0.427672
1948,0.392744
1953,0.363538
1958,0.345276
1963,0.328912
1968,0.308468
1973,0.272478
1978,0.22338
1983,0.204601
1988,0.175806
1993,0.174909
1998,0.170685
2003,0.17688
2008,0.22818
2013,0.308225
2018,0.429278
2023,0.501748
2028,0.62308
2033,0.682602
2038,0.686728
2043,0.641737
2048,0.495642
2053,0.410856
2058,0.350727
2063,0.283141
2068,0.271283
2073,0.273497
2078,0.243534
2083,0.188562
2088,0.169078
2093,0.168482
2098,0.169176
2103,0.182123
2108,0.211075
2113,0.292322
2118,0.430086
2123,0.611884
2128,0.779508
2133,0.85068
2138,0.892172
2143,0.889868
2148,0.886407
2153,0.855927
2158,0.71305
2163,0.649308
2168,0.648567
2173,0.638093
2178,0.549897
2183,0.407945
2188,0.301524
2193,0.267438
2198,0.233412
2203,0.202854
2208,0.193676
2213,0.171994
2218,0.163039
2223,0.163447
2228,0.162812
2233,0.162941
2238,0.163999
2243,0.164172
2248,0.166958
2253,0.167836
2258,0.16762
2263,0.168843
2268,0.174933
2273,0.210425
2278,0.257908
2283,0.288831
2288,0.300842
2293,0.300963
2298,0.272713
2303,0.278771
2308,0.28943
2313,0.276083
2318,0.270809
2323,0.257305
2328,0.242468
2333,0.21635
2338,0.187915
2343,0.17969
2348,0.175368
2353,0.188429
2358,0.205679
2363,0.188985
2368,0.17737
2373,0.16724
2378,0.165645
2383,0.163055
2388,0.200773
2393,0.298087
2398,0.415457
2403,0.442179
2408,0.435149
2413,0.360293
2418,0.293173
2423,0.225065
2428,0.1827
2433,0.16012
2438,0.196556
2443,0.239909
2448,0.23255
2453,0.20109
2458,0.193621
2463,0.196615
2468,0.185525
2473,0.173428
2478,0.166746
2483,0.187602
2488,0.1877
2493,0.179157
2498,0.173248
2503,0.168404
2508,0.169685
2513,0.196819
2518,0.254154
2523,0.313103
2528,0.354497
2533,0.353898
2538,0.327583
2543,0.286342
2548,0.237464
2553,0.235653
2558,0.227557
2563,0.180944
2568,0.158736
2573,0.145809
2578,0.144417
2583,0.144413
2588,0.144029
2593,0.144284
2598,0.144551
2603,0.144351
2608,0.144555
2613,0.143355
2618,0.143242
2623,0.143442
2628,0.167005
2633,0.206929
2638,0.220711
2643,0.26042
2648,0.336565
2653,0.437939
2658,0.503895
2663,0.529136
2668,0.503515
2673,0.483322
2678,0.444742
2683,0.39486
2688,0.366065
2693,0.380514
2698,0.370537
2703,0.32861
2708,0.291162
2713,0.274817
2718,0.275056
2723,0.2558
2728,0.244443
2733,0.25986
2738,0.255345
2743,0.274183
2748,0.276232
2753,0.280511
2758,0.277353
2763,0.27075
2768,0.268367
2773,0.267822
2778,0.262705
2783,0.259762
2788,0.250204
2793,0.247327
2798,0.243844
2803,0.240834
2808,0.241171
2813,0.23987
2818,0.240936
2823,0.240764
2828,0.239615
2833,0.237766
2838,0.237868
2843,0.238459
2848,0.238471
2853,0.239404
2858,0.239016
2863,0.237985
2868,0.239792
2873,0.240207
2878,0.238502
2883,0.254605
2888,0.265992
2893,0.266913
2898,0.261039
2903,0.256282
2908,0.254401
2913,0.252461
2918,0.252383
2923,0.25268
2928,0.252097
2933,0.257536
2938,0.252782
2943,0.253993
2948,0.261008
2953,0.280711
2958,0.320718
2963,0.421903
2968,0.544446
2973,0.619079
2978,0.686277
2983,0.737954
2988,0.808652
2993,0.843262
2998,0.856931
3003,0.868855
3008,0.874992
3013,0.874753
3018,0.875227
3023,0.876015
3028,0.879154
3033,0.882293
3038,0.890624
3043,0.890197
3048,0.890503
3053,0.888218
3058,0.887936
3063,0.88975
3068,0.881
3073,0.877641
3078,0.874585
3083,0.87241
3088,0.875247
3093,0.875956
3098,0.87451
3103,0.874538
3108,0.872504
3113,0.871336
3118,0.87065
3123,0.868518
3128,0.870266
3133,0.871281
3138,0.868248
3143,0.865662
3148,0.864125
3153,0.860614
3158,0.85882
3163,0.859086
3168,0.85911
3173,0.858682
3178,0.857906
3183,0.855814
3188,0.855445
3193,0.852365
3198,0.851554
3203,0.850038
3208,0.849089
3213,0.849998
3218,0.848823
3223,0.848486
3228,0.847831
3233,0.84682
3238,0.847259
3243,0.845931
3248,0.844932
3253,0.845374
3258,0.845558
3263,0.847146
3268,0.846809
3273,0.845903
3278,0.846374
3283,0.847706
3288,0.851781
3293,0.851472
3298,0.850817
3303,0.850245
3308,0.849724
3313,0.849418
3318,0.850175
3323,0.850649
3328,0.851962
3333,0.852252
3338,0.853729
3343,0.853721
3348,0.851852
3353,0.851319
3358,0.852373
3363,0.854125
3368,0.854329
3373,0.854387
3378,0.854054
3383,0.853862
3388,0.8534
3393,0.853274
3398,0.851535
3403,0.85168
3408,0.85146
3413,0.854262
3418,0.85387
3423,0.85387
3428,0.853588
3433,0.854129
3438,0.860356
3443,0.860207
3448,0.860489
3453,0.860579
3458,0.860246
3463,0.862139
3468,0.861696
3473,0.860928
3478,0.860759
3483,0.860414
3488,0.861108
3493,0.860559
3498,0.86014
3503,0.86016
3508,0.859654
3513,0.86061
3518,0.859658
3523,0.859646
3528,0.859588
3533,0.859341
3538,0.859192
3543,0.858577
3548,0.858624
3553,0.858091
3558,0.857934
3563,0.858157
3568,0.858298
3573,0.85974
3578,0.859352
3583,0.859317
3588,0.858765
3593,0.858761
3598,0.858878
3603,0.859192
3608,0.859004
3613,0.860175
3618,0.862229
3623,0.864086
3628,0.864212
3633,0.863381
3638,0.861375
3643,0.860003
3648,0.858968
3653,0.858827
3658,0.859047
3663,0.858921
3668,0.859055
3673,0.858953
3678,0.860293
3683,0.861429
3688,0.86092
3693,0.860567
3698,0.860081
3703,0.861574
3708,0.861081
3713,0.859995
3718,0.859047
3723,0.85706
3728,0.856794
3733,0.856656
3738,0.856174
3743,0.855708
3748,0.854701
3753,0.854395
3758,0.852969
3763,0.851656
3768,0.849509
3773,0.852742
3778,0.853204
3783,0.853047
3788,0.85197
3793,0.851864
3798,0.853075
3803,0.851589
3808,0.850469
3813,0.850986
3818,0.851758
3823,0.859972
3828,0.859298
3833,0.860603
3838,0.860536
3843,0.860791
3848,0.859513
3853,0.859544
3858,0.858737
3863,0.858859
3868,0.858439
3873,0.860779
3878,0.861641
3883,0.860932
3888,0.860528
3893,0.860168
3898,0.860481
3903,0.858647
3908,0.859827
3913,0.859807
3918,0.859333
3923,0.860011
3928,0.860183
3933,0.860038
3938,0.860297
3943,0.85967
3948,0.861132
3953,0.860642
3958,0.860873
3963,0.859266
3968,0.859776
3973,0.861668
3978,0.861547
3983,0.86003
3988,0.857001
3993,0.861049
3998,0.861594
4003,0.860959
4008,0.860846
4013,0.860975
4018,0.86052
4023,0.861257
4028,0.859251
4033,0.857957
4038,0.860191
4043,0.859525
4048,0.860987
4053,0.860622
4058,0.860528
4063,0.860101
4068,0.861057
4073,0.860383
4078,0.860548
4083,0.860387
4088,0.860426
4093,0.859881
4098,0.862068
4103,0.860657
4108,0.86032
4113,0.859729
4118,0.85869
4123,0.859717
4128,0.85958
4133,0.858432
4138,0.857769
4143,0.858008
4148,0.85824
4153,0.85842
4158,0.856719
4163,0.854101
4168,0.853294
4173,0.850653
4178,0.8501
4183,0.851111
4188,0.857965
4193,0.865015
4198,0.871751
4203,0.870944
4208,0.863796
4213,0.861931
4218,0.863836
4223,0.87424
4228,0.880051
4233,0.892654
4238,0.899774
4243,0.899661
4248,0.898712
4253,0.88794
4258,0.877249
4263,0.87406
4268,0.878206
4273,0.882743
4278,0.888049
4283,0.897686
4288,0.908411
4293,0.913549
4298,0.901839
4303,0.893465
4308,0.885557
4313,0.891169
4318,0.882465
4323,0.869145
4328,0.863408
4333,0.868056
4338,0.855833
4343,0.845798
4348,0.828888
4353,0.823304
4358,0.819417
4363,0.829029
4368,0.84106
4373,0.85262
4378,0.860701
4383,0.859019
4388,0.862695
4393,0.865803
4398,0.853964
4403,0.845939
4408,0.825867
4413,0.770064
4418,0.804028
4423,0.844857
4428,0.840774
4433,0.826631
4438,0.815369
4443,0.802441
4448,0.792083
4453,0.777274
4458,0.751372
4463,0.732867
4468,0.731151
4473,0.735465
4478,0.745478
4483,0.726907
4488,0.731276
4493,0.7529
4498,0.771428
4503,0.788071
4508,0.845112
4513,0.874898
4518,0.896381
4523,0.900821
4528,0.893089
4533,0.895358
4538,0.898701
4543,0.902047
4548,0.890914
4553,0.871826
4558,0.85099
4563,0.840848
4568,0.839759
4573,0.85023
4578,0.833116
4583,0.812559
4588,0.807265
4593,0.822798
4598,0.846291
4603,0.828637
4608,0.809773
4613,0.823876
4618,0.833548
4623,0.834923
4628,0.806587
4633,0.785508
4638,0.769605
4643,0.782404
4648,0.801465
4653,0.804161
4658,0.825216
4663,0.839849
4668,0.847475
4673,0.828653
4678,0.799956
4683,0.750082
4688,0.69551
4693,0.683385
4698,0.685313
4703,0.701745
4708,0.724752
4713,0.754479
4718,0.786233
4723,0.809545
4728,0.820314
4733,0.836918
4738,0.856629
4743,0.862679
4748,0.816289
4753,0.691987
4758,0.551825
4763,0.426625
4768,0.375878
4773,0.336353
4778,0.310768
4783,0.290767
4788,0.260726
4793,0.219822
4798,0.197234
4803,0.186959
4808,0.187853
4813,0.179502
4818,0.171958
4823,0.15769
4828,0.157882
4833,0.157498
4838,0.156236
4843,0.156209
4848,0.155884
4853,0.156044
4858,0.156185
4863,0.156307
4868,0.156158
4873,0.156221
4878,0.155923
4883,0.155605
4888,0.153619
4893,0.154007
4898,0.153262
4903,0.153235
4908,0.153223
4913,0.154261
4918,0.165073
4923,0.221095
4928,0.259272
4933,0.290872
4938,0.354278
4943,0.456153
4948,0.484799
4953,0.454147
4958,0.398089
4963,0.318296
4968,0.249397
4973,0.261643
4978,0.308844
4983,0.313727
4988,0.303099
4993,0.275005
4998,0.246681
5003,0.242327
5008,0.242398
5013,0.225861
5018,0.212815
5023,0.197109
5028,0.210632
5033,0.19667
5038,0.18056
5043,0.172867
5048,0.17659
5053,0.204139
5058,0.245341
5063,0.321388
5068,0.392913
5073,0.451145
5078,0.521463
5083,0.562096
5088,0.547021
5093,0.377202
5098,0.323947
5103,0.272478
5108,0.210229
5113,0.198147
5118,0.210017
5123,0.189017
5128,0.145942
5133,0.131619
5138,0.131587
5143,0.131705
5148,0.132136
5153,0.132422
5158,0.132559
5163,0.132406
5168,0.132747
5173,0.133045
5178,0.133108
5183,0.133104
5188,0.13245
5193,0.132512
5198,0.132998
5203,0.132814
5208,0.133084
5213,0.133135
5218,0.13321
5223,0.132328
5228,0.132818
5233,0.132818
5238,0.132982
5243,0.132888
5248,0.131035
5253,0.130788
5258,0.135808
5263,0.175293
5268,0.219328
5273,0.273293
5278,0.302252
5283,0.30775
5288,0.297668
5293,0.3077
5298,0.353858
5303,0.447101
5308,0.50859
5313,0.555423
5318,0.589265
5323,0.619032
5328,0.612868
5333,0.597663
5338,0.580542
5343,0.567708
5348,0.552088
5353,0.558573
5358,0.570153
5363,0.541284
5368,0.513128
5373,0.498691
5378,0.490999
5383,0.476237
5388,0.451823
5393,0.441572
5398,0.449288
5403,0.465143
5408,0.485352
5413,0.494471
5418,0.503695
5423,0.514429
5428,0.534783
5433,0.54436
5438,0.550309
5443,0.562245
5448,0.572109
5453,0.58881
5458,0.593799
5463,0.601664
5468,0.618127
5473,0.641325
5478,0.643336
5483,0.648364
5488,0.649606
5493,0.651228
5498,0.678479
5503,0.733604
5508,0.772333
5513,0.792726
5518,0.8019
5523,0.820385
5528,0.822979
5533,0.827932
5538,0.827219
5543,0.825491
5548,0.831522
5553,0.831788
5558,0.830511
5563,0.830585
5568,0.829515
5573,0.819381
5578,0.816615
5583,0.815623
5588,0.819228
5593,0.821509
5598,0.822203
5603,0.82089
5608,0.820145
5613,0.818758
5618,0.815353
5623,0.810309
5628,0.809291
5633,0.808793
5638,0.810842
5643,0.813299
5648,0.815631
5653,0.812974
5658,0.807531
5663,0.808475
5668,0.80833
5673,0.805137
5678,0.805948
5683,0.806124
5688,0.805246
5693,0.805568
5698,0.810646
5703,0.806297
5708,0.805768
5713,0.805129
5718,0.806508
4,0.249506
9,0.252708
14,0.292942
19,0.317391
24,0.330283
29,0.325028
34,0.321721
39,0.32564
44,0.322136
49,0.306026
54,0.30141
59,0.299713
64,0.297934
69,0.296206
74,0.295986
79,0.296073
84,0.304898
89,0.335401
94,0.361135
99,0.390773
104,0.409791
109,0.40769
114,0.400668
119,0.392219
124,0.399237
129,0.41572
134,0.427539
139,0.433989
144,0.430223
149,0.418859
154,0.408129
159,0.392748
164,0.383414
169,0.377292
174,0.366724
179,0.363632
184,0.360414
189,0.356982
194,0.353843
199,0.350159
204,0.350237
209,0.349297
214,0.349399
219,0.34961
224,0.35021
229,0.349947
234,0.349587
239,0.348356
244,0.348098
249,0.348325
254,0.34916
259,0.349501
264,0.348086
269,0.346762
274,0.342435
279,0.340076
284,0.344532
289,0.34664
294,0.343423
299,0.337094
304,0.335926
309,0.336506
314,0.337553
319,0.337458
324,0.340974
329,0.341593
334,0.342361
339,0.342553
344,0.347584
349,0.359686
354,0.368138
359,0.375482
364,0.378503
369,0.375043
374,0.367703
379,0.363973
384,0.360916
389,0.367421
394,0.381062
399,0.387842
404,0.396063
409,0.406264
414,0.418224
419,0.432825
424,0.448245
429,0.469802
434,0.495897
439,0.514734
444,0.528756
449,0.547918
454,0.556018
459,0.565208
464,0.575565
469,0.58122
474,0.597146
479,0.601006
484,0.602216
489,0.602381
494,0.60398
499,0.603271
504,0.602695
509,0.599795
514,0.60282
519,0.625419
524,0.665908
529,0.682782
534,0.69047
539,0.692622
544,0.695835
549,0.706396
554,0.704766
559,0.699895
564,0.699887
569,0.701259
574,0.695467
579,0.693672
584,0.692618
589,0.693166
594,0.698484
599,0.732295
604,0.738463
609,0.750396
614,0.761748
619,0.763594
624,0.783646
629,0.784842
634,0.798059
639,0.804949
644,0.806207
649,0.817351
654,0.822379
659,0.823504
664,0.824099
669,0.820682
674,0.818421
679,0.818758
684,0.81672
689,0.812441
694,0.810078
699,0.81297
704,0.81685
709,0.82205
714,0.827093
719,0.829609
724,0.838176
729,0.838807
734,0.838928
739,0.838646
744,0.838904
749,0.839422
754,0.840084
759,0.841083
764,0.841389
769,0.84229
774,0.846217
779,0.846593
784,0.845735
789,0.84566
794,0.84461
799,0.842326
804,0.841628
809,0.840797
814,0.841718
819,0.843732
824,0.845837
829,0.847643
834,0.848568
839,0.84925
844,0.849779
849,0.85099
854,0.850915
859,0.850598
864,0.850265
869,0.850669
874,0.848423
879,0.848748
884,0.849352
889,0.850265
894,0.850343
899,0.851013
904,0.850833
909,0.852232
914,0.852738
919,0.851542
924,0.851738
929,0.851746
934,0.85061
939,0.849638
944,0.848791
949,0.848968
954,0.848925
959,0.849771
964,0.850065
969,0.850527
974,0.849297
979,0.848427
984,0.848043
989,0.84914
994,0.848948
999,0.849062
1004,0.849779
1009,0.849591
1014,0.847134
1019,0.84762
1024,0.847424
1029,0.846464
1034,0.846812
1039,0.847855
1044,0.84807
1049,0.847694
1054,0.847882
1059,0.848227
1064,0.846491
1069,0.846989
1074,0.847326
1079,0.847906
1084,0.847334
1089,0.846213
1094,0.846468
1099,0.846652
1104,0.846111
1109,0.846009
1114,0.846758
1119,0.846679
1124,0.847369
1129,0.845606
1134,0.844798
1139,0.845347
1144,0.84577
1149,0.845331
1154,0.847153
1159,0.846581
1164,0.844214
1169,0.845562
1174,0.847436
1179,0.847494
1184,0.847298
1189,0.846981
1194,0.847204
1199,0.847271
1204,0.846852
1209,0.84657
1214,0.848466
1219,0.848184
1224,0.847682
1229,0.847682
1234,0.847146
1239,0.84483
1244,0.845045
1249,0.84588
1254,0.845645
1259,0.846013
1264,0.846091
1269,0.845637
1274,0.845864
1279,0.847365
1284,0.847436
1289,0.845684
1294,0.845758
1299,0.845762
1304,0.846844
1309,0.84662
1314,0.845841
1319,0.846009
1324,0.846848
1329,0.846511
1334,0.846609
1339,0.847083
1344,0.847106
1349,0.846577
1354,0.846276
1359,0.845794
1364,0.846052
1369,0.84461
1374,0.845696
1379,0.845962
1384,0.846432
1389,0.846566
1394,0.847573
1399,0.849097
1404,0.849802
1409,0.850155
1414,0.849936
1419,0.850516
1424,0.851507
1429,0.852146
1434,0.851554
1439,0.853329
1444,0.854423
1449,0.856672
1454,0.856762
1459,0.856527
1464,0.857844
1469,0.858859
1474,0.861817
1479,0.863734
1484,0.866434
1489,0.868707
1494,0.876493
1499,0.876701
1504,0.868287
1509,0.866626
1514,0.872343
1519,0.875176
1524,0.873934
1529,0.879032
1534,0.879377
1539,0.875
1544,0.874122
1549,0.876767
1554,0.879706
1559,0.882979
1564,0.875545
1569,0.876211
1574,0.876317
1579,0.876795
1584,0.884236
1589,0.88399
1594,0.872582
1599,0.861598
1604,0.858757
1609,0.858851
1614,0.86572
1619,0.865262
1624,0.86701
1629,0.867331
1634,0.862335
1639,0.867739
1644,0.867213
1649,0.863201
1654,0.855986
1659,0.848729
1664,0.856515
1669,0.85918
1674,0.864478
1679,0.856417
1684,0.840511
1689,0.837709
1694,0.844171
1699,0.837776
1704,0.829625
1709,0.844904
1714,0.839312
1719,0.833814
1724,0.83615
1729,0.855986
1734,0.832364
1739,0.795363
1744,0.763006
1749,0.71633
1754,0.662871
1759,0.636172
1764,0.598278
1769,0.617974
1774,0.659222
1779,0.69966
1784,0.695537
1789,0.684173
1794,0.652216
1799,0.626854
1804,0.626419
1809,0.632587
1814,0.622708
1819,0.606359
1824,0.584069
1829,0.551437
1834,0.532886
1839,0.523877
1844,0.527635
1849,0.541108
1854,0.533697
1859,0.503793
1864,0.484333
1869,0.449962
1874,0.462259
1879,0.496638
1884,0.492037
1889,0.502528
1894,0.542687
1899,0.523783
1904,0.566344
1909,0.671931
1914,0.705906
1919,0.743699
1924,0.754832
1929,0.672946
1934,0.530453
1939,0.44426
1944,0.424537
1949,0.391067
1954,0.359278
1959,0.339355
1964,0.327219
1969,0.303514
1974,0.254099
1979,0.220515
1984,0.202082
1989,0.174862
1994,0.174744
1999,0.170171
2004,0.183714
2009,0.236159
2014,0.327211
2019,0.4572
2024,0.514237
2029,0.652894
2034,0.683029
2039,0.694436
2044,0.580946
2049,0.476613
2054,0.404841
2059,0.334637
2064,0.281848
2069,0.271933
2074,0.267321
2079,0.226578
2084,0.184679
2089,0.168859
2094,0.167942
2099,0.169313
2104,0.188139
2109,0.220978
2114,0.299948
2119,0.483682
2124,0.656358
2129,0.796613
2134,0.857773
2139,0.893293
2144,0.886251
2149,0.891008
2154,0.814538
2159,0.70446
2164,0.649641
2169,0.646059
2174,0.636133
2179,0.523246
2184,0.392372
2189,0.299529
2194,0.257571
2199,0.226574
2204,0.199781
2209,0.19105
2214,0.168909
2219,0.162945
2224,0.161981
2229,0.163623
2234,0.162965
2239,0.163631
2244,0.163674
2249,0.165951
2254,0.167985
2259,0.168843
2264,0.16947
2269,0.183758
2274,0.219371
2279,0.262595
2284,0.294082
2289,0.303291
2294,0.295395
2299,0.268833
2304,0.281432
2309,0.288553
2314,0.276522
2319,0.270432
2324,0.256
2329,0.238044
2334,0.208504
2339,0.184408
2344,0.179608
2349,0.175375
2354,0.192986
2359,0.20689
2364,0.185325
2369,0.176896
2374,0.166492
2379,0.163604
2384,0.165402
2389,0.224234
2394,0.318594
2399,0.423569
2404,0.438343
2409,0.431242
2414,0.341914
2419,0.268924
2424,0.214351
2429,0.178287
2434,0.166405
2439,0.209096
2444,0.24221
2449,0.226527
2454,0.188468
2459,0.19433
2464,0.191572
2469,0.185823
2474,0.171688
2479,0.169525
2484,0.192739
2489,0.185521
2494,0.178601
2499,0.171022
2504,0.169133
2509,0.173675
2514,0.210264
2519,0.259276
2524,0.325835
2529,0.356841
2534,0.350441
2539,0.318229
2544,0.277067
2549,0.236418
2554,0.235183
2559,0.220766
2564,0.177809
2569,0.153717
2574,0.14457
2579,0.144602
2584,0.144551
2589,0.143975
2594,0.144268
2599,0.144386
2604,0.144265
2609,0.144539
2614,0.143285
2619,0.143328
2624,0.143622
2629,0.177872
2634,0.214077
2639,0.223133
2644,0.274249
2649,0.360124
2654,0.446027
2659,0.512763
2664,0.523277
2669,0.500145
2674,0.475625
2679,0.437684
2684,0.392188
2689,0.365842
2694,0.383946
2699,0.366202
2704,0.319593
2709,0.284183
2714,0.275139
2719,0.275664
2724,0.251642
2729,0.245732
2734,0.26439
2739,0.260059
2744,0.275774
2749,0.278493
2754,0.276792
2759,0.280033
2764,0.270287
2769,0.26812
2774,0.266612
2779,0.262015
2784,0.258343
2789,0.250329
2794,0.246438
2799,0.243452
2804,0.240019
2809,0.241104
2814,0.240407
2819,0.240466
2824,0.240301
2829,0.239239
2834,0.237907
2839,0.237919
2844,0.238471
2849,0.238542
2854,0.239345
2859,0.239361
2864,0.238154
2869,0.24018
2874,0.239992
2879,0.238753
2884,0.258492
2889,0.266733
2894,0.266012
2899,0.259248
2904,0.25529
2909,0.25453
2914,0.252786
2919,0.251756
2924,0.252473
2929,0.252778
2934,0.257403
2939,0.252426
2944,0.255122
2949,0.264409
2954,0.281526
2959,0.33265
2964,0.451948
2969,0.55815
2974,0.648332
2979,0.692708
2984,0.750603
2989,0.810129
2994,0.845221
2999,0.859192
3004,0.870486
3009,0.87344
3014,0.873299
3019,0.874882
3024,0.874937
3029,0.879714
3034,0.881674
3039,0.890988
3044,0.889848
3049,0.890389
3054,0.887936
3059,0.887191
3064,0.889241
3069,0.879746
3074,0.877402
3079,0.873186
3084,0.873613
3089,0.874824
3094,0.875709
3099,0.873864
3104,0.873664
3109,0.872343
3114,0.871979
3119,0.870862
3124,0.868464
3129,0.870783
3134,0.871359
3139,0.86719
3144,0.865321
3149,0.86333
3154,0.859901
3159,0.858851
3164,0.858914
3169,0.859031
3174,0.858467
3179,0.857867
3184,0.855097
3189,0.855743
3194,0.851778
3199,0.851147
3204,0.850237
3209,0.848599
3214,0.849873
3219,0.8484
3224,0.848427
3229,0.847443
3234,0.846734
3239,0.84682
3244,0.8457
3249,0.844892
3254,0.845382
3259,0.845147
3264,0.847361
3269,0.84657
3274,0.845825
3279,0.846801
3284,0.847761
3289,0.851973
3294,0.851107
3299,0.850567
3304,0.850367
3309,0.849567
3314,0.849172
3319,0.850578
3324,0.850563
3329,0.852005
3334,0.8526
3339,0.853423
3344,0.852953
3349,0.851535
3354,0.852122
3359,0.852334
3364,0.854094
3369,0.854532
3374,0.854309
3379,0.853901
3384,0.853941
3389,0.853482
3394,0.85313
3399,0.851468
3404,0.851613
3409,0.851456
3414,0.854278
3419,0.853898
3424,0.853854
3429,0.85349
3434,0.854168
3439,0.860403
3444,0.860203
3449,0.860477
3454,0.860603
3459,0.860262
3464,0.862033
3469,0.861304
3474,0.860885
3479,0.860587
3484,0.860293
3489,0.860865
3494,0.860477
3499,0.859881
3504,0.859979
3509,0.859639
3514,0.860501
3519,0.859893
3524,0.859403
3529,0.859533
3534,0.859341
3539,0.859168
3544,0.858545
3549,0.858565
3554,0.858134
3559,0.85764
3564,0.858165
3569,0.858639
3574,0.859811
3579,0.859356
3584,0.859219
3589,0.858933
3594,0.858839
3599,0.858878
3604,0.859031
3609,0.859219
3614,0.860951
3619,0.862315
3624,0.863522
3629,0.864067
3634,0.863107
3639,0.861061
3644,0.859921
3649,0.858988
3654,0.858917
3659,0.859078
3664,0.85898
3669,0.858972
3674,0.858874
3679,0.860642
3684,0.861167
3689,0.861002
3694,0.860461
3699,0.860552
3704,0.861433
3709,0.861233
3714,0.859717
3719,0.858533
3724,0.85715
3729,0.856692
3734,0.8565
3739,0.855861
3744,0.855336
3749,0.854615
3754,0.853996
3759,0.852726
3764,0.851045
3769,0.849716
3774,0.853278
3779,0.853145
3784,0.85273
3789,0.851848
3794,0.851613
3799,0.852675
3804,0.851068
3809,0.850696
3814,0.851464
3819,0.852032
3824,0.859944
3829,0.859599
3834,0.860704
3839,0.860697
3844,0.860861
3849,0.859556
3854,0.859619
3859,0.858675
3864,0.859082
3869,0.858663
3874,0.860967
3879,0.861547
3884,0.861108
3889,0.860497
3894,0.859956
3899,0.859854
3904,0.858953
3909,0.859756
3914,0.859815
3919,0.859196
3924,0.860395
3929,0.860109
3934,0.859576
3939,0.86016
3944,0.860101
3949,0.861324
3954,0.860657
3959,0.860787
3964,0.859458
3969,0.860003
3974,0.861696
3979,0.861751
3984,0.856817
3989,0.858565
3994,0.861069
3999,0.861461
4004,0.860689
4009,0.860744
4014,0.860959
4019,0.860591
4024,0.860567
4029,0.858287
4034,0.8586
4039,0.859321
4044,0.859693
4049,0.860465
4054,0.860277
4059,0.860074
4064,0.86045
4069,0.860818
4074,0.859983
4079,0.860618
4084,0.860281
4089,0.860175
4094,0.859889
4099,0.861594
4104,0.860885
4109,0.859983
4114,0.85911
4119,0.858675
4124,0.859693
4129,0.859447
4134,0.858071
4139,0.858083
4144,0.857746
4149,0.858196
4154,0.857663
4159,0.855786
4164,0.853999
4169,0.852604
4174,0.850092
4179,0.849293
4184,0.855101
4189,0.858557
4194,0.864466
4199,0.8719
4204,0.869083
4209,0.863338
4214,0.862734
4219,0.866692
4224,0.876297
4229,0.881568
4234,0.895903
4239,0.900346
4244,0.902948
4249,0.896341
4254,0.886631
4259,0.87739
4264,0.874107
4269,0.878488
4274,0.885055
4279,0.887328
4284,0.900017
4289,0.910904
4294,0.910425
4299,0.900127
4304,0.892172
4309,0.885353
4314,0.891776
4319,0.8781
4324,0.865474
4329,0.863299
4334,0.866896
4339,0.851778
4344,0.845265
4349,0.824527
4354,0.823868
4359,0.820271
4364,0.833077
4369,0.843403
4374,0.853741
4379,0.854156
4384,0.860857
4389,0.864847
4394,0.85416
4399,0.853474
4404,0.844606
4409,0.799647
4414,0.779551
4419,0.80623
4424,0.848392
4429,0.837662
4434,0.827897
4439,0.810933
4444,0.800959
4449,0.79088
4454,0.767109
4459,0.741637
4464,0.729615
4469,0.736324
4474,0.738475
4479,0.739404
4484,0.73282
4489,0.733549
4494,0.753311
4499,0.77845
4504,0.801347
4509,0.845982
4514,0.876274
4519,0.896718
4524,0.897987
4529,0.898124
4534,0.895903
4539,0.898932
4544,0.901883
4549,0.886733
4554,0.869392
4559,0.849422
4564,0.839159
4569,0.841691
4574,0.846895
4579,0.82506
4584,0.813088
4589,0.808068
4594,0.826588
4599,0.84684
4604,0.824785
4609,0.80949
4614,0.825483
4619,0.833171
4624,0.824644
4629,0.804521
4634,0.777114
4639,0.774061
4644,0.784019
4649,0.802119
4654,0.808048
4659,0.827728
4664,0.843509
4669,0.84673
4674,0.82696
4679,0.797671
4684,0.744541
4689,0.6933
4694,0.685936
4699,0.689424
4704,0.703441
4709,0.728854
4714,0.777988
4719,0.789705
4724,0.809518
4729,0.827231
4734,0.837517
4739,0.857448
4744,0.86139
4749,0.809584
4754,0.633578
4759,0.532388
4764,0.420195
4769,0.371124
4774,0.334006
4779,0.30826
4784,0.285809
4789,0.252242
4794,0.216471
4799,0.193409
4804,0.187139
4809,0.187966
4814,0.177268
4819,0.170947
4824,0.157671
4829,0.157706
4834,0.155989
4839,0.156064
4844,0.15613
4849,0.155872
4854,0.155891
4859,0.156342
4864,0.156264
4869,0.156275
4874,0.156083
4879,0.155923
4884,0.153415
4889,0.153685
4894,0.153869
4899,0.153372
4904,0.153289
4909,0.153767
4914,0.154285
4919,0.171014
4924,0.23429
4929,0.26573
4934,0.298483
4939,0.400092
4944,0.461702
4949,0.486022
4954,0.44504
4959,0.362135
4964,0.311861
4969,0.248103
4974,0.272403
4979,0.311132
4984,0.308973
4989,0.29927
4994,0.27249
4999,0.247073
5004,0.242648
5009,0.237727
5014,0.221773
5019,0.207948
5024,0.199205
5029,0.208261
5034,0.183789
5039,0.180011
5044,0.171018
5049,0.182288
5054,0.208728
5059,0.270871
5064,0.346664
5069,0.397979
5074,0.470515
5079,0.532416
5084,0.567304
5089,0.498977
5094,0.360971
5099,0.319953
5104,0.254863
5109,0.192916
5114,0.200612
5119,0.206835
5124,0.178796
5129,0.143206
5134,0.130839
5139,0.131536
5144,0.131783
5149,0.132261
5154,0.13261
5159,0.132026
5164,0.13234
5169,0.132853
5174,0.133163
5179,0.133057
5184,0.132171
5189,0.132489
5194,0.132438
5199,0.133061
5204,0.132759
5209,0.133163
5214,0.13319
5219,0.133159
5224,0.132332
5229,0.132881
5234,0.132888
5239,0.132888
5244,0.132865
5249,0.131004
5254,0.130886
5259,0.14042
5264,0.18507
5269,0.23378
5274,0.278144
5279,0.306159
5284,0.305944
5289,0.296512
5294,0.313068
5299,0.373358
5304,0.454601
5309,0.523861
5314,0.566007
5319,0.59461
5324,0.617472
5329,0.611951
5334,0.592941
5339,0.574903
5344,0.569389
5349,0.552158
5354,0.563903
5359,0.570827
5364,0.5407
5369,0.504013
5374,0.497661
5379,0.490391
5384,0.468709
5389,0.449346
5394,0.440463
5399,0.455409
5404,0.471954
5409,0.486817
5414,0.498131
5419,0.508033
5424,0.516325
5429,0.53684
5434,0.546037
5439,0.551441
5444,0.56518
5449,0.574934
5454,0.589794
5459,0.594469
5464,0.607577
5469,0.620752
5474,0.641898
5479,0.643908
5484,0.648509
5489,0.650178
5494,0.651224
5499,0.686669
5504,0.742445
5509,0.776361
5514,0.794145
5519,0.803883
5524,0.822058
5529,0.823884
5534,0.827916
5539,0.82589
5544,0.825063
5549,0.831623
5554,0.831749
5559,0.830295
5564,0.829272
5569,0.829331
5574,0.818558
5579,0.816995
5584,0.815631
5589,0.819444
5594,0.822438
5599,0.821881
5604,0.820823
5609,0.819785
5614,0.818468
5619,0.814275
5624,0.809812
5629,0.80931
5634,0.80866
5639,0.811034
5644,0.812292
5649,0.815408
5654,0.81074
5659,0.807993
5664,0.808601
5669,0.808566
5674,0.804945
5679,0.805677
5684,0.805282
5689,0.805203
5694,0.805999
5699,0.810768
5704,0.805964
5709,0.805893
5714,0.805011
5719,0.80614
5,0.246085
10,0.260248
15,0.29579
20,0.316532
25,0.330942
30,0.324699
35,0.322994
40,0.324538
45,0.310047
50,0.305117
55,0.299972
60,0.29978
65,0.297766
70,0.290939
75,0.296453
80,0.29757
85,0.30978
90,0.337513
95,0.370345
100,0.395648
105,0.410214
110,0.405425
115,0.398846
120,0.383394
125,0.403595
130,0.418161
135,0.429102
140,0.432112
145,0.419874
150,0.417083
155,0.403599
160,0.389715
165,0.381791
170,0.370156
175,0.364705
180,0.362515
185,0.360097
190,0.35648
195,0.350418
200,0.350147
205,0.349567
210,0.349258
215,0.349458
220,0.349877
225,0.350398
230,0.349861
235,0.349947
240,0.348208
245,0.346856
250,0.349168
255,0.348944
260,0.349654
265,0.34778
270,0.342659
275,0.342043
280,0.340354
285,0.344575
290,0.345958
295,0.339849
300,0.336918
305,0.336056
310,0.336976
315,0.337815
320,0.340425
325,0.341177
330,0.341557
335,0.342451
340,0.34296
345,0.350089
350,0.361582
355,0.369647
360,0.376038
365,0.377947
370,0.368601
375,0.36719
380,0.363154
385,0.361284
390,0.36844
395,0.378217
400,0.38968
405,0.396961
410,0.409128
415,0.422883
420,0.431747
425,0.453927
430,0.475285
435,0.497566
440,0.517905
445,0.538541
450,0.54833
455,0.558812
460,0.567136
465,0.576937
470,0.595754
475,0.5976
480,0.600959
485,0.602667
490,0.602824
495,0.602624
500,0.603231
505,0.602781
510,0.59943
515,0.60483
520,0.644637
525,0.670548
530,0.685917
535,0.691344
540,0.693041
545,0.70979
550,0.706537
555,0.703767
560,0.699715
565,0.700232
570,0.695322
575,0.694977
580,0.693523
585,0.691826
590,0.693159
595,0.717373
600,0.735191
605,0.739078
610,0.756293
615,0.762771
620,0.784892
625,0.783431
630,0.785649
635,0.797942
640,0.805211
645,0.817986
650,0.817379
655,0.825212
660,0.823492
665,0.821936
670,0.820443
675,0.817344
680,0.817461
685,0.815647
690,0.810619
695,0.815369
700,0.811125
705,0.816681
710,0.824382
715,0.827411
720,0.837357
725,0.838638
730,0.838983
735,0.839308
740,0.838712
745,0.8399
750,0.839477
755,0.840084
760,0.84115
765,0.841871
770,0.846585
775,0.846397
780,0.846483
785,0.845331
790,0.845464
795,0.84289
800,0.842376
805,0.841887
810,0.840821
815,0.842733
820,0.8455
825,0.846378
830,0.847769
835,0.848505
840,0.849164
845,0.850398
850,0.8507
855,0.851002
860,0.850308
865,0.850089
870,0.84932
875,0.848537
880,0.849332
885,0.849724
890,0.850379
895,0.850484
900,0.850888
905,0.851809
910,0.852295
915,0.852753
920,0.851386
925,0.851895
930,0.850394
935,0.850555
940,0.849395
945,0.848748
950,0.848913
955,0.850265
960,0.849716
965,0.850226
970,0.850335
975,0.849113
980,0.84702
985,0.848368
990,0.84898
995,0.848948
1000,0.849477
1005,0.850077
1010,0.849583
1015,0.846946
1020,0.847906
1025,0.846879
1030,0.84691
1035,0.846856
1040,0.847777
1045,0.848106
1050,0.847643
1055,0.847698
1060,0.848302
1065,0.846812
1070,0.847008
1075,0.847651
1080,0.847608
1085,0.84733
1090,0.846491
1095,0.846491
1100,0.846656
1105,0.846189
1110,0.845982
1115,0.846722
1120,0.847353
1125,0.847208
1130,0.845378
1135,0.84541
1140,0.845472
1145,0.845351
1150,0.845558
1155,0.846973
1160,0.846487
1165,0.844489
1170,0.846236
1175,0.847808
1180,0.847169
1185,0.847314
1190,0.847075
1195,0.847106
1200,0.846715
1205,0.846479
1210,0.846609
1215,0.848505
1220,0.848078
1225,0.847592
1230,0.848004
1235,0.846695
1240,0.845026
1245,0.844857
1250,0.845406
1255,0.846119
1260,0.846142
1265,0.845903
1270,0.845935
1275,0.846452
1280,0.847001
1285,0.847287
1290,0.845598
1295,0.846099
1300,0.846056
1305,0.846867
1310,0.846154
1315,0.845555
1320,0.845982
1325,0.846573
1330,0.846828
1335,0.846836
1340,0.847392
1345,0.847032
1350,0.846291
1355,0.846005
1360,0.846323
1365,0.845684
1370,0.844183
1375,0.846017
1380,0.845935
1385,0.846762
1390,0.846542
1395,0.847918
1400,0.849477
1405,0.84974
1410,0.850281
1415,0.850104
1420,0.850669
1425,0.85186
1430,0.852075
1435,0.851064
1440,0.85396
1445,0.854548
1450,0.856743
1455,0.857099
1460,0.856547
1465,0.857867
1470,0.859768
1475,0.861762
1480,0.861904
1485,0.86572
1490,0.869071
1495,0.878868
1500,0.875643
1505,0.867594
1510,0.866661
1515,0.874381
1520,0.874902
1525,0.873856
1530,0.87788
1535,0.879844
1540,0.874169
1545,0.873918
1550,0.875623
1555,0.880255
1560,0.884303
1565,0.875968
1570,0.877688
1575,0.877226
1580,0.879111
1585,0.884276
1590,0.882312
1595,0.872382
1600,0.858114
1605,0.858459
1610,0.858874
1615,0.86817
1620,0.862813
1625,0.867621
1630,0.865407
1635,0.861218
1640,0.867629
1645,0.866379
1650,0.860199
1655,0.856206
1660,0.850288
1665,0.854427
1670,0.858961
1675,0.863593
1680,0.854336
1685,0.837184
1690,0.836608
1695,0.841589
1700,0.833293
1705,0.832787
1710,0.846123
1715,0.838446
1720,0.835197
1725,0.841847
1730,0.858255
1735,0.823915
1740,0.789999
1745,0.761737
1750,0.715695
1755,0.653658
1760,0.631466
1765,0.589896
1770,0.625263
1775,0.663078
1780,0.705585
1785,0.684984
1790,0.681163
1795,0.643038
1800,0.621524
1805,0.628754
1810,0.631826
1815,0.6229
1820,0.602875
1825,0.578539
1830,0.544783
1835,0.528826
1840,0.526232
1845,0.52905
1850,0.541809
1855,0.522215
1860,0.497613
1865,0.479646
1870,0.448876
1875,0.469649
1880,0.498417
1885,0.494655
1890,0.508696
1895,0.54599
1900,0.526886
1905,0.581698
1910,0.679855
1915,0.713952
1920,0.747159
1925,0.719932
1930,0.65249
1935,0.511415
1940,0.433244
1945,0.420007
1950,0.379695
1955,0.360606
1960,0.335072
1965,0.321521
1970,0.299584
1975,0.242833
1980,0.216028
1985,0.199139
1990,0.175234
1995,0.174247
2000,0.16838
2005,0.195263
2010,0.25531
2015,0.35704
2020,0.469289
2025,0.544752
2030,0.663894
2035,0.680822
2040,0.697501
2045,0.564777
2050,0.455757
2055,0.385965
2060,0.325718
2065,0.278971
2070,0.272153
2075,0.264593
2080,0.214806
2085,0.179768
2090,0.168592
2095,0.168353
2100,0.171088
2105,0.19203
2110,0.235371
2115,0.340315
2120,0.501528
2125,0.678816
2130,0.812955
2135,0.860904
2140,0.892775
2145,0.885961
2150,0.890365
2155,0.784528
2160,0.691803
2165,0.650774
2170,0.645856
2175,0.632779
2180,0.486167
2185,0.363256
2190,0.289191
2195,0.253186
2200,0.219732
2205,0.197148
2210,0.189405
2215,0.167507
2220,0.163447
2225,0.162573
2230,0.162412
2235,0.1634
2240,0.164317
2245,0.165222
2250,0.165861
2255,0.168118
2260,0.168984
2265,0.169634
2270,0.186967
2275,0.229638
2280,0.272842
2285,0.296249
2290,0.303232
2295,0.288662
2300,0.270926
2305,0.288078
2310,0.285962
2315,0.27814
2320,0.269147
2325,0.252614
2330,0.234364
2335,0.201741
2340,0.182895
2345,0.179208
2350,0.177139
2355,0.197313
2360,0.206768
2365,0.184545
2370,0.175066
2375,0.166934
2380,0.162169
2385,0.174713
2390,0.233639
2395,0.36322
2400,0.431069
2405,0.436767
2410,0.38948
2415,0.316046
2420,0.260557
2425,0.20294
2430,0.171594
2435,0.170066
2440,0.219195
2445,0.242891
2450,0.223983
2455,0.185807
2460,0.197171
2465,0.190874
2470,0.185239
2475,0.169301
2480,0.172146
2485,0.193331
2490,0.180811
2495,0.178056
2500,0.169791
2505,0.169274
2510,0.176931
2515,0.224897
2520,0.274782
2525,0.330561
2530,0.355489
2535,0.341283
2540,0.315506
2545,0.275284
2550,0.233682
2555,0.235375
2560,0.211914
2565,0.171139
2570,0.151487
2575,0.144398
2580,0.144617
2585,0.144586
2590,0.14417
2595,0.144319
2600,0.144347
2605,0.144527
2610,0.144429
2615,0.143253
2620,0.143289
2625,0.145099
2630,0.182974
2635,0.217651
2640,0.228086
2645,0.283729
2650,0.372543
2655,0.459006
2660,0.51194
2665,0.517117
2670,0.497586
2675,0.482942
2680,0.433276
2685,0.389264
2690,0.373295
2695,0.386309
2700,0.354325
2705,0.315192
2710,0.281248
2715,0.275699
2720,0.271369
2725,0.249099
2730,0.248848
2735,0.259824
2740,0.265883
2745,0.276886
2750,0.279422
2755,0.278991
2760,0.277169
2765,0.270315
2770,0.266937
2775,0.264292
2780,0.261819
2785,0.257497
2790,0.248958
2795,0.24632
2800,0.242727
2805,0.239655
2810,0.240885
2815,0.240325
2820,0.240352
2825,0.240564
2830,0.238616
2835,0.237358
2840,0.238189
2845,0.238557
2850,0.238408
2855,0.2392
2860,0.239588
2865,0.238992
2870,0.240607
2875,0.23967
2880,0.241234
2885,0.259472
2890,0.267544
2895,0.262258
2900,0.259272
2905,0.254001
2910,0.255047
2915,0.252684
2920,0.251517
2925,0.252606
2930,0.253433
2935,0.256811
2940,0.25317
2945,0.25504
2950,0.269739
2955,0.289395
2960,0.357283
2965,0.472345
2970,0.57024
2975,0.661464
2980,0.696262
2985,0.757775
2990,0.817347
2995,0.848176
3000,0.862636
3005,0.871391
3010,0.870548
3015,0.872708
3020,0.875263
3025,0.875803
3030,0.880353
3035,0.881968
3040,0.891502
3045,0.890303
3050,0.88966
3055,0.888359
3060,0.887093
3065,0.888575
3070,0.879522
3075,0.876027
3080,0.873476
3085,0.873507
3090,0.87384
3095,0.875031
3100,0.874177
3105,0.873801
3110,0.872108
3115,0.870905
3120,0.871167
3125,0.86842
3130,0.871015
3135,0.87049
3140,0.866101
3145,0.864882
3150,0.862319
3155,0.859772
3160,0.858608
3165,0.858957
3170,0.859012
3175,0.858341
3180,0.858145
3185,0.854709
3190,0.855222
3195,0.851633
3200,0.850696
3205,0.850167
3210,0.848807
3215,0.84985
3220,0.848392
3225,0.848325
3230,0.847581
3235,0.846287
3240,0.846542
3245,0.845539
3250,0.845124
3255,0.84559
3260,0.845131
3265,0.847287
3270,0.846573
3275,0.845758
3280,0.846679
3285,0.847686
3290,0.85186
3295,0.851147
3300,0.850355
3305,0.850312
3310,0.849665
3315,0.84954
3320,0.850355
3325,0.850782
3330,0.852397
3335,0.852557
3340,0.853423
3345,0.852847
3350,0.851378
3355,0.852377
3360,0.852675
3365,0.853949
3370,0.854148
3375,0.854376
3380,0.853964
3385,0.85405
3390,0.853396
3395,0.852695
3400,0.851464
3405,0.851582
3410,0.851288
3415,0.854023
3420,0.854035
3425,0.853854
3430,0.853286
3435,0.854231
3440,0.859948
3445,0.860414
3450,0.86036
3455,0.860712
3460,0.860246
3465,0.861911
3470,0.861531
3475,0.860697
3480,0.86065
3485,0.860242
3490,0.860473
3495,0.860477
3500,0.859834
3505,0.85958
3510,0.859505
3515,0.860038
3520,0.859854
3525,0.859588
3530,0.859548
3535,0.859298
3540,0.859133
3545,0.858588
3550,0.858502
3555,0.858149
3560,0.857675
3565,0.858263
3570,0.859905
3575,0.859858
3580,0.859274
3585,0.859411
3590,0.858725
3595,0.859074
3600,0.858823
3605,0.858925
3610,0.859337
3615,0.861308
3620,0.864028
3625,0.863702
3630,0.863918
3635,0.862844
3640,0.860955
3645,0.859854
3650,0.858569
3655,0.859062
3660,0.859204
3665,0.858929
3670,0.859176
3675,0.858596
3680,0.860653
3685,0.860994
3690,0.860908
3695,0.861516
3700,0.860634
3705,0.861755
3710,0.860759
3715,0.859305
3720,0.857899
3725,0.857013
3730,0.856735
3735,0.856515
3740,0.855822
3745,0.855014
3750,0.854266
3755,0.853553
3760,0.85271
3765,0.850719
3770,0.851221
3775,0.853114
3780,0.853035
3785,0.852695
3790,0.852044
3795,0.853486
3800,0.852322
3805,0.851198
3810,0.85019
3815,0.851495
3820,0.860105
3825,0.859435
3830,0.859454
3835,0.860559
3840,0.860591
3845,0.859474
3850,0.859654
3855,0.859027
3860,0.858573
3865,0.858898
3870,0.86003
3875,0.861128
3880,0.861676
3885,0.860928
3890,0.860485
3895,0.861488
3900,0.858486
3905,0.859834
3910,0.859584
3915,0.859321
3920,0.859599
3925,0.860179
3930,0.859948
3935,0.859513
3940,0.859972
3945,0.860814
3950,0.860947
3955,0.860693
3960,0.860818
3965,0.85862
3970,0.861535
3975,0.861696
3980,0.861849
3985,0.856656
3990,0.860281
3995,0.861465
4000,0.861284
4005,0.860677
4010,0.860865
4015,0.861002
4020,0.861649
4025,0.859713
4030,0.85849
4035,0.859231
4040,0.858867
4045,0.860579
4050,0.860587
4055,0.860356
4060,0.860124
4065,0.860548
4070,0.861092
4075,0.860595
4080,0.860469
4085,0.86025
4090,0.860352
4095,0.862605
4100,0.861422
4105,0.860834
4110,0.860085
4115,0.858498
4120,0.86003
4125,0.859811
4130,0.859372
4135,0.857993
4140,0.85791
4145,0.858753
4150,0.857957
4155,0.857538
4160,0.855563
4165,0.853251
4170,0.852565
4175,0.850151
4180,0.848846
4185,0.855822
4190,0.862417
4195,0.866826
4200,0.871563
4205,0.866873
4210,0.862879
4215,0.86188
4220,0.86661
4225,0.876744
4230,0.88366
4235,0.896008
4240,0.899304
4245,0.906558
4250,0.892909
4255,0.883323
4260,0.876893
4265,0.87431
4270,0.876368
4275,0.886748
4280,0.889629
4285,0.903462
4290,0.913149
4295,0.905958
4300,0.896341
4305,0.891952
4310,0.886987
4315,0.891772
4320,0.875337
4325,0.861739
4330,0.865916
4335,0.866328
4340,0.847988
4345,0.836831
4350,0.823759
4355,0.823163
4360,0.823465
4365,0.832607
4370,0.846805
4375,0.857875
4380,0.853392
4385,0.861053
4390,0.867386
4395,0.855332
4400,0.854936
4405,0.842079
4410,0.794262
4415,0.781464
4420,0.820624
4425,0.847941
4430,0.832109
4435,0.828104
4440,0.808746
4445,0.798878
4450,0.790763
4455,0.76339
4460,0.735685
4465,0.730144
4470,0.729913
4475,0.74065
4480,0.734176
4485,0.733306
4490,0.738604
4495,0.750008
4500,0.781315
4505,0.815764
4510,0.857272
4515,0.879052
4520,0.905821
4525,0.898375
4530,0.900448
4535,0.894617
4540,0.898795
4545,0.902788
4550,0.885436
4555,0.865897
4560,0.850089
4565,0.835095
4570,0.849332
4575,0.845163
4580,0.821251
4585,0.809365
4590,0.810717
4595,0.835675
4600,0.843842
4605,0.822363
4610,0.811802
4615,0.830679
4620,0.830597
4625,0.820945
4630,0.798769
4635,0.775723
4640,0.776984
4645,0.791786
4650,0.800901
4655,0.81319
4660,0.830213
4665,0.845194
4670,0.839516
4675,0.819291
4680,0.780468
4685,0.722322
4690,0.687284
4695,0.682296
4700,0.69136
4705,0.712792
4710,0.728835
4715,0.782894
4720,0.81366
4725,0.811767
4730,0.828277
4735,0.842588
4740,0.858228
4745,0.860975
4750,0.734693
4755,0.618162
4760,0.470809
4765,0.409407
4770,0.349509
4775,0.328226
4780,0.303495
4785,0.282055
4790,0.242264
4795,0.207866
4800,0.19167
4805,0.187433
4810,0.186493
4815,0.17429
4820,0.157451
4825,0.157667
4830,0.157678
4835,0.155911
4840,0.156209
4845,0.156401
4850,0.15577
4855,0.156189
4860,0.156279
4865,0.156205
4870,0.156424
4875,0.156181
4880,0.155989
4885,0.153458
4890,0.153854
4895,0.153854
4900,0.153172
4905,0.153521
4910,0.153865
4915,0.154218
4920,0.184679
4925,0.239082
4930,0.267301
4935,0.309479
4940,0.408635
4945,0.470958
4950,0.47813
4955,0.441858
4960,0.349281
4965,0.292142
4970,0.246892
4975,0.282784
4980,0.317547
4985,0.311074
4990,0.29155
4995,0.263982
5000,0.247758
5005,0.241042
5010,0.236198
5015,0.221668
5020,0.201737
5025,0.202317
5030,0.207795
5035,0.183338
5040,0.178922
5045,0.169944
5050,0.188362
5055,0.219065
5060,0.275801
5065,0.364521
5070,0.409262
5075,0.479434
5080,0.542577
5085,0.570651
5090,0.482252
5095,0.346299
5100,0.307382
5105,0.245439
5110,0.192579
5115,0.20379
5120,0.207603
5125,0.166688
5130,0.137626
5135,0.131156
5140,0.131713
5145,0.132011
5150,0.132289
5155,0.132528
5160,0.132081
5165,0.132469
5170,0.132771
5175,0.133092
5180,0.133135
5185,0.132199
5190,0.132477
5195,0.132324
5200,0.132982
5205,0.132853
5210,0.133155
5215,0.133198
5220,0.132124
5225,0.132559
5230,0.132904
5235,0.132873
5240,0.132783
5245,0.130565
5250,0.131047
5255,0.131011
5260,0.149735
5265,0.190086
5270,0.253731
5275,0.286836
5280,0.307605
5285,0.304055
5290,0.298044
5295,0.312049
5300,0.389217
5305,0.473415
5310,0.528834
5315,0.573273
5320,0.611453
5325,0.615685
5330,0.607566
5335,0.588822
5340,0.574025
5345,0.539336
5350,0.552746
5355,0.564412
5360,0.573672
5365,0.54032
5370,0.490125
5375,0.498021
5380,0.489564
5385,0.463328
5390,0.448222
5395,0.437629
5400,0.455671
5405,0.475637
5410,0.490391
5415,0.497931
5420,0.502422
5425,0.523042
5430,0.537663
5435,0.547542
5440,0.555987
5445,0.565133
5450,0.580452
5455,0.590543
5460,0.594704
5465,0.61219
5470,0.638375
5475,0.64238
5480,0.644782
5485,0.649194
5490,0.650366
5495,0.671151
5500,0.70031
5505,0.743021
5510,0.778783
5515,0.797299
5520,0.8235
5525,0.823018
5530,0.824719
5535,0.828281
5540,0.825604
5545,0.831745
5550,0.831882
5555,0.831396
5560,0.830134
5565,0.829315
5570,0.824405
5575,0.818523
5580,0.816909
5585,0.816564
5590,0.820526
5595,0.823672
5600,0.821678
5605,0.821282
5610,0.819867
5615,0.818496
5620,0.81156
5625,0.81
5630,0.808562
5635,0.809267
5640,0.81096
5645,0.81578
5650,0.815396
5655,0.810443
5660,0.808111
5665,0.808758
5670,0.804878
5675,0.805039
5680,0.806246
5685,0.805485
5690,0.805239
5695,0.809729
5700,0.810356
5705,0.805587
5710,0.805685
5715,0.805446
5720,0.809118
