framenum,queue density
5,0.260933
10,0.256051
15,0.253343
20,0.249506
25,0.246085
30,0.245415
35,0.246356
40,0.25127
45,0.252708
50,0.260248
55,0.269457
60,0.274006
65,0.283842
70,0.292942
75,0.29579
80,0.302339
85,0.309404
90,0.310858
95,0.317391
100,0.316532
105,0.319926
110,0.324311
115,0.328986
120,0.330283
125,0.330942
130,0.329331
135,0.329386
140,0.325687
145,0.325028
150,0.324699
155,0.322238
160,0.322936
165,0.322124
170,0.321721
175,0.322994
180,0.323331
185,0.322301
190,0.324146
195,0.32564
200,0.324538
205,0.326051
210,0.325777
215,0.323273
220,0.322136
225,0.310047
230,0.309894
235,0.308483
240,0.307406
245,0.306026
250,0.305117
255,0.304721
260,0.302648
265,0.302096
270,0.30141
275,0.299972
280,0.29978
285,0.299517
290,0.29965
295,0.299713
300,0.29978
305,0.299427
310,0.299823
315,0.298561
320,0.297934
325,0.297766
330,0.29699
335,0.296845
340,0.296006
345,0.296206
350,0.290939
355,0.291496
360,0.292797
365,0.294309
370,0.295986
375,0.296453
380,0.298204
385,0.297793
390,0.297883
395,0.296073
400,0.29757
405,0.298882
410,0.300599
415,0.30351
420,0.304898
425,0.30978
430,0.316129
435,0.31886
440,0.327219
445,0.335401
450,0.337513
455,0.344955
460,0.350712
465,0.353502
470,0.361135
475,0.370345
480,0.373041
485,0.379926
490,0.384965
495,0.390773
500,0.395648
505,0.400656
510,0.403254
515,0.407894
520,0.409791
525,0.410214
530,0.40896
535,0.409262
540,0.408509
545,0.40769
550,0.405425
555,0.406738
560,0.40347
565,0.402137
570,0.400668
575,0.398846
580,0.398019
585,0.395087
590,0.393136
595,0.392219
600,0.383394
605,0.386611
610,0.391212
615,0.393473
620,0.399237
625,0.403595
630,0.406091
635,0.410574
640,0.414011
645,0.41572
650,0.418161
655,0.422574
660,0.423663
665,0.426461
670,0.427539
675,0.429102
680,0.431943
685,0.433264
690,0.432794
695,0.433989
700,0.432112
705,0.433287
710,0.431148
715,0.431163
720,0.430223
725,0.419874
730,0.420371
735,0.421065
740,0.419341
745,0.418859
750,0.417083
755,0.414305
760,0.412005
765,0.410288
770,0.408129
775,0.403599
780,0.400613
785,0.397603
790,0.393716
795,0.392748
800,0.389715
805,0.388531
810,0.387477
815,0.385624
820,0.383414
825,0.381791
830,0.380071
835,0.378288
840,0.377916
845,0.377292
850,0.370156
855,0.370505
860,0.369443
865,0.36717
870,0.366724
875,0.364705
880,0.364655
885,0.363949
890,0.364028
895,0.363632
900,0.362515
905,0.362002
910,0.360912
915,0.360238
920,0.360414
925,0.360097
930,0.359823
935,0.358365
940,0.357095
945,0.356982
950,0.35648
955,0.355927
960,0.355657
965,0.354458
970,0.353843
975,0.350418
980,0.350457
985,0.350857
990,0.350488
995,0.350159
1000,0.350147
1005,0.349955
1010,0.350167
1015,0.350151
1020,0.350237
1025,0.349567
1030,0.349399
1035,0.349332
1040,0.349003
1045,0.349297
1050,0.349258
1055,0.349818
1060,0.349634
1065,0.34965
1070,0.349399
1075,0.349458
1080,0.349979
1085,0.349583
1090,0.349634
1095,0.34961
1100,0.349877
1105,0.350147
1110,0.350194
1115,0.350598
1120,0.35021
1125,0.350398
1130,0.349873
1135,0.350335
1140,0.350096
1145,0.349947
1150,0.349861
1155,0.349998
1160,0.349513
1165,0.34994
1170,0.349587
1175,0.349947
1180,0.350077
1185,0.349783
1190,0.349481
1195,0.348356
1200,0.348208
1205,0.347702
1210,0.348321
1215,0.347753
1220,0.348098
1225,0.346856
1230,0.347373
1235,0.34751
1240,0.347588
1245,0.348325
1250,0.349168
1255,0.349219
1260,0.34916
1265,0.349148
1270,0.34916
1275,0.348944
1280,0.349469
1285,0.349846
1290,0.349783
1295,0.349501
1300,0.349654
1305,0.349544
1310,0.348944
1315,0.348819
1320,0.348086
1325,0.34778
1330,0.347353
1335,0.34731
1340,0.347134
1345,0.346762
1350,0.342659
1355,0.342302
1360,0.34269
1365,0.342643
1370,0.342435
1375,0.342043
1380,0.341381
1385,0.340903
1390,0.340409
1395,0.340076
1400,0.340354
1405,0.341291
1410,0.341926
1415,0.343446
1420,0.344532
1425,0.344575
1430,0.34512
1435,0.346162
1440,0.346334
1445,0.34664
1450,0.345958
1455,0.345374
1460,0.345135
1465,0.344077
1470,0.343423
1475,0.339849
1480,0.339144
1485,0.338885
1490,0.337976
1495,0.337094
1500,0.336918
1505,0.336232
1510,0.336306
1515,0.335809
1520,0.335926
1525,0.336056
1530,0.336393
1535,0.336628
1540,0.336706
1545,0.336506
1550,0.336976
1555,0.337333
1560,0.337208
1565,0.336843
1570,0.337553
1575,0.337815
1580,0.337929
1585,0.337897
1590,0.337776
1595,0.337458
1600,0.340425
1605,0.341052
1610,0.340644
1615,0.340648
1620,0.340974
1625,0.341177
1630,0.34142
1635,0.341589
1640,0.34162
1645,0.341593
1650,0.341557
1655,0.34171
1660,0.342204
1665,0.342216
1670,0.342361
1675,0.342451
1680,0.342518
1685,0.342666
1690,0.34249
1695,0.342553
1700,0.34296
1705,0.343203
1710,0.343607
1715,0.345359
1720,0.347584
1725,0.350089
1730,0.352659
1735,0.355308
1740,0.356762
1745,0.359686
1750,0.361582
1755,0.362491
1760,0.364776
1765,0.366802
1770,0.368138
1775,0.369647
1780,0.3717
1785,0.372519
1790,0.373981
1795,0.375482
1800,0.376038
1805,0.377406
1810,0.378225
1815,0.378519
1820,0.378503
1825,0.377947
1830,0.377151
1835,0.37714
1840,0.375768
1845,0.375043
1850,0.368601
1855,0.368859
1860,0.369157
1865,0.368573
1870,0.367703
1875,0.36719
1880,0.366653
1885,0.366144
1890,0.36487
1895,0.363973
1900,0.363154
1905,0.362468
1910,0.361845
1915,0.361304
1920,0.360916
1925,0.361284
1930,0.363283
1935,0.362958
1940,0.36556
1945,0.367421
1950,0.36844
1955,0.37259
1960,0.376325
1965,0.377618
1970,0.381062
1975,0.378217
1980,0.38004
1985,0.38428
1990,0.387007
1995,0.387842
2000,0.38968
2005,0.39149
2010,0.392595
2015,0.394903
2020,0.396063
2025,0.396961
2030,0.398626
2035,0.401032
2040,0.402
2045,0.406264
2050,0.409128
2055,0.410829
2060,0.412941
2065,0.416958
2070,0.418224
2075,0.422883
2080,0.425556
2085,0.427049
2090,0.430019
2095,0.432825
2100,0.431747
2105,0.437966
2110,0.440419
2115,0.441387
2120,0.448245
2125,0.453927
2130,0.455844
2135,0.461569
2140,0.46673
2145,0.469802
2150,0.475285
2155,0.480108
2160,0.483776
2165,0.489972
2170,0.495897
2175,0.497566
2180,0.502179
2185,0.507571
2190,0.509519
2195,0.514734
2200,0.517905
2205,0.521663
2210,0.525017
2215,0.527466
2220,0.528756
2225,0.538541
2230,0.540833
2235,0.541335
2240,0.544885
2245,0.547918
2250,0.54833
2255,0.552143
2260,0.553671
2265,0.553628
2270,0.556018
2275,0.558812
2280,0.559028
2285,0.560991
2290,0.564428
2295,0.565208
2300,0.567136
2305,0.569926
2310,0.571129
2315,0.572842
2320,0.575565
2325,0.576937
2330,0.5789
2335,0.579758
2340,0.580577
2345,0.58122
2350,0.595754
2355,0.59657
2360,0.596812
2365,0.597416
2370,0.597146
2375,0.5976
2380,0.597632
2385,0.598603
2390,0.599779
2395,0.601006
2400,0.600959
2405,0.602342
2410,0.601515
2415,0.601456
2420,0.602216
2425,0.602667
2430,0.60206
2435,0.60215
2440,0.602271
2445,0.602381
2450,0.602824
2455,0.603196
2460,0.603059
2465,0.6034
2470,0.60398
2475,0.602624
2480,0.602585
2485,0.603796
2490,0.603126
2495,0.603271
2500,0.603231
2505,0.602205
2510,0.602487
2515,0.602185
2520,0.602695
2525,0.602781
2530,0.601636
2535,0.600586
2540,0.600586
2545,0.599795
2550,0.59943
2555,0.599708
2560,0.600602
2565,0.600719
2570,0.60282
2575,0.60483
2580,0.60639
2585,0.614408
2590,0.621156
2595,0.625419
2600,0.644637
2605,0.646502
2610,0.650766
2615,0.656808
2620,0.665908
2625,0.670548
2630,0.673886
2635,0.677938
2640,0.681967
2645,0.682782
2650,0.685917
2655,0.688272
2660,0.689502
2665,0.688868
2670,0.69047
2675,0.691344
2680,0.691387
2685,0.691199
2690,0.692175
2695,0.692622
2700,0.693041
2705,0.693531
2710,0.695138
2715,0.695177
2720,0.695835
2725,0.70979
2730,0.709292
2735,0.708716
2740,0.707156
2745,0.706396
2750,0.706537
2755,0.70533
2760,0.706322
2765,0.70591
2770,0.704766
2775,0.703767
2780,0.702231
2785,0.701694
2790,0.701494
2795,0.699895
2800,0.699715
2805,0.700079
2810,0.699723
2815,0.699871
2820,0.699887
2825,0.700232
2830,0.700138
2835,0.700726
2840,0.700534
2845,0.701259
2850,0.695322
2855,0.69558
2860,0.694272
2865,0.695071
2870,0.695467
2875,0.694977
2880,0.694542
2885,0.694256
2890,0.694162
2895,0.693672
2900,0.693523
2905,0.693245
2910,0.692708
2915,0.692387
2920,0.692618
2925,0.691826
2930,0.691971
2935,0.692246
2940,0.692869
2945,0.693166
2950,0.693159
2955,0.693206
2960,0.693268
2965,0.696854
2970,0.698484
2975,0.717373
2980,0.721617
2985,0.724117
2990,0.730818
2995,0.732295
3000,0.735191
3005,0.736206
3010,0.73657
3015,0.737201
3020,0.738463
3025,0.739078
3030,0.739259
3035,0.742974
3040,0.748797
3045,0.750396
3050,0.756293
3055,0.757704
3060,0.759217
3065,0.760181
3070,0.761748
3075,0.762771
3080,0.763625
3085,0.764699
3090,0.764441
3095,0.763594
3100,0.784892
3105,0.784124
3110,0.78347
3115,0.783658
3120,0.783646
3125,0.783431
3130,0.783309
3135,0.785292
3140,0.784093
3145,0.784842
3150,0.785649
3155,0.790351
3160,0.791543
3165,0.796155
3170,0.798059
3175,0.797942
3180,0.800199
3185,0.801339
3190,0.801861
3195,0.804949
3200,0.805211
3205,0.805329
3210,0.806669
3215,0.806387
3220,0.806207
3225,0.817986
3230,0.818147
3235,0.818045
3240,0.817818
3245,0.817351
3250,0.817379
3255,0.817735
3260,0.817877
3265,0.817253
3270,0.822379
3275,0.825212
3280,0.825377
3285,0.824515
3290,0.825522
3295,0.823504
3300,0.823492
3305,0.823065
3310,0.821928
3315,0.824969
3320,0.824099
3325,0.821936
3330,0.822336
3335,0.821568
3340,0.820847
3345,0.820682
3350,0.820443
3355,0.819793
3360,0.819581
3365,0.819366
3370,0.818421
3375,0.817344
3380,0.818409
3385,0.818449
3390,0.818621
3395,0.818758
3400,0.817461
3405,0.817877
3410,0.817669
3415,0.816575
3420,0.81672
3425,0.815647
3430,0.814487
3435,0.813609
3440,0.812763
3445,0.812441
3450,0.810619
3455,0.809091
3460,0.81027
3465,0.809749
3470,0.810078
3475,0.815369
3480,0.813707
3485,0.813127
3490,0.81368
3495,0.81297
3500,0.811125
3505,0.810811
3510,0.813013
3515,0.812543
3520,0.81685
3525,0.816681
3530,0.819871
3535,0.819358
3540,0.82207
3545,0.82205
3550,0.824382
3555,0.825522
3560,0.826439
3565,0.826533
3570,0.827093
3575,0.827411
3580,0.827795
3585,0.828136
3590,0.828665
3595,0.829609
3600,0.837357
3605,0.837795
3610,0.838219
3615,0.838336
3620,0.838176
3625,0.838638
3630,0.838854
3635,0.838638
3640,0.838712
3645,0.838807
3650,0.838983
3655,0.839116
3660,0.839269
3665,0.839198
3670,0.838928
3675,0.839308
3680,0.839002
3685,0.838889
3690,0.838971
3695,0.838646
3700,0.838712
3705,0.838665
3710,0.838634
3715,0.838814
3720,0.838904
3725,0.8399
3730,0.840155
3735,0.840088
3740,0.83981
3745,0.839422
3750,0.839477
3755,0.840253
3760,0.840253
3765,0.839982
3770,0.840084
3775,0.840084
3780,0.840413
3785,0.840601
3790,0.840974
3795,0.841083
3800,0.84115
3805,0.841052
3810,0.840883
3815,0.841303
3820,0.841389
3825,0.841871
3830,0.841934
3835,0.842036
3840,0.842275
3845,0.84229
3850,0.846585
3855,0.846601
3860,0.846495
3865,0.846338
3870,0.846217
3875,0.846397
3880,0.846236
3885,0.846511
3890,0.846397
3895,0.846593
3900,0.846483
3905,0.846307
3910,0.846072
3915,0.845751
3920,0.845735
3925,0.845331
3930,0.845441
3935,0.845406
3940,0.845609
3945,0.84566
3950,0.845464
3955,0.845676
3960,0.845355
3965,0.844908
3970,0.84461
3975,0.84289
3980,0.842553
3985,0.842396
3990,0.842161
3995,0.842326
4000,0.842376
4005,0.841808
4010,0.841354
4015,0.841628
4020,0.841628
4025,0.841887
4030,0.841369
4035,0.841311
4040,0.841381
4045,0.840797
4050,0.840821
4055,0.839645
4060,0.839868
4065,0.84095
4070,0.841718
4075,0.842733
4080,0.843372
4085,0.843678
4090,0.843489
4095,0.843732
4100,0.8455
4105,0.845323
4110,0.845069
4115,0.845574
4120,0.845837
4125,0.846378
4130,0.846562
4135,0.847028
4140,0.847526
4145,0.847643
4150,0.847769
4155,0.847878
4160,0.847988
4165,0.848541
4170,0.848568
4175,0.848505
4180,0.848776
4185,0.84876
4190,0.848866
4195,0.84925
4200,0.849164
4205,0.849277
4210,0.84925
4215,0.84925
4220,0.849779
4225,0.850398
4230,0.85019
4235,0.850798
4240,0.851245
4245,0.85099
4250,0.8507
4255,0.850915
4260,0.85097
4265,0.850919
4270,0.850915
4275,0.851002
4280,0.85077
4285,0.850892
4290,0.850763
4295,0.850598
4300,0.850308
4305,0.850014
4310,0.850422
4315,0.850379
4320,0.850265
4325,0.850089
4330,0.850324
4335,0.850402
4340,0.850437
4345,0.850669
4350,0.84932
4355,0.849034
4360,0.848866
4365,0.848791
4370,0.848423
4375,0.848537
4380,0.848498
4385,0.848513
4390,0.848788
4395,0.848748
4400,0.849332
4405,0.84916
4410,0.849383
4415,0.849324
4420,0.849352
4425,0.849724
4430,0.849732
4435,0.849842
4440,0.850194
4445,0.850265
4450,0.850379
4455,0.850285
4460,0.850347
4465,0.850265
4470,0.850343
4475,0.850484
4480,0.850731
4485,0.850759
4490,0.850951
4495,0.851013
4500,0.850888
4505,0.850821
4510,0.850872
4515,0.85088
4520,0.850833
4525,0.851809
4530,0.85215
4535,0.852193
4540,0.852177
4545,0.852232
4550,0.852295
4555,0.852393
4560,0.852373
4565,0.852314
4570,0.852738
4575,0.852753
4580,0.852824
4585,0.852569
4590,0.851938
4595,0.851542
4600,0.851386
4605,0.85146
4610,0.851593
4615,0.851738
4620,0.851738
4625,0.851895
4630,0.851754
4635,0.851711
4640,0.851805
4645,0.851746
4650,0.850394
4655,0.850312
4660,0.850414
4665,0.850559
4670,0.85061
4675,0.850555
4680,0.850328
4685,0.850045
4690,0.849724
4695,0.849638
4700,0.849395
4705,0.849258
4710,0.848933
4715,0.848772
4720,0.848791
4725,0.848748
4730,0.848768
4735,0.848756
4740,0.848788
4745,0.848968
4750,0.848913
4755,0.848933
4760,0.848878
4765,0.848878
4770,0.848925
4775,0.850265
4780,0.849712
4785,0.849959
4790,0.849673
4795,0.849771
4800,0.849716
4805,0.850006
4810,0.850049
4815,0.850034
4820,0.850065
4825,0.850226
4830,0.85032
4835,0.850469
4840,0.850598
4845,0.850527
4850,0.850335
4855,0.850049
4860,0.850053
4865,0.849755
4870,0.849297
4875,0.849113
4880,0.849168
4885,0.848737
4890,0.848599
4895,0.848427
4900,0.84702
4905,0.846954
4910,0.847212
4915,0.847412
4920,0.848043
4925,0.848368
4930,0.848936
4935,0.848854
4940,0.848956
4945,0.84914
4950,0.84898
4955,0.848866
4960,0.848725
4965,0.848893
4970,0.848948
4975,0.848948
4980,0.848776
4985,0.848682
4990,0.848858
4995,0.849062
5000,0.849477
5005,0.849426
5010,0.849497
5015,0.849775
5020,0.849779
5025,0.850077
5030,0.849951
5035,0.849563
5040,0.849689
5045,0.849591
5050,0.849583
5055,0.84715
5060,0.84693
5065,0.846848
5070,0.847134
5075,0.846946
5080,0.847099
5085,0.847244
5090,0.847114
5095,0.84762
5100,0.847906
5105,0.848055
5110,0.847949
5115,0.847667
5120,0.847424
5125,0.846879
5130,0.846773
5135,0.84673
5140,0.846495
5145,0.846464
5150,0.84691
5155,0.84693
5160,0.846993
5165,0.846773
5170,0.846812
5175,0.846856
5180,0.848454
5185,0.848255
5190,0.848176
5195,0.847855
5200,0.847777
5205,0.847855
5210,0.84791
5215,0.848008
5220,0.84807
5225,0.848106
5230,0.8482
5235,0.847992
5240,0.848019
5245,0.847694
5250,0.847643
5255,0.847863
5260,0.847824
5265,0.848168
5270,0.847882
5275,0.847698
5280,0.847741
5285,0.847871
5290,0.847929
5295,0.848227
5300,0.848302
5305,0.846742
5310,0.846844
5315,0.846765
5320,0.846491
5325,0.846812
5330,0.846961
5335,0.847032
5340,0.847044
5345,0.846989
5350,0.847008
5355,0.847079
5360,0.847616
5365,0.847381
5370,0.847326
5375,0.847651
5380,0.84762
5385,0.847588
5390,0.847773
5395,0.847906
5400,0.847608
5405,0.847506
5410,0.84731
5415,0.847232
5420,0.847334
5425,0.84733
5430,0.846366
5435,0.846381
5440,0.846084
5445,0.846213
5450,0.846491
5455,0.846668
5460,0.846652
5465,0.846491
5470,0.846468
5475,0.846491
5480,0.84646
5485,0.84664
5490,0.846448
5495,0.846652
5500,0.846656
5505,0.846436
5510,0.846315
5515,0.84615
5520,0.846111
5525,0.846189
5530,0.846001
5535,0.845907
5540,0.845974
5545,0.846009
5550,0.845982
5555,0.846358
5560,0.846052
5565,0.846479
5570,0.846758
5575,0.846722
5580,0.846566
5585,0.846523
5590,0.846452
5595,0.846679
5600,0.847353
5605,0.847224
5610,0.847342
5615,0.847247
5620,0.847369
5625,0.847208
5630,0.847024
5635,0.846444
5640,0.845539
5645,0.845606
5650,0.845378
5655,0.844986
5660,0.844967
5665,0.845225
5670,0.844798
5675,0.84541
5680,0.846111
5685,0.845751
5690,0.845594
5695,0.845347
5700,0.845472
5705,0.845801
5710,0.845939
5715,0.845253
5720,0.84577
1,0.260933
6,0.256051
11,0.253343
16,0.249506
21,0.246085
26,0.245415
31,0.246356
36,0.25127
41,0.252708
46,0.260248
51,0.269457
56,0.274006
61,0.283842
66,0.292942
71,0.29579
76,0.302339
81,0.309404
86,0.310858
91,0.317391
96,0.316532
101,0.319926
106,0.324311
111,0.328986
116,0.330283
121,0.330942
126,0.329331
131,0.329386
136,0.325687
141,0.325028
146,0.324699
151,0.322238
156,0.322936
161,0.322124
166,0.321721
171,0.322994
176,0.323331
181,0.322301
186,0.324146
191,0.32564
196,0.324538
201,0.326051
206,0.325777
211,0.323273
216,0.322136
221,0.310047
226,0.309894
231,0.308483
236,0.307406
241,0.306026
246,0.305117
251,0.304721
256,0.302648
261,0.302096
266,0.30141
271,0.299972
276,0.29978
281,0.299517
286,0.29965
291,0.299713
296,0.29978
301,0.299427
306,0.299823
311,0.298561
316,0.297934
321,0.297766
326,0.29699
331,0.296845
336,0.296006
341,0.296206
346,0.290939
351,0.291496
356,0.292797
361,0.294309
366,0.295986
371,0.296453
376,0.298204
381,0.297793
386,0.297883
391,0.296073
396,0.29757
401,0.298882
406,0.300599
411,0.30351
416,0.304898
421,0.30978
426,0.316129
431,0.31886
436,0.327219
441,0.335401
446,0.337513
451,0.344955
456,0.350712
461,0.353502
466,0.361135
471,0.370345
476,0.373041
481,0.379926
486,0.384965
491,0.390773
496,0.395648
501,0.400656
506,0.403254
511,0.407894
516,0.409791
521,0.410214
526,0.40896
531,0.409262
536,0.408509
541,0.40769
546,0.405425
551,0.406738
556,0.40347
561,0.402137
566,0.400668
571,0.398846
576,0.398019
581,0.395087
586,0.393136
591,0.392219
596,0.383394
601,0.386611
606,0.391212
611,0.393473
616,0.399237
621,0.403595
626,0.406091
631,0.410574
636,0.414011
641,0.41572
646,0.418161
651,0.422574
656,0.423663
661,0.426461
666,0.427539
671,0.429102
676,0.431943
681,0.433264
686,0.432794
691,0.433989
696,0.432112
701,0.433287
706,0.431148
711,0.431163
716,0.430223
721,0.419874
726,0.420371
731,0.421065
736,0.419341
741,0.418859
746,0.417083
751,0.414305
756,0.412005
761,0.410288
766,0.408129
771,0.403599
776,0.400613
781,0.397603
786,0.393716
791,0.392748
796,0.389715
801,0.388531
806,0.387477
811,0.385624
816,0.383414
821,0.381791
826,0.380071
831,0.378288
836,0.377916
841,0.377292
846,0.370156
851,0.370505
856,0.369443
861,0.36717
866,0.366724
871,0.364705
876,0.364655
881,0.363949
886,0.364028
891,0.363632
896,0.362515
901,0.362002
906,0.360912
911,0.360238
916,0.360414
921,0.360097
926,0.359823
931,0.358365
936,0.357095
941,0.356982
946,0.35648
951,0.355927
956,0.355657
961,0.354458
966,0.353843
971,0.350418
976,0.350457
981,0.350857
986,0.350488
991,0.350159
996,0.350147
1001,0.349955
1006,0.350167
1011,0.350151
1016,0.350237
1021,0.349567
1026,0.349399
1031,0.349332
1036,0.349003
1041,0.349297
1046,0.349258
1051,0.349818
1056,0.349634
1061,0.34965
1066,0.349399
1071,0.349458
1076,0.349979
1081,0.349583
1086,0.349634
1091,0.34961
1096,0.349877
1101,0.350147
1106,0.350194
1111,0.350598
1116,0.35021
1121,0.350398
1126,0.349873
1131,0.350335
1136,0.350096
1141,0.349947
1146,0.349861
1151,0.349998
1156,0.349513
1161,0.34994
1166,0.349587
1171,0.349947
1176,0.350077
1181,0.349783
1186,0.349481
1191,0.348356
1196,0.348208
1201,0.347702
1206,0.348321
1211,0.347753
1216,0.348098
1221,0.346856
1226,0.347373
1231,0.34751
1236,0.347588
1241,0.348325
1246,0.349168
1251,0.349219
1256,0.34916
1261,0.349148
1266,0.34916
1271,0.348944
1276,0.349469
1281,0.349846
1286,0.349783
1291,0.349501
1296,0.349654
1301,0.349544
1306,0.348944
1311,0.348819
1316,0.348086
1321,0.34778
1326,0.347353
1331,0.34731
1336,0.347134
1341,0.346762
1346,0.342659
1351,0.342302
1356,0.34269
1361,0.342643
1366,0.342435
1371,0.342043
1376,0.341381
1381,0.340903
1386,0.340409
1391,0.340076
1396,0.340354
1401,0.341291
1406,0.341926
1411,0.343446
1416,0.344532
1421,0.344575
1426,0.34512
1431,0.346162
1436,0.346334
1441,0.34664
1446,0.345958
1451,0.345374
1456,0.345135
1461,0.344077
1466,0.343423
1471,0.339849
1476,0.339144
1481,0.338885
1486,0.337976
1491,0.337094
1496,0.336918
1501,0.336232
1506,0.336306
1511,0.335809
1516,0.335926
1521,0.336056
1526,0.336393
1531,0.336628
1536,0.336706
1541,0.336506
1546,0.336976
1551,0.337333
1556,0.337208
1561,0.336843
1566,0.337553
1571,0.337815
1576,0.337929
1581,0.337897
1586,0.337776
1591,0.337458
1596,0.340425
1601,0.341052
1606,0.340644
1611,0.340648
1616,0.340974
1621,0.341177
1626,0.34142
1631,0.341589
1636,0.34162
1641,0.341593
1646,0.341557
1651,0.34171
1656,0.342204
1661,0.342216
1666,0.342361
1671,0.342451
1676,0.342518
1681,0.342666
1686,0.34249
1691,0.342553
1696,0.34296
1701,0.343203
1706,0.343607
1711,0.345359
1716,0.347584
1721,0.350089
1726,0.352659
1731,0.355308
1736,0.356762
1741,0.359686
1746,0.361582
1751,0.362491
1756,0.364776
1761,0.366802
1766,0.368138
1771,0.369647
1776,0.3717
1781,0.372519
1786,0.373981
1791,0.375482
1796,0.376038
1801,0.377406
1806,0.378225
1811,0.378519
1816,0.378503
1821,0.377947
1826,0.377151
1831,0.37714
1836,0.375768
1841,0.375043
1846,0.368601
1851,0.368859
1856,0.369157
1861,0.368573
1866,0.367703
1871,0.36719
1876,0.366653
1881,0.366144
1886,0.36487
1891,0.363973
1896,0.363154
1901,0.362468
1906,0.361845
1911,0.361304
1916,0.360916
1921,0.361284
1926,0.363283
1931,0.362958
1936,0.36556
1941,0.367421
1946,0.36844
1951,0.37259
1956,0.376325
1961,0.377618
1966,0.381062
1971,0.378217
1976,0.38004
1981,0.38428
1986,0.387007
1991,0.387842
1996,0.38968
2001,0.39149
2006,0.392595
2011,0.394903
2016,0.396063
2021,0.396961
2026,0.398626
2031,0.401032
2036,0.402
2041,0.406264
2046,0.409128
2051,0.410829
2056,0.412941
2061,0.416958
2066,0.418224
2071,0.422883
2076,0.425556
2081,0.427049
2086,0.430019
2091,0.432825
2096,0.431747
2101,0.437966
2106,0.440419
2111,0.441387
2116,0.448245
2121,0.453927
2126,0.455844
2131,0.461569
2136,0.46673
2141,0.469802
2146,0.475285
2151,0.480108
2156,0.483776
2161,0.489972
2166,0.495897
2171,0.497566
2176,0.502179
2181,0.507571
2186,0.509519
2191,0.514734
2196,0.517905
2201,0.521663
2206,0.525017
2211,0.527466
2216,0.528756
2221,0.538541
2226,0.540833
2231,0.541335
2236,0.544885
2241,0.547918
2246,0.54833
2251,0.552143
2256,0.553671
2261,0.553628
2266,0.556018
2271,0.558812
2276,0.559028
2281,0.560991
2286,0.564428
2291,0.565208
2296,0.567136
2301,0.569926
2306,0.571129
2311,0.572842
2316,0.575565
2321,0.576937
2326,0.5789
2331,0.579758
2336,0.580577
2341,0.58122
2346,0.595754
2351,0.59657
2356,0.596812
2361,0.597416
2366,0.597146
2371,0.5976
2376,0.597632
2381,0.598603
2386,0.599779
2391,0.601006
2396,0.600959
2401,0.602342
2406,0.601515
2411,0.601456
2416,0.602216
2421,0.602667
2426,0.60206
2431,0.60215
2436,0.602271
2441,0.602381
2446,0.602824
2451,0.603196
2456,0.603059
2461,0.6034
2466,0.60398
2471,0.602624
2476,0.602585
2481,0.603796
2486,0.603126
2491,0.603271
2496,0.603231
2501,0.602205
2506,0.602487
2511,0.602185
2516,0.602695
2521,0.602781
2526,0.601636
2531,0.600586
2536,0.600586
2541,0.599795
2546,0.59943
2551,0.599708
2556,0.600602
2561,0.600719
2566,0.60282
2571,0.60483
2576,0.60639
2581,0.614408
2586,0.621156
2591,0.625419
2596,0.644637
2601,0.646502
2606,0.650766
2611,0.656808
2616,0.665908
2621,0.670548
2626,0.673886
2631,0.677938
2636,0.681967
2641,0.682782
2646,0.685917
2651,0.688272
2656,0.689502
2661,0.688868
2666,0.69047
2671,0.691344
2676,0.691387
2681,0.691199
2686,0.692175
2691,0.692622
2696,0.693041
2701,0.693531
2706,0.695138
2711,0.695177
2716,0.695835
2721,0.70979
2726,0.709292
2731,0.708716
2736,0.707156
2741,0.706396
2746,0.706537
2751,0.70533
2756,0.706322
2761,0.70591
2766,0.704766
2771,0.703767
2776,0.702231
2781,0.701694
2786,0.701494
2791,0.699895
2796,0.699715
2801,0.700079
2806,0.699723
2811,0.699871
2816,0.699887
2821,0.700232
2826,0.700138
2831,0.700726
2836,0.700534
2841,0.701259
2846,0.695322
2851,0.69558
2856,0.694272
2861,0.695071
2866,0.695467
2871,0.694977
2876,0.694542
2881,0.694256
2886,0.694162
2891,0.693672
2896,0.693523
2901,0.693245
2906,0.692708
2911,0.692387
2916,0.692618
2921,0.691826
2926,0.691971
2931,0.692246
2936,0.692869
2941,0.693166
2946,0.693159
2951,0.693206
2956,0.693268
2961,0.696854
2966,0.698484
2971,0.717373
2976,0.721617
2981,0.724117
2986,0.730818
2991,0.732295
2996,0.735191
3001,0.736206
3006,0.73657
3011,0.737201
3016,0.738463
3021,0.739078
3026,0.739259
3031,0.742974
3036,0.748797
3041,0.750396
3046,0.756293
3051,0.757704
3056,0.759217
3061,0.760181
3066,0.761748
3071,0.762771
3076,0.763625
3081,0.764699
3086,0.764441
3091,0.763594
3096,0.784892
3101,0.784124
3106,0.78347
3111,0.783658
3116,0.783646
3121,0.783431
3126,0.783309
3131,0.785292
3136,0.784093
3141,0.784842
3146,0.785649
3151,0.790351
3156,0.791543
3161,0.796155
3166,0.798059
3171,0.797942
3176,0.800199
3181,0.801339
3186,0.801861
3191,0.804949
3196,0.805211
3201,0.805329
3206,0.806669
3211,0.806387
3216,0.806207
3221,0.817986
3226,0.818147
3231,0.818045
3236,0.817818
3241,0.817351
3246,0.817379
3251,0.817735
3256,0.817877
3261,0.817253
3266,0.822379
3271,0.825212
3276,0.825377
3281,0.824515
3286,0.825522
3291,0.823504
3296,0.823492
3301,0.823065
3306,0.821928
3311,0.824969
3316,0.824099
3321,0.821936
3326,0.822336
3331,0.821568
3336,0.820847
3341,0.820682
3346,0.820443
3351,0.819793
3356,0.819581
3361,0.819366
3366,0.818421
3371,0.817344
3376,0.818409
3381,0.818449
3386,0.818621
3391,0.818758
3396,0.817461
3401,0.817877
3406,0.817669
3411,0.816575
3416,0.81672
3421,0.815647
3426,0.814487
3431,0.813609
3436,0.812763
3441,0.812441
3446,0.810619
3451,0.809091
3456,0.81027
3461,0.809749
3466,0.810078
3471,0.815369
3476,0.813707
3481,0.813127
3486,0.81368
3491,0.81297
3496,0.811125
3501,0.810811
3506,0.813013
3511,0.812543
3516,0.81685
3521,0.816681
3526,0.819871
3531,0.819358
3536,0.82207
3541,0.82205
3546,0.824382
3551,0.825522
3556,0.826439
3561,0.826533
3566,0.827093
3571,0.827411
3576,0.827795
3581,0.828136
3586,0.828665
3591,0.829609
3596,0.837357
3601,0.837795
3606,0.838219
3611,0.838336
3616,0.838176
3621,0.838638
3626,0.838854
3631,0.838638
3636,0.838712
3641,0.838807
3646,0.838983
3651,0.839116
3656,0.839269
3661,0.839198
3666,0.838928
3671,0.839308
3676,0.839002
3681,0.838889
3686,0.838971
3691,0.838646
3696,0.838712
3701,0.838665
3706,0.838634
3711,0.838814
3716,0.838904
3721,0.8399
3726,0.840155
3731,0.840088
3736,0.83981
3741,0.839422
3746,0.839477
3751,0.840253
3756,0.840253
3761,0.839982
3766,0.840084
3771,0.840084
3776,0.840413
3781,0.840601
3786,0.840974
3791,0.841083
3796,0.84115
3801,0.841052
3806,0.840883
3811,0.841303
3816,0.841389
3821,0.841871
3826,0.841934
3831,0.842036
3836,0.842275
3841,0.84229
3846,0.846585
3851,0.846601
3856,0.846495
3861,0.846338
3866,0.846217
3871,0.846397
3876,0.846236
3881,0.846511
3886,0.846397
3891,0.846593
3896,0.846483
3901,0.846307
3906,0.846072
3911,0.845751
3916,0.845735
3921,0.845331
3926,0.845441
3931,0.845406
3936,0.845609
3941,0.84566
3946,0.845464
3951,0.845676
3956,0.845355
3961,0.844908
3966,0.84461
3971,0.84289
3976,0.842553
3981,0.842396
3986,0.842161
3991,0.842326
3996,0.842376
4001,0.841808
4006,0.841354
4011,0.841628
4016,0.841628
4021,0.841887
4026,0.841369
4031,0.841311
4036,0.841381
4041,0.840797
4046,0.840821
4051,0.839645
4056,0.839868
4061,0.84095
4066,0.841718
4071,0.842733
4076,0.843372
4081,0.843678
4086,0.843489
4091,0.843732
4096,0.8455
4101,0.845323
4106,0.845069
4111,0.845574
4116,0.845837
4121,0.846378
4126,0.846562
4131,0.847028
4136,0.847526
4141,0.847643
4146,0.847769
4151,0.847878
4156,0.847988
4161,0.848541
4166,0.848568
4171,0.848505
4176,0.848776
4181,0.84876
4186,0.848866
4191,0.84925
4196,0.849164
4201,0.849277
4206,0.84925
4211,0.84925
4216,0.849779
4221,0.850398
4226,0.85019
4231,0.850798
4236,0.851245
4241,0.85099
4246,0.8507
4251,0.850915
4256,0.85097
4261,0.850919
4266,0.850915
4271,0.851002
4276,0.85077
4281,0.850892
4286,0.850763
4291,0.850598
4296,0.850308
4301,0.850014
4306,0.850422
4311,0.850379
4316,0.850265
4321,0.850089
4326,0.850324
4331,0.850402
4336,0.850437
4341,0.850669
4346,0.84932
4351,0.849034
4356,0.848866
4361,0.848791
4366,0.848423
4371,0.848537
4376,0.848498
4381,0.848513
4386,0.848788
4391,0.848748
4396,0.849332
4401,0.84916
4406,0.849383
4411,0.849324
4416,0.849352
4421,0.849724
4426,0.849732
4431,0.849842
4436,0.850194
4441,0.850265
4446,0.850379
4451,0.850285
4456,0.850347
4461,0.850265
4466,0.850343
4471,0.850484
4476,0.850731
4481,0.850759
4486,0.850951
4491,0.851013
4496,0.850888
4501,0.850821
4506,0.850872
4511,0.85088
4516,0.850833
4521,0.851809
4526,0.85215
4531,0.852193
4536,0.852177
4541,0.852232
4546,0.852295
4551,0.852393
4556,0.852373
4561,0.852314
4566,0.852738
4571,0.852753
4576,0.852824
4581,0.852569
4586,0.851938
4591,0.851542
4596,0.851386
4601,0.85146
4606,0.851593
4611,0.851738
4616,0.851738
4621,0.851895
4626,0.851754
4631,0.851711
4636,0.851805
4641,0.851746
4646,0.850394
4651,0.850312
4656,0.850414
4661,0.850559
4666,0.85061
4671,0.850555
4676,0.850328
4681,0.850045
4686,0.849724
4691,0.849638
4696,0.849395
4701,0.849258
4706,0.848933
4711,0.848772
4716,0.848791
4721,0.848748
4726,0.848768
4731,0.848756
4736,0.848788
4741,0.848968
4746,0.848913
4751,0.848933
4756,0.848878
4761,0.848878
4766,0.848925
4771,0.850265
4776,0.849712
4781,0.849959
4786,0.849673
4791,0.849771
4796,0.849716
4801,0.850006
4806,0.850049
4811,0.850034
4816,0.850065
4821,0.850226
4826,0.85032
4831,0.850469
4836,0.850598
4841,0.850527
4846,0.850335
4851,0.850049
4856,0.850053
4861,0.849755
4866,0.849297
4871,0.849113
4876,0.849168
4881,0.848737
4886,0.848599
4891,0.848427
4896,0.84702
4901,0.846954
4906,0.847212
4911,0.847412
4916,0.848043
4921,0.848368
4926,0.848936
4931,0.848854
4936,0.848956
4941,0.84914
4946,0.84898
4951,0.848866
4956,0.848725
4961,0.848893
4966,0.848948
4971,0.848948
4976,0.848776
4981,0.848682
4986,0.848858
4991,0.849062
4996,0.849477
5001,0.849426
5006,0.849497
5011,0.849775
5016,0.849779
5021,0.850077
5026,0.849951
5031,0.849563
5036,0.849689
5041,0.849591
5046,0.849583
5051,0.84715
5056,0.84693
5061,0.846848
5066,0.847134
5071,0.846946
5076,0.847099
5081,0.847244
5086,0.847114
5091,0.84762
5096,0.847906
5101,0.848055
5106,0.847949
5111,0.847667
5116,0.847424
5121,0.846879
5126,0.846773
5131,0.84673
5136,0.846495
5141,0.846464
5146,0.84691
5151,0.84693
5156,0.846993
5161,0.846773
5166,0.846812
5171,0.846856
5176,0.848454
5181,0.848255
5186,0.848176
5191,0.847855
5196,0.847777
5201,0.847855
5206,0.84791
5211,0.848008
5216,0.84807
5221,0.848106
5226,0.8482
5231,0.847992
5236,0.848019
5241,0.847694
5246,0.847643
5251,0.847863
5256,0.847824
5261,0.848168
5266,0.847882
5271,0.847698
5276,0.847741
5281,0.847871
5286,0.847929
5291,0.848227
5296,0.848302
5301,0.846742
5306,0.846844
5311,0.846765
5316,0.846491
5321,0.846812
5326,0.846961
5331,0.847032
5336,0.847044
5341,0.846989
5346,0.847008
5351,0.847079
5356,0.847616
5361,0.847381
5366,0.847326
5371,0.847651
5376,0.84762
5381,0.847588
5386,0.847773
5391,0.847906
5396,0.847608
5401,0.847506
5406,0.84731
5411,0.847232
5416,0.847334
5421,0.84733
5426,0.846366
5431,0.846381
5436,0.846084
5441,0.846213
5446,0.846491
5451,0.846668
5456,0.846652
5461,0.846491
5466,0.846468
5471,0.846491
5476,0.84646
5481,0.84664
5486,0.846448
5491,0.846652
5496,0.846656
5501,0.846436
5506,0.846315
5511,0.84615
5516,0.846111
5521,0.846189
5526,0.846001
5531,0.845907
5536,0.845974
5541,0.846009
5546,0.845982
5551,0.846358
5556,0.846052
5561,0.846479
5566,0.846758
5571,0.846722
5576,0.846566
5581,0.846523
5586,0.846452
5591,0.846679
5596,0.847353
5601,0.847224
5606,0.847342
5611,0.847247
5616,0.847369
5621,0.847208
5626,0.847024
5631,0.846444
5636,0.845539
5641,0.845606
5646,0.845378
5651,0.844986
5656,0.844967
5661,0.845225
5666,0.844798
5671,0.84541
5676,0.846111
5681,0.845751
5686,0.845594
5691,0.845347
5696,0.845472
5701,0.845801
5706,0.845939
5711,0.845253
5716,0.84577
5721,0.845351
2,0.260933
7,0.256051
12,0.253343
17,0.249506
22,0.246085
27,0.245415
32,0.246356
37,0.25127
42,0.252708
47,0.260248
52,0.269457
57,0.274006
62,0.283842
67,0.292942
72,0.29579
77,0.302339
82,0.309404
87,0.310858
92,0.317391
97,0.316532
102,0.319926
107,0.324311
112,0.328986
117,0.330283
122,0.330942
127,0.329331
132,0.329386
137,0.325687
142,0.325028
147,0.324699
152,0.322238
157,0.322936
162,0.322124
167,0.321721
172,0.322994
177,0.323331
182,0.322301
187,0.324146
192,0.32564
197,0.324538
202,0.326051
207,0.325777
212,0.323273
217,0.322136
222,0.310047
227,0.309894
232,0.308483
237,0.307406
242,0.306026
247,0.305117
252,0.304721
257,0.302648
262,0.302096
267,0.30141
272,0.299972
277,0.29978
282,0.299517
287,0.29965
292,0.299713
297,0.29978
302,0.299427
307,0.299823
312,0.298561
317,0.297934
322,0.297766
327,0.29699
332,0.296845
337,0.296006
342,0.296206
347,0.290939
352,0.291496
357,0.292797
362,0.294309
367,0.295986
372,0.296453
377,0.298204
382,0.297793
387,0.297883
392,0.296073
397,0.29757
402,0.298882
407,0.300599
412,0.30351
417,0.304898
422,0.30978
427,0.316129
432,0.31886
437,0.327219
442,0.335401
447,0.337513
452,0.344955
457,0.350712
462,0.353502
467,0.361135
472,0.370345
477,0.373041
482,0.379926
487,0.384965
492,0.390773
497,0.395648
502,0.400656
507,0.403254
512,0.407894
517,0.409791
522,0.410214
527,0.40896
532,0.409262
537,0.408509
542,0.40769
547,0.405425
552,0.406738
557,0.40347
562,0.402137
567,0.400668
572,0.398846
577,0.398019
582,0.395087
587,0.393136
592,0.392219
597,0.383394
602,0.386611
607,0.391212
612,0.393473
617,0.399237
622,0.403595
627,0.406091
632,0.410574
637,0.414011
642,0.41572
647,0.418161
652,0.422574
657,0.423663
662,0.426461
667,0.427539
672,0.429102
677,0.431943
682,0.433264
687,0.432794
692,0.433989
697,0.432112
702,0.433287
707,0.431148
712,0.431163
717,0.430223
722,0.419874
727,0.420371
732,0.421065
737,0.419341
742,0.418859
747,0.417083
752,0.414305
757,0.412005
762,0.410288
767,0.408129
772,0.403599
777,0.400613
782,0.397603
787,0.393716
792,0.392748
797,0.389715
802,0.388531
807,0.387477
812,0.385624
817,0.383414
822,0.381791
827,0.380071
832,0.378288
837,0.377916
842,0.377292
847,0.370156
852,0.370505
857,0.369443
862,0.36717
867,0.366724
872,0.364705
877,0.364655
882,0.363949
887,0.364028
892,0.363632
897,0.362515
902,0.362002
907,0.360912
912,0.360238
917,0.360414
922,0.360097
927,0.359823
932,0.358365
937,0.357095
942,0.356982
947,0.35648
952,0.355927
957,0.355657
962,0.354458
967,0.353843
972,0.350418
977,0.350457
982,0.350857
987,0.350488
992,0.350159
997,0.350147
1002,0.349955
1007,0.350167
1012,0.350151
1017,0.350237
1022,0.349567
1027,0.349399
1032,0.349332
1037,0.349003
1042,0.349297
1047,0.349258
1052,0.349818
1057,0.349634
1062,0.34965
1067,0.349399
1072,0.349458
1077,0.349979
1082,0.349583
1087,0.349634
1092,0.34961
1097,0.349877
1102,0.350147
1107,0.350194
1112,0.350598
1117,0.35021
1122,0.350398
1127,0.349873
1132,0.350335
1137,0.350096
1142,0.349947
1147,0.349861
1152,0.349998
1157,0.349513
1162,0.34994
1167,0.349587
1172,0.349947
1177,0.350077
1182,0.349783
1187,0.349481
1192,0.348356
1197,0.348208
1202,0.347702
1207,0.348321
1212,0.347753
1217,0.348098
1222,0.346856
1227,0.347373
1232,0.34751
1237,0.347588
1242,0.348325
1247,0.349168
1252,0.349219
1257,0.34916
1262,0.349148
1267,0.34916
1272,0.348944
1277,0.349469
1282,0.349846
1287,0.349783
1292,0.349501
1297,0.349654
1302,0.349544
1307,0.348944
1312,0.348819
1317,0.348086
1322,0.34778
1327,0.347353
1332,0.34731
1337,0.347134
1342,0.346762
1347,0.342659
1352,0.342302
1357,0.34269
1362,0.342643
1367,0.342435
1372,0.342043
1377,0.341381
1382,0.340903
1387,0.340409
1392,0.340076
1397,0.340354
1402,0.341291
1407,0.341926
1412,0.343446
1417,0.344532
1422,0.344575
1427,0.34512
1432,0.346162
1437,0.346334
1442,0.34664
1447,0.345958
1452,0.345374
1457,0.345135
1462,0.344077
1467,0.343423
1472,0.339849
1477,0.339144
1482,0.338885
1487,0.337976
1492,0.337094
1497,0.336918
1502,0.336232
1507,0.336306
1512,0.335809
1517,0.335926
1522,0.336056
1527,0.336393
1532,0.336628
1537,0.336706
1542,0.336506
1547,0.336976
1552,0.337333
1557,0.337208
1562,0.336843
1567,0.337553
1572,0.337815
1577,0.337929
1582,0.337897
1587,0.337776
1592,0.337458
1597,0.340425
1602,0.341052
1607,0.340644
1612,0.340648
1617,0.340974
1622,0.341177
1627,0.34142
1632,0.341589
1637,0.34162
1642,0.341593
1647,0.341557
1652,0.34171
1657,0.342204
1662,0.342216
1667,0.342361
1672,0.342451
1677,0.342518
1682,0.342666
1687,0.34249
1692,0.342553
1697,0.34296
1702,0.343203
1707,0.343607
1712,0.345359
1717,0.347584
1722,0.350089
1727,0.352659
1732,0.355308
1737,0.356762
1742,0.359686
1747,0.361582
1752,0.362491
1757,0.364776
1762,0.366802
1767,0.368138
1772,0.369647
1777,0.3717
1782,0.372519
1787,0.373981
1792,0.375482
1797,0.376038
1802,0.377406
1807,0.378225
1812,0.378519
1817,0.378503
1822,0.377947
1827,0.377151
1832,0.37714
1837,0.375768
1842,0.375043
1847,0.368601
1852,0.368859
1857,0.369157
1862,0.368573
1867,0.367703
1872,0.36719
1877,0.366653
1882,0.366144
1887,0.36487
1892,0.363973
1897,0.363154
1902,0.362468
1907,0.361845
1912,0.361304
1917,0.360916
1922,0.361284
1927,0.363283
1932,0.362958
1937,0.36556
1942,0.367421
1947,0.36844
1952,0.37259
1957,0.376325
1962,0.377618
1967,0.381062
1972,0.378217
1977,0.38004
1982,0.38428
1987,0.387007
1992,0.387842
1997,0.38968
2002,0.39149
2007,0.392595
2012,0.394903
2017,0.396063
2022,0.396961
2027,0.398626
2032,0.401032
2037,0.402
2042,0.406264
2047,0.409128
2052,0.410829
2057,0.412941
2062,0.416958
2067,0.418224
2072,0.422883
2077,0.425556
2082,0.427049
2087,0.430019
2092,0.432825
2097,0.431747
2102,0.437966
2107,0.440419
2112,0.441387
2117,0.448245
2122,0.453927
2127,0.455844
2132,0.461569
2137,0.46673
2142,0.469802
2147,0.475285
2152,0.480108
2157,0.483776
2162,0.489972
2167,0.495897
2172,0.497566
2177,0.502179
2182,0.507571
2187,0.509519
2192,0.514734
2197,0.517905
2202,0.521663
2207,0.525017
2212,0.527466
2217,0.528756
2222,0.538541
2227,0.540833
2232,0.541335
2237,0.544885
2242,0.547918
2247,0.54833
2252,0.552143
2257,0.553671
2262,0.553628
2267,0.556018
2272,0.558812
2277,0.559028
2282,0.560991
2287,0.564428
2292,0.565208
2297,0.567136
2302,0.569926
2307,0.571129
2312,0.572842
2317,0.575565
2322,0.576937
2327,0.5789
2332,0.579758
2337,0.580577
2342,0.58122
2347,0.595754
2352,0.59657
2357,0.596812
2362,0.597416
2367,0.597146
2372,0.5976
2377,0.597632
2382,0.598603
2387,0.599779
2392,0.601006
2397,0.600959
2402,0.602342
2407,0.601515
2412,0.601456
2417,0.602216
2422,0.602667
2427,0.60206
2432,0.60215
2437,0.602271
2442,0.602381
2447,0.602824
2452,0.603196
2457,0.603059
2462,0.6034
2467,0.60398
2472,0.602624
2477,0.602585
2482,0.603796
2487,0.603126
2492,0.603271
2497,0.603231
2502,0.602205
2507,0.602487
2512,0.602185
2517,0.602695
2522,0.602781
2527,0.601636
2532,0.600586
2537,0.600586
2542,0.599795
2547,0.59943
2552,0.599708
2557,0.600602
2562,0.600719
2567,0.60282
2572,0.60483
2577,0.60639
2582,0.614408
2587,0.621156
2592,0.625419
2597,0.644637
2602,0.646502
2607,0.650766
2612,0.656808
2617,0.665908
2622,0.670548
2627,0.673886
2632,0.677938
2637,0.681967
2642,0.682782
2647,0.685917
2652,0.688272
2657,0.689502
2662,0.688868
2667,0.69047
2672,0.691344
2677,0.691387
2682,0.691199
2687,0.692175
2692,0.692622
2697,0.693041
2702,0.693531
2707,0.695138
2712,0.695177
2717,0.695835
2722,0.70979
2727,0.709292
2732,0.708716
2737,0.707156
2742,0.706396
2747,0.706537
2752,0.70533
2757,0.706322
2762,0.70591
2767,0.704766
2772,0.703767
2777,0.702231
2782,0.701694
2787,0.701494
2792,0.699895
2797,0.699715
2802,0.700079
2807,0.699723
2812,0.699871
2817,0.699887
2822,0.700232
2827,0.700138
2832,0.700726
2837,0.700534
2842,0.701259
2847,0.695322
2852,0.69558
2857,0.694272
2862,0.695071
2867,0.695467
2872,0.694977
2877,0.694542
2882,0.694256
2887,0.694162
2892,0.693672
2897,0.693523
2902,0.693245
2907,0.692708
2912,0.692387
2917,0.692618
2922,0.691826
2927,0.691971
2932,0.692246
2937,0.692869
2942,0.693166
2947,0.693159
2952,0.693206
2957,0.693268
2962,0.696854
2967,0.698484
2972,0.717373
2977,0.721617
2982,0.724117
2987,0.730818
2992,0.732295
2997,0.735191
3002,0.736206
3007,0.73657
3012,0.737201
3017,0.738463
3022,0.739078
3027,0.739259
3032,0.742974
3037,0.748797
3042,0.750396
3047,0.756293
3052,0.757704
3057,0.759217
3062,0.760181
3067,0.761748
3072,0.762771
3077,0.763625
3082,0.764699
3087,0.764441
3092,0.763594
3097,0.784892
3102,0.784124
3107,0.78347
3112,0.783658
3117,0.783646
3122,0.783431
3127,0.783309
3132,0.785292
3137,0.784093
3142,0.784842
3147,0.785649
3152,0.790351
3157,0.791543
3162,0.796155
3167,0.798059
3172,0.797942
3177,0.800199
3182,0.801339
3187,0.801861
3192,0.804949
3197,0.805211
3202,0.805329
3207,0.806669
3212,0.806387
3217,0.806207
3222,0.817986
3227,0.818147
3232,0.818045
3237,0.817818
3242,0.817351
3247,0.817379
3252,0.817735
3257,0.817877
3262,0.817253
3267,0.822379
3272,0.825212
3277,0.825377
3282,0.824515
3287,0.825522
3292,0.823504
3297,0.823492
3302,0.823065
3307,0.821928
3312,0.824969
3317,0.824099
3322,0.821936
3327,0.822336
3332,0.821568
3337,0.820847
3342,0.820682
3347,0.820443
3352,0.819793
3357,0.819581
3362,0.819366
3367,0.818421
3372,0.817344
3377,0.818409
3382,0.818449
3387,0.818621
3392,0.818758
3397,0.817461
3402,0.817877
3407,0.817669
3412,0.816575
3417,0.81672
3422,0.815647
3427,0.814487
3432,0.813609
3437,0.812763
3442,0.812441
3447,0.810619
3452,0.809091
3457,0.81027
3462,0.809749
3467,0.810078
3472,0.815369
3477,0.813707
3482,0.813127
3487,0.81368
3492,0.81297
3497,0.811125
3502,0.810811
3507,0.813013
3512,0.812543
3517,0.81685
3522,0.816681
3527,0.819871
3532,0.819358
3537,0.82207
3542,0.82205
3547,0.824382
3552,0.825522
3557,0.826439
3562,0.826533
3567,0.827093
3572,0.827411
3577,0.827795
3582,0.828136
3587,0.828665
3592,0.829609
3597,0.837357
3602,0.837795
3607,0.838219
3612,0.838336
3617,0.838176
3622,0.838638
3627,0.838854
3632,0.838638
3637,0.838712
3642,0.838807
3647,0.838983
3652,0.839116
3657,0.839269
3662,0.839198
3667,0.838928
3672,0.839308
3677,0.839002
3682,0.838889
3687,0.838971
3692,0.838646
3697,0.838712
3702,0.838665
3707,0.838634
3712,0.838814
3717,0.838904
3722,0.8399
3727,0.840155
3732,0.840088
3737,0.83981
3742,0.839422
3747,0.839477
3752,0.840253
3757,0.840253
3762,0.839982
3767,0.840084
3772,0.840084
3777,0.840413
3782,0.840601
3787,0.840974
3792,0.841083
3797,0.84115
3802,0.841052
3807,0.840883
3812,0.841303
3817,0.841389
3822,0.841871
3827,0.841934
3832,0.842036
3837,0.842275
3842,0.84229
3847,0.846585
3852,0.846601
3857,0.846495
3862,0.846338
3867,0.846217
3872,0.846397
3877,0.846236
3882,0.846511
3887,0.846397
3892,0.846593
3897,0.846483
3902,0.846307
3907,0.846072
3912,0.845751
3917,0.845735
3922,0.845331
3927,0.845441
3932,0.845406
3937,0.845609
3942,0.84566
3947,0.845464
3952,0.845676
3957,0.845355
3962,0.844908
3967,0.84461
3972,0.84289
3977,0.842553
3982,0.842396
3987,0.842161
3992,0.842326
3997,0.842376
4002,0.841808
4007,0.841354
4012,0.841628
4017,0.841628
4022,0.841887
4027,0.841369
4032,0.841311
4037,0.841381
4042,0.840797
4047,0.840821
4052,0.839645
4057,0.839868
4062,0.84095
4067,0.841718
4072,0.842733
4077,0.843372
4082,0.843678
4087,0.843489
4092,0.843732
4097,0.8455
4102,0.845323
4107,0.845069
4112,0.845574
4117,0.845837
4122,0.846378
4127,0.846562
4132,0.847028
4137,0.847526
4142,0.847643
4147,0.847769
4152,0.847878
4157,0.847988
4162,0.848541
4167,0.848568
4172,0.848505
4177,0.848776
4182,0.84876
4187,0.848866
4192,0.84925
4197,0.849164
4202,0.849277
4207,0.84925
4212,0.84925
4217,0.849779
4222,0.850398
4227,0.85019
4232,0.850798
4237,0.851245
4242,0.85099
4247,0.8507
4252,0.850915
4257,0.85097
4262,0.850919
4267,0.850915
4272,0.851002
4277,0.85077
4282,0.850892
4287,0.850763
4292,0.850598
4297,0.850308
4302,0.850014
4307,0.850422
4312,0.850379
4317,0.850265
4322,0.850089
4327,0.850324
4332,0.850402
4337,0.850437
4342,0.850669
4347,0.84932
4352,0.849034
4357,0.848866
4362,0.848791
4367,0.848423
4372,0.848537
4377,0.848498
4382,0.848513
4387,0.848788
4392,0.848748
4397,0.849332
4402,0.84916
4407,0.849383
4412,0.849324
4417,0.849352
4422,0.849724
4427,0.849732
4432,0.849842
4437,0.850194
4442,0.850265
4447,0.850379
4452,0.850285
4457,0.850347
4462,0.850265
4467,0.850343
4472,0.850484
4477,0.850731
4482,0.850759
4487,0.850951
4492,0.851013
4497,0.850888
4502,0.850821
4507,0.850872
4512,0.85088
4517,0.850833
4522,0.851809
4527,0.85215
4532,0.852193
4537,0.852177
4542,0.852232
4547,0.852295
4552,0.852393
4557,0.852373
4562,0.852314
4567,0.852738
4572,0.852753
4577,0.852824
4582,0.852569
4587,0.851938
4592,0.851542
4597,0.851386
4602,0.85146
4607,0.851593
4612,0.851738
4617,0.851738
4622,0.851895
4627,0.851754
4632,0.851711
4637,0.851805
4642,0.851746
4647,0.850394
4652,0.850312
4657,0.850414
4662,0.850559
4667,0.85061
4672,0.850555
4677,0.850328
4682,0.850045
4687,0.849724
4692,0.849638
4697,0.849395
4702,0.849258
4707,0.848933
4712,0.848772
4717,0.848791
4722,0.848748
4727,0.848768
4732,0.848756
4737,0.848788
4742,0.848968
4747,0.848913
4752,0.848933
4757,0.848878
4762,0.848878
4767,0.848925
4772,0.850265
4777,0.849712
4782,0.849959
4787,0.849673
4792,0.849771
4797,0.849716
4802,0.850006
4807,0.850049
4812,0.850034
4817,0.850065
4822,0.850226
4827,0.85032
4832,0.850469
4837,0.850598
4842,0.850527
4847,0.850335
4852,0.850049
4857,0.850053
4862,0.849755
4867,0.849297
4872,0.849113
4877,0.849168
4882,0.848737
4887,0.848599
4892,0.848427
4897,0.84702
4902,0.846954
4907,0.847212
4912,0.847412
4917,0.848043
4922,0.848368
4927,0.848936
4932,0.848854
4937,0.848956
4942,0.84914
4947,0.84898
4952,0.848866
4957,0.848725
4962,0.848893
4967,0.848948
4972,0.848948
4977,0.848776
4982,0.848682
4987,0.848858
4992,0.849062
4997,0.849477
5002,0.849426
5007,0.849497
5012,0.849775
5017,0.849779
5022,0.850077
5027,0.849951
5032,0.849563
5037,0.849689
5042,0.849591
5047,0.849583
5052,0.84715
5057,0.84693
5062,0.846848
5067,0.847134
5072,0.846946
5077,0.847099
5082,0.847244
5087,0.847114
5092,0.84762
5097,0.847906
5102,0.848055
5107,0.847949
5112,0.847667
5117,0.847424
5122,0.846879
5127,0.846773
5132,0.84673
5137,0.846495
5142,0.846464
5147,0.84691
5152,0.84693
5157,0.846993
5162,0.846773
5167,0.846812
5172,0.846856
5177,0.848454
5182,0.848255
5187,0.848176
5192,0.847855
5197,0.847777
5202,0.847855
5207,0.84791
5212,0.848008
5217,0.84807
5222,0.848106
5227,0.8482
5232,0.847992
5237,0.848019
5242,0.847694
5247,0.847643
5252,0.847863
5257,0.847824
5262,0.848168
5267,0.847882
5272,0.847698
5277,0.847741
5282,0.847871
5287,0.847929
5292,0.848227
5297,0.848302
5302,0.846742
5307,0.846844
5312,0.846765
5317,0.846491
5322,0.846812
5327,0.846961
5332,0.847032
5337,0.847044
5342,0.846989
5347,0.847008
5352,0.847079
5357,0.847616
5362,0.847381
5367,0.847326
5372,0.847651
5377,0.84762
5382,0.847588
5387,0.847773
5392,0.847906
5397,0.847608
5402,0.847506
5407,0.84731
5412,0.847232
5417,0.847334
5422,0.84733
5427,0.846366
5432,0.846381
5437,0.846084
5442,0.846213
5447,0.846491
5452,0.846668
5457,0.846652
5462,0.846491
5467,0.846468
5472,0.846491
5477,0.84646
5482,0.84664
5487,0.846448
5492,0.846652
5497,0.846656
5502,0.846436
5507,0.846315
5512,0.84615
5517,0.846111
5522,0.846189
5527,0.846001
5532,0.845907
5537,0.845974
5542,0.846009
5547,0.845982
5552,0.846358
5557,0.846052
5562,0.846479
5567,0.846758
5572,0.846722
5577,0.846566
5582,0.846523
5587,0.846452
5592,0.846679
5597,0.847353
5602,0.847224
5607,0.847342
5612,0.847247
5617,0.847369
5622,0.847208
5627,0.847024
5632,0.846444
5637,0.845539
5642,0.845606
5647,0.845378
5652,0.844986
5657,0.844967
5662,0.845225
5667,0.844798
5672,0.84541
5677,0.846111
5682,0.845751
5687,0.845594
5692,0.845347
5697,0.845472
5702,0.845801
5707,0.845939
5712,0.845253
5717,0.84577
5722,0.845351
3,0.260933
8,0.256051
13,0.253343
18,0.249506
23,0.246085
28,0.245415
33,0.246356
38,0.25127
43,0.252708
48,0.260248
53,0.269457
58,0.274006
63,0.283842
68,0.292942
73,0.29579
78,0.302339
83,0.309404
88,0.310858
93,0.317391
98,0.316532
103,0.319926
108,0.324311
113,0.328986
118,0.330283
123,0.330942
128,0.329331
133,0.329386
138,0.325687
143,0.325028
148,0.324699
153,0.322238
158,0.322936
163,0.322124
168,0.321721
173,0.322994
178,0.323331
183,0.322301
188,0.324146
193,0.32564
198,0.324538
203,0.326051
208,0.325777
213,0.323273
218,0.322136
223,0.310047
228,0.309894
233,0.308483
238,0.307406
243,0.306026
248,0.305117
253,0.304721
258,0.302648
263,0.302096
268,0.30141
273,0.299972
278,0.29978
283,0.299517
288,0.29965
293,0.299713
298,0.29978
303,0.299427
308,0.299823
313,0.298561
318,0.297934
323,0.297766
328,0.29699
333,0.296845
338,0.296006
343,0.296206
348,0.290939
353,0.291496
358,0.292797
363,0.294309
368,0.295986
373,0.296453
378,0.298204
383,0.297793
388,0.297883
393,0.296073
398,0.29757
403,0.298882
408,0.300599
413,0.30351
418,0.304898
423,0.30978
428,0.316129
433,0.31886
438,0.327219
443,0.335401
448,0.337513
453,0.344955
458,0.350712
463,0.353502
468,0.361135
473,0.370345
478,0.373041
483,0.379926
488,0.384965
493,0.390773
498,0.395648
503,0.400656
508,0.403254
513,0.407894
518,0.409791
523,0.410214
528,0.40896
533,0.409262
538,0.408509
543,0.40769
548,0.405425
553,0.406738
558,0.40347
563,0.402137
568,0.400668
573,0.398846
578,0.398019
583,0.395087
588,0.393136
593,0.392219
598,0.383394
603,0.386611
608,0.391212
613,0.393473
618,0.399237
623,0.403595
628,0.406091
633,0.410574
638,0.414011
643,0.41572
648,0.418161
653,0.422574
658,0.423663
663,0.426461
668,0.427539
673,0.429102
678,0.431943
683,0.433264
688,0.432794
693,0.433989
698,0.432112
703,0.433287
708,0.431148
713,0.431163
718,0.430223
723,0.419874
728,0.420371
733,0.421065
738,0.419341
743,0.418859
748,0.417083
753,0.414305
758,0.412005
763,0.410288
768,0.408129
773,0.403599
778,0.400613
783,0.397603
788,0.393716
793,0.392748
798,0.389715
803,0.388531
808,0.387477
813,0.385624
818,0.383414
823,0.381791
828,0.380071
833,0.378288
838,0.377916
843,0.377292
848,0.370156
853,0.370505
858,0.369443
863,0.36717
868,0.366724
873,0.364705
878,0.364655
883,0.363949
888,0.364028
893,0.363632
898,0.362515
903,0.362002
908,0.360912
913,0.360238
918,0.360414
923,0.360097
928,0.359823
933,0.358365
938,0.357095
943,0.356982
948,0.35648
953,0.355927
958,0.355657
963,0.354458
968,0.353843
973,0.350418
978,0.350457
983,0.350857
988,0.350488
993,0.350159
998,0.350147
1003,0.349955
1008,0.350167
1013,0.350151
1018,0.350237
1023,0.349567
1028,0.349399
1033,0.349332
1038,0.349003
1043,0.349297
1048,0.349258
1053,0.349818
1058,0.349634
1063,0.34965
1068,0.349399
1073,0.349458
1078,0.349979
1083,0.349583
1088,0.349634
1093,0.34961
1098,0.349877
1103,0.350147
1108,0.350194
1113,0.350598
1118,0.35021
1123,0.350398
1128,0.349873
1133,0.350335
1138,0.350096
1143,0.349947
1148,0.349861
1153,0.349998
1158,0.349513
1163,0.34994
1168,0.349587
1173,0.349947
1178,0.350077
1183,0.349783
1188,0.349481
1193,0.348356
1198,0.348208
1203,0.347702
1208,0.348321
1213,0.347753
1218,0.348098
1223,0.346856
1228,0.347373
1233,0.34751
1238,0.347588
1243,0.348325
1248,0.349168
1253,0.349219
1258,0.34916
1263,0.349148
1268,0.34916
1273,0.348944
1278,0.349469
1283,0.349846
1288,0.349783
1293,0.349501
1298,0.349654
1303,0.349544
1308,0.348944
1313,0.348819
1318,0.348086
1323,0.34778
1328,0.347353
1333,0.34731
1338,0.347134
1343,0.346762
1348,0.342659
1353,0.342302
1358,0.34269
1363,0.342643
1368,0.342435
1373,0.342043
1378,0.341381
1383,0.340903
1388,0.340409
1393,0.340076
1398,0.340354
1403,0.341291
1408,0.341926
1413,0.343446
1418,0.344532
1423,0.344575
1428,0.34512
1433,0.346162
1438,0.346334
1443,0.34664
1448,0.345958
1453,0.345374
1458,0.345135
1463,0.344077
1468,0.343423
1473,0.339849
1478,0.339144
1483,0.338885
1488,0.337976
1493,0.337094
1498,0.336918
1503,0.336232
1508,0.336306
1513,0.335809
1518,0.335926
1523,0.336056
1528,0.336393
1533,0.336628
1538,0.336706
1543,0.336506
1548,0.336976
1553,0.337333
1558,0.337208
1563,0.336843
1568,0.337553
1573,0.337815
1578,0.337929
1583,0.337897
1588,0.337776
1593,0.337458
1598,0.340425
1603,0.341052
1608,0.340644
1613,0.340648
1618,0.340974
1623,0.341177
1628,0.34142
1633,0.341589
1638,0.34162
1643,0.341593
1648,0.341557
1653,0.34171
1658,0.342204
1663,0.342216
1668,0.342361
1673,0.342451
1678,0.342518
1683,0.342666
1688,0.34249
1693,0.342553
1698,0.34296
1703,0.343203
1708,0.343607
1713,0.345359
1718,0.347584
1723,0.350089
1728,0.352659
1733,0.355308
1738,0.356762
1743,0.359686
1748,0.361582
1753,0.362491
1758,0.364776
1763,0.366802
1768,0.368138
1773,0.369647
1778,0.3717
1783,0.372519
1788,0.373981
1793,0.375482
1798,0.376038
1803,0.377406
1808,0.378225
1813,0.378519
1818,0.378503
1823,0.377947
1828,0.377151
1833,0.37714
1838,0.375768
1843,0.375043
1848,0.368601
1853,0.368859
1858,0.369157
1863,0.368573
1868,0.367703
1873,0.36719
1878,0.366653
1883,0.366144
1888,0.36487
1893,0.363973
1898,0.363154
1903,0.362468
1908,0.361845
1913,0.361304
1918,0.360916
1923,0.361284
1928,0.363283
1933,0.362958
1938,0.36556
1943,0.367421
1948,0.36844
1953,0.37259
1958,0.376325
1963,0.377618
1968,0.381062
1973,0.378217
1978,0.38004
1983,0.38428
1988,0.387007
1993,0.387842
1998,0.38968
2003,0.39149
2008,0.392595
2013,0.394903
2018,0.396063
2023,0.396961
2028,0.398626
2033,0.401032
2038,0.402
2043,0.406264
2048,0.409128
2053,0.410829
2058,0.412941
2063,0.416958
2068,0.418224
2073,0.422883
2078,0.425556
2083,0.427049
2088,0.430019
2093,0.432825
2098,0.431747
2103,0.437966
2108,0.440419
2113,0.441387
2118,0.448245
2123,0.453927
2128,0.455844
2133,0.461569
2138,0.46673
2143,0.469802
2148,0.475285
2153,0.480108
2158,0.483776
2163,0.489972
2168,0.495897
2173,0.497566
2178,0.502179
2183,0.507571
2188,0.509519
2193,0.514734
2198,0.517905
2203,0.521663
2208,0.525017
2213,0.527466
2218,0.528756
2223,0.538541
2228,0.540833
2233,0.541335
2238,0.544885
2243,0.547918
2248,0.54833
2253,0.552143
2258,0.553671
2263,0.553628
2268,0.556018
2273,0.558812
2278,0.559028
2283,0.560991
2288,0.564428
2293,0.565208
2298,0.567136
2303,0.569926
2308,0.571129
2313,0.572842
2318,0.575565
2323,0.576937
2328,0.5789
2333,0.579758
2338,0.580577
2343,0.58122
2348,0.595754
2353,0.59657
2358,0.596812
2363,0.597416
2368,0.597146
2373,0.5976
2378,0.597632
2383,0.598603
2388,0.599779
2393,0.601006
2398,0.600959
2403,0.602342
2408,0.601515
2413,0.601456
2418,0.602216
2423,0.602667
2428,0.60206
2433,0.60215
2438,0.602271
2443,0.602381
2448,0.602824
2453,0.603196
2458,0.603059
2463,0.6034
2468,0.60398
2473,0.602624
2478,0.602585
2483,0.603796
2488,0.603126
2493,0.603271
2498,0.603231
2503,0.602205
2508,0.602487
2513,0.602185
2518,0.602695
2523,0.602781
2528,0.601636
2533,0.600586
2538,0.600586
2543,0.599795
2548,0.59943
2553,0.599708
2558,0.600602
2563,0.600719
2568,0.60282
2573,0.60483
2578,0.60639
2583,0.614408
2588,0.621156
2593,0.625419
2598,0.644637
2603,0.646502
2608,0.650766
2613,0.656808
2618,0.665908
2623,0.670548
2628,0.673886
2633,0.677938
2638,0.681967
2643,0.682782
2648,0.685917
2653,0.688272
2658,0.689502
2663,0.688868
2668,0.69047
2673,0.691344
2678,0.691387
2683,0.691199
2688,0.692175
2693,0.692622
2698,0.693041
2703,0.693531
2708,0.695138
2713,0.695177
2718,0.695835
2723,0.70979
2728,0.709292
2733,0.708716
2738,0.707156
2743,0.706396
2748,0.706537
2753,0.70533
2758,0.706322
2763,0.70591
2768,0.704766
2773,0.703767
2778,0.702231
2783,0.701694
2788,0.701494
2793,0.699895
2798,0.699715
2803,0.700079
2808,0.699723
2813,0.699871
2818,0.699887
2823,0.700232
2828,0.700138
2833,0.700726
2838,0.700534
2843,0.701259
2848,0.695322
2853,0.69558
2858,0.694272
2863,0.695071
2868,0.695467
2873,0.694977
2878,0.694542
2883,0.694256
2888,0.694162
2893,0.693672
2898,0.693523
2903,0.693245
2908,0.692708
2913,0.692387
2918,0.692618
2923,0.691826
2928,0.691971
2933,0.692246
2938,0.692869
2943,0.693166
2948,0.693159
2953,0.693206
2958,0.693268
2963,0.696854
2968,0.698484
2973,0.717373
2978,0.721617
2983,0.724117
2988,0.730818
2993,0.732295
2998,0.735191
3003,0.736206
3008,0.73657
3013,0.737201
3018,0.738463
3023,0.739078
3028,0.739259
3033,0.742974
3038,0.748797
3043,0.750396
3048,0.756293
3053,0.757704
3058,0.759217
3063,0.760181
3068,0.761748
3073,0.762771
3078,0.763625
3083,0.764699
3088,0.764441
3093,0.763594
3098,0.784892
3103,0.784124
3108,0.78347
3113,0.783658
3118,0.783646
3123,0.783431
3128,0.783309
3133,0.785292
3138,0.784093
3143,0.784842
3148,0.785649
3153,0.790351
3158,0.791543
3163,0.796155
3168,0.798059
3173,0.797942
3178,0.800199
3183,0.801339
3188,0.801861
3193,0.804949
3198,0.805211
3203,0.805329
3208,0.806669
3213,0.806387
3218,0.806207
3223,0.817986
3228,0.818147
3233,0.818045
3238,0.817818
3243,0.817351
3248,0.817379
3253,0.817735
3258,0.817877
3263,0.817253
3268,0.822379
3273,0.825212
3278,0.825377
3283,0.824515
3288,0.825522
3293,0.823504
3298,0.823492
3303,0.823065
3308,0.821928
3313,0.824969
3318,0.824099
3323,0.821936
3328,0.822336
3333,0.821568
3338,0.820847
3343,0.820682
3348,0.820443
3353,0.819793
3358,0.819581
3363,0.819366
3368,0.818421
3373,0.817344
3378,0.818409
3383,0.818449
3388,0.818621
3393,0.818758
3398,0.817461
3403,0.817877
3408,0.817669
3413,0.816575
3418,0.81672
3423,0.815647
3428,0.814487
3433,0.813609
3438,0.812763
3443,0.812441
3448,0.810619
3453,0.809091
3458,0.81027
3463,0.809749
3468,0.810078
3473,0.815369
3478,0.813707
3483,0.813127
3488,0.81368
3493,0.81297
3498,0.811125
3503,0.810811
3508,0.813013
3513,0.812543
3518,0.81685
3523,0.816681
3528,0.819871
3533,0.819358
3538,0.82207
3543,0.82205
3548,0.824382
3553,0.825522
3558,0.826439
3563,0.826533
3568,0.827093
3573,0.827411
3578,0.827795
3583,0.828136
3588,0.828665
3593,0.829609
3598,0.837357
3603,0.837795
3608,0.838219
3613,0.838336
3618,0.838176
3623,0.838638
3628,0.838854
3633,0.838638
3638,0.838712
3643,0.838807
3648,0.838983
3653,0.839116
3658,0.839269
3663,0.839198
3668,0.838928
3673,0.839308
3678,0.839002
3683,0.838889
3688,0.838971
3693,0.838646
3698,0.838712
3703,0.838665
3708,0.838634
3713,0.838814
3718,0.838904
3723,0.8399
3728,0.840155
3733,0.840088
3738,0.83981
3743,0.839422
3748,0.839477
3753,0.840253
3758,0.840253
3763,0.839982
3768,0.840084
3773,0.840084
3778,0.840413
3783,0.840601
3788,0.840974
3793,0.841083
3798,0.84115
3803,0.841052
3808,0.840883
3813,0.841303
3818,0.841389
3823,0.841871
3828,0.841934
3833,0.842036
3838,0.842275
3843,0.84229
3848,0.846585
3853,0.846601
3858,0.846495
3863,0.846338
3868,0.846217
3873,0.846397
3878,0.846236
3883,0.846511
3888,0.846397
3893,0.846593
3898,0.846483
3903,0.846307
3908,0.846072
3913,0.845751
3918,0.845735
3923,0.845331
3928,0.845441
3933,0.845406
3938,0.845609
3943,0.84566
3948,0.845464
3953,0.845676
3958,0.845355
3963,0.844908
3968,0.84461
3973,0.84289
3978,0.842553
3983,0.842396
3988,0.842161
3993,0.842326
3998,0.842376
4003,0.841808
4008,0.841354
4013,0.841628
4018,0.841628
4023,0.841887
4028,0.841369
4033,0.841311
4038,0.841381
4043,0.840797
4048,0.840821
4053,0.839645
4058,0.839868
4063,0.84095
4068,0.841718
4073,0.842733
4078,0.843372
4083,0.843678
4088,0.843489
4093,0.843732
4098,0.8455
4103,0.845323
4108,0.845069
4113,0.845574
4118,0.845837
4123,0.846378
4128,0.846562
4133,0.847028
4138,0.847526
4143,0.847643
4148,0.847769
4153,0.847878
4158,0.847988
4163,0.848541
4168,0.848568
4173,0.848505
4178,0.848776
4183,0.84876
4188,0.848866
4193,0.84925
4198,0.849164
4203,0.849277
4208,0.84925
4213,0.84925
4218,0.849779
4223,0.850398
4228,0.85019
4233,0.850798
4238,0.851245
4243,0.85099
4248,0.8507
4253,0.850915
4258,0.85097
4263,0.850919
4268,0.850915
4273,0.851002
4278,0.85077
4283,0.850892
4288,0.850763
4293,0.850598
4298,0.850308
4303,0.850014
4308,0.850422
4313,0.850379
4318,0.850265
4323,0.850089
4328,0.850324
4333,0.850402
4338,0.850437
4343,0.850669
4348,0.84932
4353,0.849034
4358,0.848866
4363,0.848791
4368,0.848423
4373,0.848537
4378,0.848498
4383,0.848513
4388,0.848788
4393,0.848748
4398,0.849332
4403,0.84916
4408,0.849383
4413,0.849324
4418,0.849352
4423,0.849724
4428,0.849732
4433,0.849842
4438,0.850194
4443,0.850265
4448,0.850379
4453,0.850285
4458,0.850347
4463,0.850265
4468,0.850343
4473,0.850484
4478,0.850731
4483,0.850759
4488,0.850951
4493,0.851013
4498,0.850888
4503,0.850821
4508,0.850872
4513,0.85088
4518,0.850833
4523,0.851809
4528,0.85215
4533,0.852193
4538,0.852177
4543,0.852232
4548,0.852295
4553,0.852393
4558,0.852373
4563,0.852314
4568,0.852738
4573,0.852753
4578,0.852824
4583,0.852569
4588,0.851938
4593,0.851542
4598,0.851386
4603,0.85146
4608,0.851593
4613,0.851738
4618,0.851738
4623,0.851895
4628,0.851754
4633,0.851711
4638,0.851805
4643,0.851746
4648,0.850394
4653,0.850312
4658,0.850414
4663,0.850559
4668,0.85061
4673,0.850555
4678,0.850328
4683,0.850045
4688,0.849724
4693,0.849638
4698,0.849395
4703,0.849258
4708,0.848933
4713,0.848772
4718,0.848791
4723,0.848748
4728,0.848768
4733,0.848756
4738,0.848788
4743,0.848968
4748,0.848913
4753,0.848933
4758,0.848878
4763,0.848878
4768,0.848925
4773,0.850265
4778,0.849712
4783,0.849959
4788,0.849673
4793,0.849771
4798,0.849716
4803,0.850006
4808,0.850049
4813,0.850034
4818,0.850065
4823,0.850226
4828,0.85032
4833,0.850469
4838,0.850598
4843,0.850527
4848,0.850335
4853,0.850049
4858,0.850053
4863,0.849755
4868,0.849297
4873,0.849113
4878,0.849168
4883,0.848737
4888,0.848599
4893,0.848427
4898,0.84702
4903,0.846954
4908,0.847212
4913,0.847412
4918,0.848043
4923,0.848368
4928,0.848936
4933,0.848854
4938,0.848956
4943,0.84914
4948,0.84898
4953,0.848866
4958,0.848725
4963,0.848893
4968,0.848948
4973,0.848948
4978,0.848776
4983,0.848682
4988,0.848858
4993,0.849062
4998,0.849477
5003,0.849426
5008,0.849497
5013,0.849775
5018,0.849779
5023,0.850077
5028,0.849951
5033,0.849563
5038,0.849689
5043,0.849591
5048,0.849583
5053,0.84715
5058,0.84693
5063,0.846848
5068,0.847134
5073,0.846946
5078,0.847099
5083,0.847244
5088,0.847114
5093,0.84762
5098,0.847906
5103,0.848055
5108,0.847949
5113,0.847667
5118,0.847424
5123,0.846879
5128,0.846773
5133,0.84673
5138,0.846495
5143,0.846464
5148,0.84691
5153,0.84693
5158,0.846993
5163,0.846773
5168,0.846812
5173,0.846856
5178,0.848454
5183,0.848255
5188,0.848176
5193,0.847855
5198,0.847777
5203,0.847855
5208,0.84791
5213,0.848008
5218,0.84807
5223,0.848106
5228,0.8482
5233,0.847992
5238,0.848019
5243,0.847694
5248,0.847643
5253,0.847863
5258,0.847824
5263,0.848168
5268,0.847882
5273,0.847698
5278,0.847741
5283,0.847871
5288,0.847929
5293,0.848227
5298,0.848302
5303,0.846742
5308,0.846844
5313,0.846765
5318,0.846491
5323,0.846812
5328,0.846961
5333,0.847032
5338,0.847044
5343,0.846989
5348,0.847008
5353,0.847079
5358,0.847616
5363,0.847381
5368,0.847326
5373,0.847651
5378,0.84762
5383,0.847588
5388,0.847773
5393,0.847906
5398,0.847608
5403,0.847506
5408,0.84731
5413,0.847232
5418,0.847334
5423,0.84733
5428,0.846366
5433,0.846381
5438,0.846084
5443,0.846213
5448,0.846491
5453,0.846668
5458,0.846652
5463,0.846491
5468,0.846468
5473,0.846491
5478,0.84646
5483,0.84664
5488,0.846448
5493,0.846652
5498,0.846656
5503,0.846436
5508,0.846315
5513,0.84615
5518,0.846111
5523,0.846189
5528,0.846001
5533,0.845907
5538,0.845974
5543,0.846009
5548,0.845982
5553,0.846358
5558,0.846052
5563,0.846479
5568,0.846758
5573,0.846722
5578,0.846566
5583,0.846523
5588,0.846452
5593,0.846679
5598,0.847353
5603,0.847224
5608,0.847342
5613,0.847247
5618,0.847369
5623,0.847208
5628,0.847024
5633,0.846444
5638,0.845539
5643,0.845606
5648,0.845378
5653,0.844986
5658,0.844967
5663,0.845225
5668,0.844798
5673,0.84541
5678,0.846111
5683,0.845751
5688,0.845594
5693,0.845347
5698,0.845472
5703,0.845801
5708,0.845939
5713,0.845253
5718,0.84577
4,0.260933
9,0.256051
14,0.253343
19,0.249506
24,0.246085
29,0.245415
34,0.246356
39,0.25127
44,0.252708
49,0.260248
54,0.269457
59,0.274006
64,0.283842
69,0.292942
74,0.29579
79,0.302339
84,0.309404
89,0.310858
94,0.317391
99,0.316532
104,0.319926
109,0.324311
114,0.328986
119,0.330283
124,0.330942
129,0.329331
134,0.329386
139,0.325687
144,0.325028
149,0.324699
154,0.322238
159,0.322936
164,0.322124
169,0.321721
174,0.322994
179,0.323331
184,0.322301
189,0.324146
194,0.32564
199,0.324538
204,0.326051
209,0.325777
214,0.323273
219,0.322136
224,0.310047
229,0.309894
234,0.308483
239,0.307406
244,0.306026
249,0.305117
254,0.304721
259,0.302648
264,0.302096
269,0.30141
274,0.299972
279,0.29978
284,0.299517
289,0.29965
294,0.299713
299,0.29978
304,0.299427
309,0.299823
314,0.298561
319,0.297934
324,0.297766
329,0.29699
334,0.296845
339,0.296006
344,0.296206
349,0.290939
354,0.291496
359,0.292797
364,0.294309
369,0.295986
374,0.296453
379,0.298204
384,0.297793
389,0.297883
394,0.296073
399,0.29757
404,0.298882
409,0.300599
414,0.30351
419,0.304898
424,0.30978
429,0.316129
434,0.31886
439,0.327219
444,0.335401
449,0.337513
454,0.344955
459,0.350712
464,0.353502
469,0.361135
474,0.370345
479,0.373041
484,0.379926
489,0.384965
494,0.390773
499,0.395648
504,0.400656
509,0.403254
514,0.407894
519,0.409791
524,0.410214
529,0.40896
534,0.409262
539,0.408509
544,0.40769
549,0.405425
554,0.406738
559,0.40347
564,0.402137
569,0.400668
574,0.398846
579,0.398019
584,0.395087
589,0.393136
594,0.392219
599,0.383394
604,0.386611
609,0.391212
614,0.393473
619,0.399237
624,0.403595
629,0.406091
634,0.410574
639,0.414011
644,0.41572
649,0.418161
654,0.422574
659,0.423663
664,0.426461
669,0.427539
674,0.429102
679,0.431943
684,0.433264
689,0.432794
694,0.433989
699,0.432112
704,0.433287
709,0.431148
714,0.431163
719,0.430223
724,0.419874
729,0.420371
734,0.421065
739,0.419341
744,0.418859
749,0.417083
754,0.414305
759,0.412005
764,0.410288
769,0.408129
774,0.403599
779,0.400613
784,0.397603
789,0.393716
794,0.392748
799,0.389715
804,0.388531
809,0.387477
814,0.385624
819,0.383414
824,0.381791
829,0.380071
834,0.378288
839,0.377916
844,0.377292
849,0.370156
854,0.370505
859,0.369443
864,0.36717
869,0.366724
874,0.364705
879,0.364655
884,0.363949
889,0.364028
894,0.363632
899,0.362515
904,0.362002
909,0.360912
914,0.360238
919,0.360414
924,0.360097
929,0.359823
934,0.358365
939,0.357095
944,0.356982
949,0.35648
954,0.355927
959,0.355657
964,0.354458
969,0.353843
974,0.350418
979,0.350457
984,0.350857
989,0.350488
994,0.350159
999,0.350147
1004,0.349955
1009,0.350167
1014,0.350151
1019,0.350237
1024,0.349567
1029,0.349399
1034,0.349332
1039,0.349003
1044,0.349297
1049,0.349258
1054,0.349818
1059,0.349634
1064,0.34965
1069,0.349399
1074,0.349458
1079,0.349979
1084,0.349583
1089,0.349634
1094,0.34961
1099,0.349877
1104,0.350147
1109,0.350194
1114,0.350598
1119,0.35021
1124,0.350398
1129,0.349873
1134,0.350335
1139,0.350096
1144,0.349947
1149,0.349861
1154,0.349998
1159,0.349513
1164,0.34994
1169,0.349587
1174,0.349947
1179,0.350077
1184,0.349783
1189,0.349481
1194,0.348356
1199,0.348208
1204,0.347702
1209,0.348321
1214,0.347753
1219,0.348098
1224,0.346856
1229,0.347373
1234,0.34751
1239,0.347588
1244,0.348325
1249,0.349168
1254,0.349219
1259,0.34916
1264,0.349148
1269,0.34916
1274,0.348944
1279,0.349469
1284,0.349846
1289,0.349783
1294,0.349501
1299,0.349654
1304,0.349544
1309,0.348944
1314,0.348819
1319,0.348086
1324,0.34778
1329,0.347353
1334,0.34731
1339,0.347134
1344,0.346762
1349,0.342659
1354,0.342302
1359,0.34269
1364,0.342643
1369,0.342435
1374,0.342043
1379,0.341381
1384,0.340903
1389,0.340409
1394,0.340076
1399,0.340354
1404,0.341291
1409,0.341926
1414,0.343446
1419,0.344532
1424,0.344575
1429,0.34512
1434,0.346162
1439,0.346334
1444,0.34664
1449,0.345958
1454,0.345374
1459,0.345135
1464,0.344077
1469,0.343423
1474,0.339849
1479,0.339144
1484,0.338885
1489,0.337976
1494,0.337094
1499,0.336918
1504,0.336232
1509,0.336306
1514,0.335809
1519,0.335926
1524,0.336056
1529,0.336393
1534,0.336628
1539,0.336706
1544,0.336506
1549,0.336976
1554,0.337333
1559,0.337208
1564,0.336843
1569,0.337553
1574,0.337815
1579,0.337929
1584,0.337897
1589,0.337776
1594,0.337458
1599,0.340425
1604,0.341052
1609,0.340644
1614,0.340648
1619,0.340974
1624,0.341177
1629,0.34142
1634,0.341589
1639,0.34162
1644,0.341593
1649,0.341557
1654,0.34171
1659,0.342204
1664,0.342216
1669,0.342361
1674,0.342451
1679,0.342518
1684,0.342666
1689,0.34249
1694,0.342553
1699,0.34296
1704,0.343203
1709,0.343607
1714,0.345359
1719,0.347584
1724,0.350089
1729,0.352659
1734,0.355308
1739,0.356762
1744,0.359686
1749,0.361582
1754,0.362491
1759,0.364776
1764,0.366802
1769,0.368138
1774,0.369647
1779,0.3717
1784,0.372519
1789,0.373981
1794,0.375482
1799,0.376038
1804,0.377406
1809,0.378225
1814,0.378519
1819,0.378503
1824,0.377947
1829,0.377151
1834,0.37714
1839,0.375768
1844,0.375043
1849,0.368601
1854,0.368859
1859,0.369157
1864,0.368573
1869,0.367703
1874,0.36719
1879,0.366653
1884,0.366144
1889,0.36487
1894,0.363973
1899,0.363154
1904,0.362468
1909,0.361845
1914,0.361304
1919,0.360916
1924,0.361284
1929,0.363283
1934,0.362958
1939,0.36556
1944,0.367421
1949,0.36844
1954,0.37259
1959,0.376325
1964,0.377618
1969,0.381062
1974,0.378217
1979,0.38004
1984,0.38428
1989,0.387007
1994,0.387842
1999,0.38968
2004,0.39149
2009,0.392595
2014,0.394903
2019,0.396063
2024,0.396961
2029,0.398626
2034,0.401032
2039,0.402
2044,0.406264
2049,0.409128
2054,0.410829
2059,0.412941
2064,0.416958
2069,0.418224
2074,0.422883
2079,0.425556
2084,0.427049
2089,0.430019
2094,0.432825
2099,0.431747
2104,0.437966
2109,0.440419
2114,0.441387
2119,0.448245
2124,0.453927
2129,0.455844
2134,0.461569
2139,0.46673
2144,0.469802
2149,0.475285
2154,0.480108
2159,0.483776
2164,0.489972
2169,0.495897
2174,0.497566
2179,0.502179
2184,0.507571
2189,0.509519
2194,0.514734
2199,0.517905
2204,0.521663
2209,0.525017
2214,0.527466
2219,0.528756
2224,0.538541
2229,0.540833
2234,0.541335
2239,0.544885
2244,0.547918
2249,0.54833
2254,0.552143
2259,0.553671
2264,0.553628
2269,0.556018
2274,0.558812
2279,0.559028
2284,0.560991
2289,0.564428
2294,0.565208
2299,0.567136
2304,0.569926
2309,0.571129
2314,0.572842
2319,0.575565
2324,0.576937
2329,0.5789
2334,0.579758
2339,0.580577
2344,0.58122
2349,0.595754
2354,0.59657
2359,0.596812
2364,0.597416
2369,0.597146
2374,0.5976
2379,0.597632
2384,0.598603
2389,0.599779
2394,0.601006
2399,0.600959
2404,0.602342
2409,0.601515
2414,0.601456
2419,0.602216
2424,0.602667
2429,0.60206
2434,0.60215
2439,0.602271
2444,0.602381
2449,0.602824
2454,0.603196
2459,0.603059
2464,0.6034
2469,0.60398
2474,0.602624
2479,0.602585
2484,0.603796
2489,0.603126
2494,0.603271
2499,0.603231
2504,0.602205
2509,0.602487
2514,0.602185
2519,0.602695
2524,0.602781
2529,0.601636
2534,0.600586
2539,0.600586
2544,0.599795
2549,0.59943
2554,0.599708
2559,0.600602
2564,0.600719
2569,0.60282
2574,0.60483
2579,0.60639
2584,0.614408
2589,0.621156
2594,0.625419
2599,0.644637
2604,0.646502
2609,0.650766
2614,0.656808
2619,0.665908
2624,0.670548
2629,0.673886
2634,0.677938
2639,0.681967
2644,0.682782
2649,0.685917
2654,0.688272
2659,0.689502
2664,0.688868
2669,0.69047
2674,0.691344
2679,0.691387
2684,0.691199
2689,0.692175
2694,0.692622
2699,0.693041
2704,0.693531
2709,0.695138
2714,0.695177
2719,0.695835
2724,0.70979
2729,0.709292
2734,0.708716
2739,0.707156
2744,0.706396
2749,0.706537
2754,0.70533
2759,0.706322
2764,0.70591
2769,0.704766
2774,0.703767
2779,0.702231
2784,0.701694
2789,0.701494
2794,0.699895
2799,0.699715
2804,0.700079
2809,0.699723
2814,0.699871
2819,0.699887
2824,0.700232
2829,0.700138
2834,0.700726
2839,0.700534
2844,0.701259
2849,0.695322
2854,0.69558
2859,0.694272
2864,0.695071
2869,0.695467
2874,0.694977
2879,0.694542
2884,0.694256
2889,0.694162
2894,0.693672
2899,0.693523
2904,0.693245
2909,0.692708
2914,0.692387
2919,0.692618
2924,0.691826
2929,0.691971
2934,0.692246
2939,0.692869
2944,0.693166
2949,0.693159
2954,0.693206
2959,0.693268
2964,0.696854
2969,0.698484
2974,0.717373
2979,0.721617
2984,0.724117
2989,0.730818
2994,0.732295
2999,0.735191
3004,0.736206
3009,0.73657
3014,0.737201
3019,0.738463
3024,0.739078
3029,0.739259
3034,0.742974
3039,0.748797
3044,0.750396
3049,0.756293
3054,0.757704
3059,0.759217
3064,0.760181
3069,0.761748
3074,0.762771
3079,0.763625
3084,0.764699
3089,0.764441
3094,0.763594
3099,0.784892
3104,0.784124
3109,0.78347
3114,0.783658
3119,0.783646
3124,0.783431
3129,0.783309
3134,0.785292
3139,0.784093
3144,0.784842
3149,0.785649
3154,0.790351
3159,0.791543
3164,0.796155
3169,0.798059
3174,0.797942
3179,0.800199
3184,0.801339
3189,0.801861
3194,0.804949
3199,0.805211
3204,0.805329
3209,0.806669
3214,0.806387
3219,0.806207
3224,0.817986
3229,0.818147
3234,0.818045
3239,0.817818
3244,0.817351
3249,0.817379
3254,0.817735
3259,0.817877
3264,0.817253
3269,0.822379
3274,0.825212
3279,0.825377
3284,0.824515
3289,0.825522
3294,0.823504
3299,0.823492
3304,0.823065
3309,0.821928
3314,0.824969
3319,0.824099
3324,0.821936
3329,0.822336
3334,0.821568
3339,0.820847
3344,0.820682
3349,0.820443
3354,0.819793
3359,0.819581
3364,0.819366
3369,0.818421
3374,0.817344
3379,0.818409
3384,0.818449
3389,0.818621
3394,0.818758
3399,0.817461
3404,0.817877
3409,0.817669
3414,0.816575
3419,0.81672
3424,0.815647
3429,0.814487
3434,0.813609
3439,0.812763
3444,0.812441
3449,0.810619
3454,0.809091
3459,0.81027
3464,0.809749
3469,0.810078
3474,0.815369
3479,0.813707
3484,0.813127
3489,0.81368
3494,0.81297
3499,0.811125
3504,0.810811
3509,0.813013
3514,0.812543
3519,0.81685
3524,0.816681
3529,0.819871
3534,0.819358
3539,0.82207
3544,0.82205
3549,0.824382
3554,0.825522
3559,0.826439
3564,0.826533
3569,0.827093
3574,0.827411
3579,0.827795
3584,0.828136
3589,0.828665
3594,0.829609
3599,0.837357
3604,0.837795
3609,0.838219
3614,0.838336
3619,0.838176
3624,0.838638
3629,0.838854
3634,0.838638
3639,0.838712
3644,0.838807
3649,0.838983
3654,0.839116
3659,0.839269
3664,0.839198
3669,0.838928
3674,0.839308
3679,0.839002
3684,0.838889
3689,0.838971
3694,0.838646
3699,0.838712
3704,0.838665
3709,0.838634
3714,0.838814
3719,0.838904
3724,0.8399
3729,0.840155
3734,0.840088
3739,0.83981
3744,0.839422
3749,0.839477
3754,0.840253
3759,0.840253
3764,0.839982
3769,0.840084
3774,0.840084
3779,0.840413
3784,0.840601
3789,0.840974
3794,0.841083
3799,0.84115
3804,0.841052
3809,0.840883
3814,0.841303
3819,0.841389
3824,0.841871
3829,0.841934
3834,0.842036
3839,0.842275
3844,0.84229
3849,0.846585
3854,0.846601
3859,0.846495
3864,0.846338
3869,0.846217
3874,0.846397
3879,0.846236
3884,0.846511
3889,0.846397
3894,0.846593
3899,0.846483
3904,0.846307
3909,0.846072
3914,0.845751
3919,0.845735
3924,0.845331
3929,0.845441
3934,0.845406
3939,0.845609
3944,0.84566
3949,0.845464
3954,0.845676
3959,0.845355
3964,0.844908
3969,0.84461
3974,0.84289
3979,0.842553
3984,0.842396
3989,0.842161
3994,0.842326
3999,0.842376
4004,0.841808
4009,0.841354
4014,0.841628
4019,0.841628
4024,0.841887
4029,0.841369
4034,0.841311
4039,0.841381
4044,0.840797
4049,0.840821
4054,0.839645
4059,0.839868
4064,0.84095
4069,0.841718
4074,0.842733
4079,0.843372
4084,0.843678
4089,0.843489
4094,0.843732
4099,0.8455
4104,0.845323
4109,0.845069
4114,0.845574
4119,0.845837
4124,0.846378
4129,0.846562
4134,0.847028
4139,0.847526
4144,0.847643
4149,0.847769
4154,0.847878
4159,0.847988
4164,0.848541
4169,0.848568
4174,0.848505
4179,0.848776
4184,0.84876
4189,0.848866
4194,0.84925
4199,0.849164
4204,0.849277
4209,0.84925
4214,0.84925
4219,0.849779
4224,0.850398
4229,0.85019
4234,0.850798
4239,0.851245
4244,0.85099
4249,0.8507
4254,0.850915
4259,0.85097
4264,0.850919
4269,0.850915
4274,0.851002
4279,0.85077
4284,0.850892
4289,0.850763
4294,0.850598
4299,0.850308
4304,0.850014
4309,0.850422
4314,0.850379
4319,0.850265
4324,0.850089
4329,0.850324
4334,0.850402
4339,0.850437
4344,0.850669
4349,0.84932
4354,0.849034
4359,0.848866
4364,0.848791
4369,0.848423
4374,0.848537
4379,0.848498
4384,0.848513
4389,0.848788
4394,0.848748
4399,0.849332
4404,0.84916
4409,0.849383
4414,0.849324
4419,0.849352
4424,0.849724
4429,0.849732
4434,0.849842
4439,0.850194
4444,0.850265
4449,0.850379
4454,0.850285
4459,0.850347
4464,0.850265
4469,0.850343
4474,0.850484
4479,0.850731
4484,0.850759
4489,0.850951
4494,0.851013
4499,0.850888
4504,0.850821
4509,0.850872
4514,0.85088
4519,0.850833
4524,0.851809
4529,0.85215
4534,0.852193
4539,0.852177
4544,0.852232
4549,0.852295
4554,0.852393
4559,0.852373
4564,0.852314
4569,0.852738
4574,0.852753
4579,0.852824
4584,0.852569
4589,0.851938
4594,0.851542
4599,0.851386
4604,0.85146
4609,0.851593
4614,0.851738
4619,0.851738
4624,0.851895
4629,0.851754
4634,0.851711
4639,0.851805
4644,0.851746
4649,0.850394
4654,0.850312
4659,0.850414
4664,0.850559
4669,0.85061
4674,0.850555
4679,0.850328
4684,0.850045
4689,0.849724
4694,0.849638
4699,0.849395
4704,0.849258
4709,0.848933
4714,0.848772
4719,0.848791
4724,0.848748
4729,0.848768
4734,0.848756
4739,0.848788
4744,0.848968
4749,0.848913
4754,0.848933
4759,0.848878
4764,0.848878
4769,0.848925
4774,0.850265
4779,0.849712
4784,0.849959
4789,0.849673
4794,0.849771
4799,0.849716
4804,0.850006
4809,0.850049
4814,0.850034
4819,0.850065
4824,0.850226
4829,0.85032
4834,0.850469
4839,0.850598
4844,0.850527
4849,0.850335
4854,0.850049
4859,0.850053
4864,0.849755
4869,0.849297
4874,0.849113
4879,0.849168
4884,0.848737
4889,0.848599
4894,0.848427
4899,0.84702
4904,0.846954
4909,0.847212
4914,0.847412
4919,0.848043
4924,0.848368
4929,0.848936
4934,0.848854
4939,0.848956
4944,0.84914
4949,0.84898
4954,0.848866
4959,0.848725
4964,0.848893
4969,0.848948
4974,0.848948
4979,0.848776
4984,0.848682
4989,0.848858
4994,0.849062
4999,0.849477
5004,0.849426
5009,0.849497
5014,0.849775
5019,0.849779
5024,0.850077
5029,0.849951
5034,0.849563
5039,0.849689
5044,0.849591
5049,0.849583
5054,0.84715
5059,0.84693
5064,0.846848
5069,0.847134
5074,0.846946
5079,0.847099
5084,0.847244
5089,0.847114
5094,0.84762
5099,0.847906
5104,0.848055
5109,0.847949
5114,0.847667
5119,0.847424
5124,0.846879
5129,0.846773
5134,0.84673
5139,0.846495
5144,0.846464
5149,0.84691
5154,0.84693
5159,0.846993
5164,0.846773
5169,0.846812
5174,0.846856
5179,0.848454
5184,0.848255
5189,0.848176
5194,0.847855
5199,0.847777
5204,0.847855
5209,0.84791
5214,0.848008
5219,0.84807
5224,0.848106
5229,0.8482
5234,0.847992
5239,0.848019
5244,0.847694
5249,0.847643
5254,0.847863
5259,0.847824
5264,0.848168
5269,0.847882
5274,0.847698
5279,0.847741
5284,0.847871
5289,0.847929
5294,0.848227
5299,0.848302
5304,0.846742
5309,0.846844
5314,0.846765
5319,0.846491
5324,0.846812
5329,0.846961
5334,0.847032
5339,0.847044
5344,0.846989
5349,0.847008
5354,0.847079
5359,0.847616
5364,0.847381
5369,0.847326
5374,0.847651
5379,0.84762
5384,0.847588
5389,0.847773
5394,0.847906
5399,0.847608
5404,0.847506
5409,0.84731
5414,0.847232
5419,0.847334
5424,0.84733
5429,0.846366
5434,0.846381
5439,0.846084
5444,0.846213
5449,0.846491
5454,0.846668
5459,0.846652
5464,0.846491
5469,0.846468
5474,0.846491
5479,0.84646
5484,0.84664
5489,0.846448
5494,0.846652
5499,0.846656
5504,0.846436
5509,0.846315
5514,0.84615
5519,0.846111
5524,0.846189
5529,0.846001
5534,0.845907
5539,0.845974
5544,0.846009
5549,0.845982
5554,0.846358
5559,0.846052
5564,0.846479
5569,0.846758
5574,0.846722
5579,0.846566
5584,0.846523
5589,0.846452
5594,0.846679
5599,0.847353
5604,0.847224
5609,0.847342
5614,0.847247
5619,0.847369
5624,0.847208
5629,0.847024
5634,0.846444
5639,0.845539
5644,0.845606
5649,0.845378
5654,0.844986
5659,0.844967
5664,0.845225
5669,0.844798
5674,0.84541
5679,0.846111
5684,0.845751
5689,0.845594
5694,0.845347
5699,0.845472
5704,0.845801
5709,0.845939
5714,0.845253
5719,0.84577
