framenum,queue density
2,0.260933
6,0.256051
10,0.253343
14,0.249506
18,0.246085
22,0.245415
26,0.246356
30,0.25127
34,0.252708
38,0.260248
42,0.269457
46,0.274006
50,0.283842
54,0.292942
58,0.29579
62,0.302339
66,0.309404
70,0.310858
74,0.317391
78,0.316532
82,0.319926
86,0.324311
90,0.328986
94,0.330283
98,0.330942
102,0.329331
106,0.329386
110,0.325687
114,0.325028
118,0.324699
122,0.322238
126,0.322936
130,0.322124
134,0.321721
138,0.322994
142,0.323331
146,0.322301
150,0.324146
154,0.32564
158,0.324538
162,0.326051
166,0.325777
170,0.323273
174,0.322136
178,0.310047
182,0.309894
186,0.308483
190,0.307406
194,0.306026
198,0.305117
202,0.304721
206,0.302648
210,0.302096
214,0.30141
218,0.299972
222,0.29978
226,0.299517
230,0.29965
234,0.299713
238,0.29978
242,0.299427
246,0.299823
250,0.298561
254,0.297934
258,0.297766
262,0.29699
266,0.296845
270,0.296006
274,0.296206
278,0.290939
282,0.291496
286,0.292797
290,0.294309
294,0.295986
298,0.296453
302,0.298204
306,0.297793
310,0.297883
314,0.296073
318,0.29757
322,0.298882
326,0.300599
330,0.30351
334,0.304898
338,0.30978
342,0.316129
346,0.31886
350,0.327219
354,0.335401
358,0.337513
362,0.344955
366,0.350712
370,0.353502
374,0.361135
378,0.370345
382,0.373041
386,0.379926
390,0.384965
394,0.390773
398,0.395648
402,0.400656
406,0.403254
410,0.407894
414,0.409791
418,0.410214
422,0.40896
426,0.409262
430,0.408509
434,0.40769
438,0.405425
442,0.406738
446,0.40347
450,0.402137
454,0.400668
458,0.398846
462,0.398019
466,0.395087
470,0.393136
474,0.392219
478,0.383394
482,0.386611
486,0.391212
490,0.393473
494,0.399237
498,0.403595
502,0.406091
506,0.410574
510,0.414011
514,0.41572
518,0.418161
522,0.422574
526,0.423663
530,0.426461
534,0.427539
538,0.429102
542,0.431943
546,0.433264
550,0.432794
554,0.433989
558,0.432112
562,0.433287
566,0.431148
570,0.431163
574,0.430223
578,0.419874
582,0.420371
586,0.421065
590,0.419341
594,0.418859
598,0.417083
602,0.414305
606,0.412005
610,0.410288
614,0.408129
618,0.403599
622,0.400613
626,0.397603
630,0.393716
634,0.392748
638,0.389715
642,0.388531
646,0.387477
650,0.385624
654,0.383414
658,0.381791
662,0.380071
666,0.378288
670,0.377916
674,0.377292
678,0.370156
682,0.370505
686,0.369443
690,0.36717
694,0.366724
698,0.364705
702,0.364655
706,0.363949
710,0.364028
714,0.363632
718,0.362515
722,0.362002
726,0.360912
730,0.360238
734,0.360414
738,0.360097
742,0.359823
746,0.358365
750,0.357095
754,0.356982
758,0.35648
762,0.355927
766,0.355657
770,0.354458
774,0.353843
778,0.350418
782,0.350457
786,0.350857
790,0.350488
794,0.350159
798,0.350147
802,0.349955
806,0.350167
810,0.350151
814,0.350237
818,0.349567
822,0.349399
826,0.349332
830,0.349003
834,0.349297
838,0.349258
842,0.349818
846,0.349634
850,0.34965
854,0.349399
858,0.349458
862,0.349979
866,0.349583
870,0.349634
874,0.34961
878,0.349877
882,0.350147
886,0.350194
890,0.350598
894,0.35021
898,0.350398
902,0.349873
906,0.350335
910,0.350096
914,0.349947
918,0.349861
922,0.349998
926,0.349513
930,0.34994
934,0.349587
938,0.349947
942,0.350077
946,0.349783
950,0.349481
954,0.348356
958,0.348208
962,0.347702
966,0.348321
970,0.347753
974,0.348098
978,0.346856
982,0.347373
986,0.34751
990,0.347588
994,0.348325
998,0.349168
1002,0.349219
1006,0.34916
1010,0.349148
1014,0.34916
1018,0.348944
1022,0.349469
1026,0.349846
1030,0.349783
1034,0.349501
1038,0.349654
1042,0.349544
1046,0.348944
1050,0.348819
1054,0.348086
1058,0.34778
1062,0.347353
1066,0.34731
1070,0.347134
1074,0.346762
1078,0.342659
1082,0.342302
1086,0.34269
1090,0.342643
1094,0.342435
1098,0.342043
1102,0.341381
1106,0.340903
1110,0.340409
1114,0.340076
1118,0.340354
1122,0.341291
1126,0.341926
1130,0.343446
1134,0.344532
1138,0.344575
1142,0.34512
1146,0.346162
1150,0.346334
1154,0.34664
1158,0.345958
1162,0.345374
1166,0.345135
1170,0.344077
1174,0.343423
1178,0.339849
1182,0.339144
1186,0.338885
1190,0.337976
1194,0.337094
1198,0.336918
1202,0.336232
1206,0.336306
1210,0.335809
1214,0.335926
1218,0.336056
1222,0.336393
1226,0.336628
1230,0.336706
1234,0.336506
1238,0.336976
1242,0.337333
1246,0.337208
1250,0.336843
1254,0.337553
1258,0.337815
1262,0.337929
1266,0.337897
1270,0.337776
1274,0.337458
1278,0.340425
1282,0.341052
1286,0.340644
1290,0.340648
1294,0.340974
1298,0.341177
1302,0.34142
1306,0.341589
1310,0.34162
1314,0.341593
1318,0.341557
1322,0.34171
1326,0.342204
1330,0.342216
1334,0.342361
1338,0.342451
1342,0.342518
1346,0.342666
1350,0.34249
1354,0.342553
1358,0.34296
1362,0.343203
1366,0.343607
1370,0.345359
1374,0.347584
1378,0.350089
1382,0.352659
1386,0.355308
1390,0.356762
1394,0.359686
1398,0.361582
1402,0.362491
1406,0.364776
1410,0.366802
1414,0.368138
1418,0.369647
1422,0.3717
1426,0.372519
1430,0.373981
1434,0.375482
1438,0.376038
1442,0.377406
1446,0.378225
1450,0.378519
1454,0.378503
1458,0.377947
1462,0.377151
1466,0.37714
1470,0.375768
1474,0.375043
1478,0.368601
1482,0.368859
1486,0.369157
1490,0.368573
1494,0.367703
1498,0.36719
1502,0.366653
1506,0.366144
1510,0.36487
1514,0.363973
1518,0.363154
1522,0.362468
1526,0.361845
1530,0.361304
1534,0.360916
1538,0.361284
1542,0.363283
1546,0.362958
1550,0.36556
1554,0.367421
1558,0.36844
1562,0.37259
1566,0.376325
1570,0.377618
1574,0.381062
1578,0.378217
1582,0.38004
1586,0.38428
1590,0.387007
1594,0.387842
1598,0.38968
1602,0.39149
1606,0.392595
1610,0.394903
1614,0.396063
1618,0.396961
1622,0.398626
1626,0.401032
1630,0.402
1634,0.406264
1638,0.409128
1642,0.410829
1646,0.412941
1650,0.416958
1654,0.418224
1658,0.422883
1662,0.425556
1666,0.427049
1670,0.430019
1674,0.432825
1678,0.431747
1682,0.437966
1686,0.440419
1690,0.441387
1694,0.448245
1698,0.453927
1702,0.455844
1706,0.461569
1710,0.46673
1714,0.469802
1718,0.475285
1722,0.480108
1726,0.483776
1730,0.489972
1734,0.495897
1738,0.497566
1742,0.502179
1746,0.507571
1750,0.509519
1754,0.514734
1758,0.517905
1762,0.521663
1766,0.525017
1770,0.527466
1774,0.528756
1778,0.538541
1782,0.540833
1786,0.541335
1790,0.544885
1794,0.547918
1798,0.54833
1802,0.552143
1806,0.553671
1810,0.553628
1814,0.556018
1818,0.558812
1822,0.559028
1826,0.560991
1830,0.564428
1834,0.565208
1838,0.567136
1842,0.569926
1846,0.571129
1850,0.572842
1854,0.575565
1858,0.576937
1862,0.5789
1866,0.579758
1870,0.580577
1874,0.58122
1878,0.595754
1882,0.59657
1886,0.596812
1890,0.597416
1894,0.597146
1898,0.5976
1902,0.597632
1906,0.598603
1910,0.599779
1914,0.601006
1918,0.600959
1922,0.602342
1926,0.601515
1930,0.601456
1934,0.602216
1938,0.602667
1942,0.60206
1946,0.60215
1950,0.602271
1954,0.602381
1958,0.602824
1962,0.603196
1966,0.603059
1970,0.6034
1974,0.60398
1978,0.602624
1982,0.602585
1986,0.603796
1990,0.603126
1994,0.603271
1998,0.603231
2002,0.602205
2006,0.602487
2010,0.602185
2014,0.602695
2018,0.602781
2022,0.601636
2026,0.600586
2030,0.600586
2034,0.599795
2038,0.59943
2042,0.599708
2046,0.600602
2050,0.600719
2054,0.60282
2058,0.60483
2062,0.60639
2066,0.614408
2070,0.621156
2074,0.625419
2078,0.644637
2082,0.646502
2086,0.650766
2090,0.656808
2094,0.665908
2098,0.670548
2102,0.673886
2106,0.677938
2110,0.681967
2114,0.682782
2118,0.685917
2122,0.688272
2126,0.689502
2130,0.688868
2134,0.69047
2138,0.691344
2142,0.691387
2146,0.691199
2150,0.692175
2154,0.692622
2158,0.693041
2162,0.693531
2166,0.695138
2170,0.695177
2174,0.695835
2178,0.70979
2182,0.709292
2186,0.708716
2190,0.707156
2194,0.706396
2198,0.706537
2202,0.70533
2206,0.706322
2210,0.70591
2214,0.704766
2218,0.703767
2222,0.702231
2226,0.701694
2230,0.701494
2234,0.699895
2238,0.699715
2242,0.700079
2246,0.699723
2250,0.699871
2254,0.699887
2258,0.700232
2262,0.700138
2266,0.700726
2270,0.700534
2274,0.701259
2278,0.695322
2282,0.69558
2286,0.694272
2290,0.695071
2294,0.695467
2298,0.694977
2302,0.694542
2306,0.694256
2310,0.694162
2314,0.693672
2318,0.693523
2322,0.693245
2326,0.692708
2330,0.692387
2334,0.692618
2338,0.691826
2342,0.691971
2346,0.692246
2350,0.692869
2354,0.693166
2358,0.693159
2362,0.693206
2366,0.693268
2370,0.696854
2374,0.698484
2378,0.717373
2382,0.721617
2386,0.724117
2390,0.730818
2394,0.732295
2398,0.735191
2402,0.736206
2406,0.73657
2410,0.737201
2414,0.738463
2418,0.739078
2422,0.739259
2426,0.742974
2430,0.748797
2434,0.750396
2438,0.756293
2442,0.757704
2446,0.759217
2450,0.760181
2454,0.761748
2458,0.762771
2462,0.763625
2466,0.764699
2470,0.764441
2474,0.763594
2478,0.784892
2482,0.784124
2486,0.78347
2490,0.783658
2494,0.783646
2498,0.783431
2502,0.783309
2506,0.785292
2510,0.784093
2514,0.784842
2518,0.785649
2522,0.790351
2526,0.791543
2530,0.796155
2534,0.798059
2538,0.797942
2542,0.800199
2546,0.801339
2550,0.801861
2554,0.804949
2558,0.805211
2562,0.805329
2566,0.806669
2570,0.806387
2574,0.806207
2578,0.817986
2582,0.818147
2586,0.818045
2590,0.817818
2594,0.817351
2598,0.817379
2602,0.817735
2606,0.817877
2610,0.817253
2614,0.822379
2618,0.825212
2622,0.825377
2626,0.824515
2630,0.825522
2634,0.823504
2638,0.823492
2642,0.823065
2646,0.821928
2650,0.824969
2654,0.824099
2658,0.821936
2662,0.822336
2666,0.821568
2670,0.820847
2674,0.820682
2678,0.820443
2682,0.819793
2686,0.819581
2690,0.819366
2694,0.818421
2698,0.817344
2702,0.818409
2706,0.818449
2710,0.818621
2714,0.818758
2718,0.817461
2722,0.817877
2726,0.817669
2730,0.816575
2734,0.81672
2738,0.815647
2742,0.814487
2746,0.813609
2750,0.812763
2754,0.812441
2758,0.810619
2762,0.809091
2766,0.81027
2770,0.809749
2774,0.810078
2778,0.815369
2782,0.813707
2786,0.813127
2790,0.81368
2794,0.81297
2798,0.811125
2802,0.810811
2806,0.813013
2810,0.812543
2814,0.81685
2818,0.816681
2822,0.819871
2826,0.819358
2830,0.82207
2834,0.82205
2838,0.824382
2842,0.825522
2846,0.826439
2850,0.826533
2854,0.827093
2858,0.827411
2862,0.827795
2866,0.828136
2870,0.828665
2874,0.829609
2878,0.837357
2882,0.837795
2886,0.838219
2890,0.838336
2894,0.838176
2898,0.838638
2902,0.838854
2906,0.838638
2910,0.838712
2914,0.838807
2918,0.838983
2922,0.839116
2926,0.839269
2930,0.839198
2934,0.838928
2938,0.839308
2942,0.839002
2946,0.838889
2950,0.838971
2954,0.838646
2958,0.838712
2962,0.838665
2966,0.838634
2970,0.838814
2974,0.838904
2978,0.8399
2982,0.840155
2986,0.840088
2990,0.83981
2994,0.839422
2998,0.839477
3002,0.840253
3006,0.840253
3010,0.839982
3014,0.840084
3018,0.840084
3022,0.840413
3026,0.840601
3030,0.840974
3034,0.841083
3038,0.84115
3042,0.841052
3046,0.840883
3050,0.841303
3054,0.841389
3058,0.841871
3062,0.841934
3066,0.842036
3070,0.842275
3074,0.84229
3078,0.846585
3082,0.846601
3086,0.846495
3090,0.846338
3094,0.846217
3098,0.846397
3102,0.846236
3106,0.846511
3110,0.846397
3114,0.846593
3118,0.846483
3122,0.846307
3126,0.846072
3130,0.845751
3134,0.845735
3138,0.845331
3142,0.845441
3146,0.845406
3150,0.845609
3154,0.84566
3158,0.845464
3162,0.845676
3166,0.845355
3170,0.844908
3174,0.84461
3178,0.84289
3182,0.842553
3186,0.842396
3190,0.842161
3194,0.842326
3198,0.842376
3202,0.841808
3206,0.841354
3210,0.841628
3214,0.841628
3218,0.841887
3222,0.841369
3226,0.841311
3230,0.841381
3234,0.840797
3238,0.840821
3242,0.839645
3246,0.839868
3250,0.84095
3254,0.841718
3258,0.842733
3262,0.843372
3266,0.843678
3270,0.843489
3274,0.843732
3278,0.8455
3282,0.845323
3286,0.845069
3290,0.845574
3294,0.845837
3298,0.846378
3302,0.846562
3306,0.847028
3310,0.847526
3314,0.847643
3318,0.847769
3322,0.847878
3326,0.847988
3330,0.848541
3334,0.848568
3338,0.848505
3342,0.848776
3346,0.84876
3350,0.848866
3354,0.84925
3358,0.849164
3362,0.849277
3366,0.84925
3370,0.84925
3374,0.849779
3378,0.850398
3382,0.85019
3386,0.850798
3390,0.851245
3394,0.85099
3398,0.8507
3402,0.850915
3406,0.85097
3410,0.850919
3414,0.850915
3418,0.851002
3422,0.85077
3426,0.850892
3430,0.850763
3434,0.850598
3438,0.850308
3442,0.850014
3446,0.850422
3450,0.850379
3454,0.850265
3458,0.850089
3462,0.850324
3466,0.850402
3470,0.850437
3474,0.850669
3478,0.84932
3482,0.849034
3486,0.848866
3490,0.848791
3494,0.848423
3498,0.848537
3502,0.848498
3506,0.848513
3510,0.848788
3514,0.848748
3518,0.849332
3522,0.84916
3526,0.849383
3530,0.849324
3534,0.849352
3538,0.849724
3542,0.849732
3546,0.849842
3550,0.850194
3554,0.850265
3558,0.850379
3562,0.850285
3566,0.850347
3570,0.850265
3574,0.850343
3578,0.850484
3582,0.850731
3586,0.850759
3590,0.850951
3594,0.851013
3598,0.850888
3602,0.850821
3606,0.850872
3610,0.85088
3614,0.850833
3618,0.851809
3622,0.85215
3626,0.852193
3630,0.852177
3634,0.852232
3638,0.852295
3642,0.852393
3646,0.852373
3650,0.852314
3654,0.852738
3658,0.852753
3662,0.852824
3666,0.852569
3670,0.851938
3674,0.851542
3678,0.851386
3682,0.85146
3686,0.851593
3690,0.851738
3694,0.851738
3698,0.851895
3702,0.851754
3706,0.851711
3710,0.851805
3714,0.851746
3718,0.850394
3722,0.850312
3726,0.850414
3730,0.850559
3734,0.85061
3738,0.850555
3742,0.850328
3746,0.850045
3750,0.849724
3754,0.849638
3758,0.849395
3762,0.849258
3766,0.848933
3770,0.848772
3774,0.848791
3778,0.848748
3782,0.848768
3786,0.848756
3790,0.848788
3794,0.848968
3798,0.848913
3802,0.848933
3806,0.848878
3810,0.848878
3814,0.848925
3818,0.850265
3822,0.849712
3826,0.849959
3830,0.849673
3834,0.849771
3838,0.849716
3842,0.850006
3846,0.850049
3850,0.850034
3854,0.850065
3858,0.850226
3862,0.85032
3866,0.850469
3870,0.850598
3874,0.850527
3878,0.850335
3882,0.850049
3886,0.850053
3890,0.849755
3894,0.849297
3898,0.849113
3902,0.849168
3906,0.848737
3910,0.848599
3914,0.848427
3918,0.84702
3922,0.846954
3926,0.847212
3930,0.847412
3934,0.848043
3938,0.848368
3942,0.848936
3946,0.848854
3950,0.848956
3954,0.84914
3958,0.84898
3962,0.848866
3966,0.848725
3970,0.848893
3974,0.848948
3978,0.848948
3982,0.848776
3986,0.848682
3990,0.848858
3994,0.849062
3998,0.849477
4002,0.849426
4006,0.849497
4010,0.849775
4014,0.849779
4018,0.850077
4022,0.849951
4026,0.849563
4030,0.849689
4034,0.849591
4038,0.849583
4042,0.84715
4046,0.84693
4050,0.846848
4054,0.847134
4058,0.846946
4062,0.847099
4066,0.847244
4070,0.847114
4074,0.84762
4078,0.847906
4082,0.848055
4086,0.847949
4090,0.847667
4094,0.847424
4098,0.846879
4102,0.846773
4106,0.84673
4110,0.846495
4114,0.846464
4118,0.84691
4122,0.84693
4126,0.846993
4130,0.846773
4134,0.846812
4138,0.846856
4142,0.848454
4146,0.848255
4150,0.848176
4154,0.847855
4158,0.847777
4162,0.847855
4166,0.84791
4170,0.848008
4174,0.84807
4178,0.848106
4182,0.8482
4186,0.847992
4190,0.848019
4194,0.847694
4198,0.847643
4202,0.847863
4206,0.847824
4210,0.848168
4214,0.847882
4218,0.847698
4222,0.847741
4226,0.847871
4230,0.847929
4234,0.848227
4238,0.848302
4242,0.846742
4246,0.846844
4250,0.846765
4254,0.846491
4258,0.846812
4262,0.846961
4266,0.847032
4270,0.847044
4274,0.846989
4278,0.847008
4282,0.847079
4286,0.847616
4290,0.847381
4294,0.847326
4298,0.847651
4302,0.84762
4306,0.847588
4310,0.847773
4314,0.847906
4318,0.847608
4322,0.847506
4326,0.84731
4330,0.847232
4334,0.847334
4338,0.84733
4342,0.846366
4346,0.846381
4350,0.846084
4354,0.846213
4358,0.846491
4362,0.846668
4366,0.846652
4370,0.846491
4374,0.846468
4378,0.846491
4382,0.84646
4386,0.84664
4390,0.846448
4394,0.846652
4398,0.846656
4402,0.846436
4406,0.846315
4410,0.84615
4414,0.846111
4418,0.846189
4422,0.846001
4426,0.845907
4430,0.845974
4434,0.846009
4438,0.845982
4442,0.846358
4446,0.846052
4450,0.846479
4454,0.846758
4458,0.846722
4462,0.846566
4466,0.846523
4470,0.846452
4474,0.846679
4478,0.847353
4482,0.847224
4486,0.847342
4490,0.847247
4494,0.847369
4498,0.847208
4502,0.847024
4506,0.846444
4510,0.845539
4514,0.845606
4518,0.845378
4522,0.844986
4526,0.844967
4530,0.845225
4534,0.844798
4538,0.84541
4542,0.846111
4546,0.845751
4550,0.845594
4554,0.845347
4558,0.845472
4562,0.845801
4566,0.845939
4570,0.845253
4574,0.84577
4578,0.845351
4582,0.845186
4586,0.844802
4590,0.845108
4594,0.845331
4598,0.845558
4602,0.845884
4606,0.846577
4610,0.847055
4614,0.847153
4618,0.846973
4622,0.846887
4626,0.846691
4630,0.846683
4634,0.846581
4638,0.846487
4642,0.845316
4646,0.844971
4650,0.844869
4654,0.844214
4658,0.844489
4662,0.844869
4666,0.844555
4670,0.845308
4674,0.845562
4678,0.846236
4682,0.846648
4686,0.847357
4690,0.846664
4694,0.847436
4698,0.847808
4702,0.847667
4706,0.847773
4710,0.847984
4714,0.847494
4718,0.847169
4722,0.847291
4726,0.847369
4730,0.84724
4734,0.847298
4738,0.847314
4742,0.846875
4746,0.846926
4750,0.847106
4754,0.846981
4758,0.847075
4762,0.847322
4766,0.846867
4770,0.846867
4774,0.847204
4778,0.847106
4782,0.846946
4786,0.847369
4790,0.847228
4794,0.847271
4798,0.846715
4802,0.846577
4806,0.84666
4810,0.846852
4814,0.846852
4818,0.846479
4822,0.846354
4826,0.846534
4830,0.846601
4834,0.84657
4838,0.846609
4842,0.849207
4846,0.849003
4850,0.848537
4854,0.848466
4858,0.848505
4862,0.848259
4866,0.847961
4870,0.848235
4874,0.848184
4878,0.848078
4882,0.848157
4886,0.847921
4890,0.84782
4894,0.847682
4898,0.847592
4902,0.847655
4906,0.84789
4910,0.84769
4914,0.847682
4918,0.848004
4922,0.847722
4926,0.8476
4930,0.847197
4934,0.847146
4938,0.846695
4942,0.845523
4946,0.844955
4950,0.844826
4954,0.84483
4958,0.845026
4962,0.844896
4966,0.844747
4970,0.844947
4974,0.845045
4978,0.844857
4982,0.845594
4986,0.845778
4990,0.845845
4994,0.84588
4998,0.845406
5002,0.845911
5006,0.845778
5010,0.845703
5014,0.845645
5018,0.846119
5022,0.846236
5026,0.846268
5030,0.846174
5034,0.846013
5038,0.846142
5042,0.846217
5046,0.845978
5050,0.846236
5054,0.846091
5058,0.845903
5062,0.845899
5066,0.845876
5070,0.845602
5074,0.845637
5078,0.845935
5082,0.845954
5086,0.846178
5090,0.846041
5094,0.845864
5098,0.846452
5102,0.846538
5106,0.846691
5110,0.846805
5114,0.847365
5118,0.847001
5122,0.84724
5126,0.847412
5130,0.847537
5134,0.847436
5138,0.847287
5142,0.846444
5146,0.846201
5150,0.845829
5154,0.845684
5158,0.845598
5162,0.845672
5166,0.845613
5170,0.845833
5174,0.845758
5178,0.846099
5182,0.845868
5186,0.845045
5190,0.845308
5194,0.845762
5198,0.846056
5202,0.846342
5206,0.846405
5210,0.846562
5214,0.846844
5218,0.846867
5222,0.846695
5226,0.846887
5230,0.846997
5234,0.84662
5238,0.846154
5242,0.846534
5246,0.846479
5250,0.84624
5254,0.845841
5258,0.845555
5262,0.845504
5266,0.845531
5270,0.846041
5274,0.846009
5278,0.845982
5282,0.846064
5286,0.846346
5290,0.846601
5294,0.846848
5298,0.846573
5302,0.846456
5306,0.846342
5310,0.846526
5314,0.846511
5318,0.846828
5322,0.846726
5326,0.846836
5330,0.846495
5334,0.846609
5338,0.846836
5342,0.84686
5346,0.846852
5350,0.846636
5354,0.847083
5358,0.847392
5362,0.847537
5366,0.847424
5370,0.847099
5374,0.847106
5378,0.847032
5382,0.847157
5386,0.847173
5390,0.846938
5394,0.846577
5398,0.846291
5402,0.846033
5406,0.846366
5410,0.846456
5414,0.846276
5418,0.846005
5422,0.846299
5426,0.846358
5430,0.846385
5434,0.845794
5438,0.846323
5442,0.846276
5446,0.845778
5450,0.845982
5454,0.846052
5458,0.845684
5462,0.845433
5466,0.845006
5470,0.845037
5474,0.84461
5478,0.844183
5482,0.844963
5486,0.845954
5490,0.846037
5494,0.845696
5498,0.846017
5502,0.846068
5506,0.845731
5510,0.846029
5514,0.845962
5518,0.845935
5522,0.846452
5526,0.846236
5530,0.846534
5534,0.846432
5538,0.846762
5542,0.846413
5546,0.846272
5550,0.846656
5554,0.846566
5558,0.846542
5562,0.846679
5566,0.847878
5570,0.847357
5574,0.847573
5578,0.847918
5582,0.848631
5586,0.848384
5590,0.848944
5594,0.849097
5598,0.849477
5602,0.84914
5606,0.849156
5610,0.849183
5614,0.849802
5618,0.84974
5622,0.849728
5626,0.849759
5630,0.849947
5634,0.850155
5638,0.850281
5642,0.850026
5646,0.850269
5650,0.850249
5654,0.849936
5658,0.850104
5662,0.850159
5666,0.850445
5670,0.850817
5674,0.850516
5678,0.850669
5682,0.850857
5686,0.850829
5690,0.851335
5694,0.851507
5698,0.85186
5702,0.851809
5706,0.85175
5710,0.852173
5714,0.852146
5718,0.852075
5722,0.851319
3,0.260933
7,0.256051
11,0.253343
15,0.249506
19,0.246085
23,0.245415
27,0.246356
31,0.25127
35,0.252708
39,0.260248
43,0.269457
47,0.274006
51,0.283842
55,0.292942
59,0.29579
63,0.302339
67,0.309404
71,0.310858
75,0.317391
79,0.316532
83,0.319926
87,0.324311
91,0.328986
95,0.330283
99,0.330942
103,0.329331
107,0.329386
111,0.325687
115,0.325028
119,0.324699
123,0.322238
127,0.322936
131,0.322124
135,0.321721
139,0.322994
143,0.323331
147,0.322301
151,0.324146
155,0.32564
159,0.324538
163,0.326051
167,0.325777
171,0.323273
175,0.322136
179,0.310047
183,0.309894
187,0.308483
191,0.307406
195,0.306026
199,0.305117
203,0.304721
207,0.302648
211,0.302096
215,0.30141
219,0.299972
223,0.29978
227,0.299517
231,0.29965
235,0.299713
239,0.29978
243,0.299427
247,0.299823
251,0.298561
255,0.297934
259,0.297766
263,0.29699
267,0.296845
271,0.296006
275,0.296206
279,0.290939
283,0.291496
287,0.292797
291,0.294309
295,0.295986
299,0.296453
303,0.298204
307,0.297793
311,0.297883
315,0.296073
319,0.29757
323,0.298882
327,0.300599
331,0.30351
335,0.304898
339,0.30978
343,0.316129
347,0.31886
351,0.327219
355,0.335401
359,0.337513
363,0.344955
367,0.350712
371,0.353502
375,0.361135
379,0.370345
383,0.373041
387,0.379926
391,0.384965
395,0.390773
399,0.395648
403,0.400656
407,0.403254
411,0.407894
415,0.409791
419,0.410214
423,0.40896
427,0.409262
431,0.408509
435,0.40769
439,0.405425
443,0.406738
447,0.40347
451,0.402137
455,0.400668
459,0.398846
463,0.398019
467,0.395087
471,0.393136
475,0.392219
479,0.383394
483,0.386611
487,0.391212
491,0.393473
495,0.399237
499,0.403595
503,0.406091
507,0.410574
511,0.414011
515,0.41572
519,0.418161
523,0.422574
527,0.423663
531,0.426461
535,0.427539
539,0.429102
543,0.431943
547,0.433264
551,0.432794
555,0.433989
559,0.432112
563,0.433287
567,0.431148
571,0.431163
575,0.430223
579,0.419874
583,0.420371
587,0.421065
591,0.419341
595,0.418859
599,0.417083
603,0.414305
607,0.412005
611,0.410288
615,0.408129
619,0.403599
623,0.400613
627,0.397603
631,0.393716
635,0.392748
639,0.389715
643,0.388531
647,0.387477
651,0.385624
655,0.383414
659,0.381791
663,0.380071
667,0.378288
671,0.377916
675,0.377292
679,0.370156
683,0.370505
687,0.369443
691,0.36717
695,0.366724
699,0.364705
703,0.364655
707,0.363949
711,0.364028
715,0.363632
719,0.362515
723,0.362002
727,0.360912
731,0.360238
735,0.360414
739,0.360097
743,0.359823
747,0.358365
751,0.357095
755,0.356982
759,0.35648
763,0.355927
767,0.355657
771,0.354458
775,0.353843
779,0.350418
783,0.350457
787,0.350857
791,0.350488
795,0.350159
799,0.350147
803,0.349955
807,0.350167
811,0.350151
815,0.350237
819,0.349567
823,0.349399
827,0.349332
831,0.349003
835,0.349297
839,0.349258
843,0.349818
847,0.349634
851,0.34965
855,0.349399
859,0.349458
863,0.349979
867,0.349583
871,0.349634
875,0.34961
879,0.349877
883,0.350147
887,0.350194
891,0.350598
895,0.35021
899,0.350398
903,0.349873
907,0.350335
911,0.350096
915,0.349947
919,0.349861
923,0.349998
927,0.349513
931,0.34994
935,0.349587
939,0.349947
943,0.350077
947,0.349783
951,0.349481
955,0.348356
959,0.348208
963,0.347702
967,0.348321
971,0.347753
975,0.348098
979,0.346856
983,0.347373
987,0.34751
991,0.347588
995,0.348325
999,0.349168
1003,0.349219
1007,0.34916
1011,0.349148
1015,0.34916
1019,0.348944
1023,0.349469
1027,0.349846
1031,0.349783
1035,0.349501
1039,0.349654
1043,0.349544
1047,0.348944
1051,0.348819
1055,0.348086
1059,0.34778
1063,0.347353
1067,0.34731
1071,0.347134
1075,0.346762
1079,0.342659
1083,0.342302
1087,0.34269
1091,0.342643
1095,0.342435
1099,0.342043
1103,0.341381
1107,0.340903
1111,0.340409
1115,0.340076
1119,0.340354
1123,0.341291
1127,0.341926
1131,0.343446
1135,0.344532
1139,0.344575
1143,0.34512
1147,0.346162
1151,0.346334
1155,0.34664
1159,0.345958
1163,0.345374
1167,0.345135
1171,0.344077
1175,0.343423
1179,0.339849
1183,0.339144
1187,0.338885
1191,0.337976
1195,0.337094
1199,0.336918
1203,0.336232
1207,0.336306
1211,0.335809
1215,0.335926
1219,0.336056
1223,0.336393
1227,0.336628
1231,0.336706
1235,0.336506
1239,0.336976
1243,0.337333
1247,0.337208
1251,0.336843
1255,0.337553
1259,0.337815
1263,0.337929
1267,0.337897
1271,0.337776
1275,0.337458
1279,0.340425
1283,0.341052
1287,0.340644
1291,0.340648
1295,0.340974
1299,0.341177
1303,0.34142
1307,0.341589
1311,0.34162
1315,0.341593
1319,0.341557
1323,0.34171
1327,0.342204
1331,0.342216
1335,0.342361
1339,0.342451
1343,0.342518
1347,0.342666
1351,0.34249
1355,0.342553
1359,0.34296
1363,0.343203
1367,0.343607
1371,0.345359
1375,0.347584
1379,0.350089
1383,0.352659
1387,0.355308
1391,0.356762
1395,0.359686
1399,0.361582
1403,0.362491
1407,0.364776
1411,0.366802
1415,0.368138
1419,0.369647
1423,0.3717
1427,0.372519
1431,0.373981
1435,0.375482
1439,0.376038
1443,0.377406
1447,0.378225
1451,0.378519
1455,0.378503
1459,0.377947
1463,0.377151
1467,0.37714
1471,0.375768
1475,0.375043
1479,0.368601
1483,0.368859
1487,0.369157
1491,0.368573
1495,0.367703
1499,0.36719
1503,0.366653
1507,0.366144
1511,0.36487
1515,0.363973
1519,0.363154
1523,0.362468
1527,0.361845
1531,0.361304
1535,0.360916
1539,0.361284
1543,0.363283
1547,0.362958
1551,0.36556
1555,0.367421
1559,0.36844
1563,0.37259
1567,0.376325
1571,0.377618
1575,0.381062
1579,0.378217
1583,0.38004
1587,0.38428
1591,0.387007
1595,0.387842
1599,0.38968
1603,0.39149
1607,0.392595
1611,0.394903
1615,0.396063
1619,0.396961
1623,0.398626
1627,0.401032
1631,0.402
1635,0.406264
1639,0.409128
1643,0.410829
1647,0.412941
1651,0.416958
1655,0.418224
1659,0.422883
1663,0.425556
1667,0.427049
1671,0.430019
1675,0.432825
1679,0.431747
1683,0.437966
1687,0.440419
1691,0.441387
1695,0.448245
1699,0.453927
1703,0.455844
1707,0.461569
1711,0.46673
1715,0.469802
1719,0.475285
1723,0.480108
1727,0.483776
1731,0.489972
1735,0.495897
1739,0.497566
1743,0.502179
1747,0.507571
1751,0.509519
1755,0.514734
1759,0.517905
1763,0.521663
1767,0.525017
1771,0.527466
1775,0.528756
1779,0.538541
1783,0.540833
1787,0.541335
1791,0.544885
1795,0.547918
1799,0.54833
1803,0.552143
1807,0.553671
1811,0.553628
1815,0.556018
1819,0.558812
1823,0.559028
1827,0.560991
1831,0.564428
1835,0.565208
1839,0.567136
1843,0.569926
1847,0.571129
1851,0.572842
1855,0.575565
1859,0.576937
1863,0.5789
1867,0.579758
1871,0.580577
1875,0.58122
1879,0.595754
1883,0.59657
1887,0.596812
1891,0.597416
1895,0.597146
1899,0.5976
1903,0.597632
1907,0.598603
1911,0.599779
1915,0.601006
1919,0.600959
1923,0.602342
1927,0.601515
1931,0.601456
1935,0.602216
1939,0.602667
1943,0.60206
1947,0.60215
1951,0.602271
1955,0.602381
1959,0.602824
1963,0.603196
1967,0.603059
1971,0.6034
1975,0.60398
1979,0.602624
1983,0.602585
1987,0.603796
1991,0.603126
1995,0.603271
1999,0.603231
2003,0.602205
2007,0.602487
2011,0.602185
2015,0.602695
2019,0.602781
2023,0.601636
2027,0.600586
2031,0.600586
2035,0.599795
2039,0.59943
2043,0.599708
2047,0.600602
2051,0.600719
2055,0.60282
2059,0.60483
2063,0.60639
2067,0.614408
2071,0.621156
2075,0.625419
2079,0.644637
2083,0.646502
2087,0.650766
2091,0.656808
2095,0.665908
2099,0.670548
2103,0.673886
2107,0.677938
2111,0.681967
2115,0.682782
2119,0.685917
2123,0.688272
2127,0.689502
2131,0.688868
2135,0.69047
2139,0.691344
2143,0.691387
2147,0.691199
2151,0.692175
2155,0.692622
2159,0.693041
2163,0.693531
2167,0.695138
2171,0.695177
2175,0.695835
2179,0.70979
2183,0.709292
2187,0.708716
2191,0.707156
2195,0.706396
2199,0.706537
2203,0.70533
2207,0.706322
2211,0.70591
2215,0.704766
2219,0.703767
2223,0.702231
2227,0.701694
2231,0.701494
2235,0.699895
2239,0.699715
2243,0.700079
2247,0.699723
2251,0.699871
2255,0.699887
2259,0.700232
2263,0.700138
2267,0.700726
2271,0.700534
2275,0.701259
2279,0.695322
2283,0.69558
2287,0.694272
2291,0.695071
2295,0.695467
2299,0.694977
2303,0.694542
2307,0.694256
2311,0.694162
2315,0.693672
2319,0.693523
2323,0.693245
2327,0.692708
2331,0.692387
2335,0.692618
2339,0.691826
2343,0.691971
2347,0.692246
2351,0.692869
2355,0.693166
2359,0.693159
2363,0.693206
2367,0.693268
2371,0.696854
2375,0.698484
2379,0.717373
2383,0.721617
2387,0.724117
2391,0.730818
2395,0.732295
2399,0.735191
2403,0.736206
2407,0.73657
2411,0.737201
2415,0.738463
2419,0.739078
2423,0.739259
2427,0.742974
2431,0.748797
2435,0.750396
2439,0.756293
2443,0.757704
2447,0.759217
2451,0.760181
2455,0.761748
2459,0.762771
2463,0.763625
2467,0.764699
2471,0.764441
2475,0.763594
2479,0.784892
2483,0.784124
2487,0.78347
2491,0.783658
2495,0.783646
2499,0.783431
2503,0.783309
2507,0.785292
2511,0.784093
2515,0.784842
2519,0.785649
2523,0.790351
2527,0.791543
2531,0.796155
2535,0.798059
2539,0.797942
2543,0.800199
2547,0.801339
2551,0.801861
2555,0.804949
2559,0.805211
2563,0.805329
2567,0.806669
2571,0.806387
2575,0.806207
2579,0.817986
2583,0.818147
2587,0.818045
2591,0.817818
2595,0.817351
2599,0.817379
2603,0.817735
2607,0.817877
2611,0.817253
2615,0.822379
2619,0.825212
2623,0.825377
2627,0.824515
2631,0.825522
2635,0.823504
2639,0.823492
2643,0.823065
2647,0.821928
2651,0.824969
2655,0.824099
2659,0.821936
2663,0.822336
2667,0.821568
2671,0.820847
2675,0.820682
2679,0.820443
2683,0.819793
2687,0.819581
2691,0.819366
2695,0.818421
2699,0.817344
2703,0.818409
2707,0.818449
2711,0.818621
2715,0.818758
2719,0.817461
2723,0.817877
2727,0.817669
2731,0.816575
2735,0.81672
2739,0.815647
2743,0.814487
2747,0.813609
2751,0.812763
2755,0.812441
2759,0.810619
2763,0.809091
2767,0.81027
2771,0.809749
2775,0.810078
2779,0.815369
2783,0.813707
2787,0.813127
2791,0.81368
2795,0.81297
2799,0.811125
2803,0.810811
2807,0.813013
2811,0.812543
2815,0.81685
2819,0.816681
2823,0.819871
2827,0.819358
2831,0.82207
2835,0.82205
2839,0.824382
2843,0.825522
2847,0.826439
2851,0.826533
2855,0.827093
2859,0.827411
2863,0.827795
2867,0.828136
2871,0.828665
2875,0.829609
2879,0.837357
2883,0.837795
2887,0.838219
2891,0.838336
2895,0.838176
2899,0.838638
2903,0.838854
2907,0.838638
2911,0.838712
2915,0.838807
2919,0.838983
2923,0.839116
2927,0.839269
2931,0.839198
2935,0.838928
2939,0.839308
2943,0.839002
2947,0.838889
2951,0.838971
2955,0.838646
2959,0.838712
2963,0.838665
2967,0.838634
2971,0.838814
2975,0.838904
2979,0.8399
2983,0.840155
2987,0.840088
2991,0.83981
2995,0.839422
2999,0.839477
3003,0.840253
3007,0.840253
3011,0.839982
3015,0.840084
3019,0.840084
3023,0.840413
3027,0.840601
3031,0.840974
3035,0.841083
3039,0.84115
3043,0.841052
3047,0.840883
3051,0.841303
3055,0.841389
3059,0.841871
3063,0.841934
3067,0.842036
3071,0.842275
3075,0.84229
3079,0.846585
3083,0.846601
3087,0.846495
3091,0.846338
3095,0.846217
3099,0.846397
3103,0.846236
3107,0.846511
3111,0.846397
3115,0.846593
3119,0.846483
3123,0.846307
3127,0.846072
3131,0.845751
3135,0.845735
3139,0.845331
3143,0.845441
3147,0.845406
3151,0.845609
3155,0.84566
3159,0.845464
3163,0.845676
3167,0.845355
3171,0.844908
3175,0.84461
3179,0.84289
3183,0.842553
3187,0.842396
3191,0.842161
3195,0.842326
3199,0.842376
3203,0.841808
3207,0.841354
3211,0.841628
3215,0.841628
3219,0.841887
3223,0.841369
3227,0.841311
3231,0.841381
3235,0.840797
3239,0.840821
3243,0.839645
3247,0.839868
3251,0.84095
3255,0.841718
3259,0.842733
3263,0.843372
3267,0.843678
3271,0.843489
3275,0.843732
3279,0.8455
3283,0.845323
3287,0.845069
3291,0.845574
3295,0.845837
3299,0.846378
3303,0.846562
3307,0.847028
3311,0.847526
3315,0.847643
3319,0.847769
3323,0.847878
3327,0.847988
3331,0.848541
3335,0.848568
3339,0.848505
3343,0.848776
3347,0.84876
3351,0.848866
3355,0.84925
3359,0.849164
3363,0.849277
3367,0.84925
3371,0.84925
3375,0.849779
3379,0.850398
3383,0.85019
3387,0.850798
3391,0.851245
3395,0.85099
3399,0.8507
3403,0.850915
3407,0.85097
3411,0.850919
3415,0.850915
3419,0.851002
3423,0.85077
3427,0.850892
3431,0.850763
3435,0.850598
3439,0.850308
3443,0.850014
3447,0.850422
3451,0.850379
3455,0.850265
3459,0.850089
3463,0.850324
3467,0.850402
3471,0.850437
3475,0.850669
3479,0.84932
3483,0.849034
3487,0.848866
3491,0.848791
3495,0.848423
3499,0.848537
3503,0.848498
3507,0.848513
3511,0.848788
3515,0.848748
3519,0.849332
3523,0.84916
3527,0.849383
3531,0.849324
3535,0.849352
3539,0.849724
3543,0.849732
3547,0.849842
3551,0.850194
3555,0.850265
3559,0.850379
3563,0.850285
3567,0.850347
3571,0.850265
3575,0.850343
3579,0.850484
3583,0.850731
3587,0.850759
3591,0.850951
3595,0.851013
3599,0.850888
3603,0.850821
3607,0.850872
3611,0.85088
3615,0.850833
3619,0.851809
3623,0.85215
3627,0.852193
3631,0.852177
3635,0.852232
3639,0.852295
3643,0.852393
3647,0.852373
3651,0.852314
3655,0.852738
3659,0.852753
3663,0.852824
3667,0.852569
3671,0.851938
3675,0.851542
3679,0.851386
3683,0.85146
3687,0.851593
3691,0.851738
3695,0.851738
3699,0.851895
3703,0.851754
3707,0.851711
3711,0.851805
3715,0.851746
3719,0.850394
3723,0.850312
3727,0.850414
3731,0.850559
3735,0.85061
3739,0.850555
3743,0.850328
3747,0.850045
3751,0.849724
3755,0.849638
3759,0.849395
3763,0.849258
3767,0.848933
3771,0.848772
3775,0.848791
3779,0.848748
3783,0.848768
3787,0.848756
3791,0.848788
3795,0.848968
3799,0.848913
3803,0.848933
3807,0.848878
3811,0.848878
3815,0.848925
3819,0.850265
3823,0.849712
3827,0.849959
3831,0.849673
3835,0.849771
3839,0.849716
3843,0.850006
3847,0.850049
3851,0.850034
3855,0.850065
3859,0.850226
3863,0.85032
3867,0.850469
3871,0.850598
3875,0.850527
3879,0.850335
3883,0.850049
3887,0.850053
3891,0.849755
3895,0.849297
3899,0.849113
3903,0.849168
3907,0.848737
3911,0.848599
3915,0.848427
3919,0.84702
3923,0.846954
3927,0.847212
3931,0.847412
3935,0.848043
3939,0.848368
3943,0.848936
3947,0.848854
3951,0.848956
3955,0.84914
3959,0.84898
3963,0.848866
3967,0.848725
3971,0.848893
3975,0.848948
3979,0.848948
3983,0.848776
3987,0.848682
3991,0.848858
3995,0.849062
3999,0.849477
4003,0.849426
4007,0.849497
4011,0.849775
4015,0.849779
4019,0.850077
4023,0.849951
4027,0.849563
4031,0.849689
4035,0.849591
4039,0.849583
4043,0.84715
4047,0.84693
4051,0.846848
4055,0.847134
4059,0.846946
4063,0.847099
4067,0.847244
4071,0.847114
4075,0.84762
4079,0.847906
4083,0.848055
4087,0.847949
4091,0.847667
4095,0.847424
4099,0.846879
4103,0.846773
4107,0.84673
4111,0.846495
4115,0.846464
4119,0.84691
4123,0.84693
4127,0.846993
4131,0.846773
4135,0.846812
4139,0.846856
4143,0.848454
4147,0.848255
4151,0.848176
4155,0.847855
4159,0.847777
4163,0.847855
4167,0.84791
4171,0.848008
4175,0.84807
4179,0.848106
4183,0.8482
4187,0.847992
4191,0.848019
4195,0.847694
4199,0.847643
4203,0.847863
4207,0.847824
4211,0.848168
4215,0.847882
4219,0.847698
4223,0.847741
4227,0.847871
4231,0.847929
4235,0.848227
4239,0.848302
4243,0.846742
4247,0.846844
4251,0.846765
4255,0.846491
4259,0.846812
4263,0.846961
4267,0.847032
4271,0.847044
4275,0.846989
4279,0.847008
4283,0.847079
4287,0.847616
4291,0.847381
4295,0.847326
4299,0.847651
4303,0.84762
4307,0.847588
4311,0.847773
4315,0.847906
4319,0.847608
4323,0.847506
4327,0.84731
4331,0.847232
4335,0.847334
4339,0.84733
4343,0.846366
4347,0.846381
4351,0.846084
4355,0.846213
4359,0.846491
4363,0.846668
4367,0.846652
4371,0.846491
4375,0.846468
4379,0.846491
4383,0.84646
4387,0.84664
4391,0.846448
4395,0.846652
4399,0.846656
4403,0.846436
4407,0.846315
4411,0.84615
4415,0.846111
4419,0.846189
4423,0.846001
4427,0.845907
4431,0.845974
4435,0.846009
4439,0.845982
4443,0.846358
4447,0.846052
4451,0.846479
4455,0.846758
4459,0.846722
4463,0.846566
4467,0.846523
4471,0.846452
4475,0.846679
4479,0.847353
4483,0.847224
4487,0.847342
4491,0.847247
4495,0.847369
4499,0.847208
4503,0.847024
4507,0.846444
4511,0.845539
4515,0.845606
4519,0.845378
4523,0.844986
4527,0.844967
4531,0.845225
4535,0.844798
4539,0.84541
4543,0.846111
4547,0.845751
4551,0.845594
4555,0.845347
4559,0.845472
4563,0.845801
4567,0.845939
4571,0.845253
4575,0.84577
4579,0.845351
4583,0.845186
4587,0.844802
4591,0.845108
4595,0.845331
4599,0.845558
4603,0.845884
4607,0.846577
4611,0.847055
4615,0.847153
4619,0.846973
4623,0.846887
4627,0.846691
4631,0.846683
4635,0.846581
4639,0.846487
4643,0.845316
4647,0.844971
4651,0.844869
4655,0.844214
4659,0.844489
4663,0.844869
4667,0.844555
4671,0.845308
4675,0.845562
4679,0.846236
4683,0.846648
4687,0.847357
4691,0.846664
4695,0.847436
4699,0.847808
4703,0.847667
4707,0.847773
4711,0.847984
4715,0.847494
4719,0.847169
4723,0.847291
4727,0.847369
4731,0.84724
4735,0.847298
4739,0.847314
4743,0.846875
4747,0.846926
4751,0.847106
4755,0.846981
4759,0.847075
4763,0.847322
4767,0.846867
4771,0.846867
4775,0.847204
4779,0.847106
4783,0.846946
4787,0.847369
4791,0.847228
4795,0.847271
4799,0.846715
4803,0.846577
4807,0.84666
4811,0.846852
4815,0.846852
4819,0.846479
4823,0.846354
4827,0.846534
4831,0.846601
4835,0.84657
4839,0.846609
4843,0.849207
4847,0.849003
4851,0.848537
4855,0.848466
4859,0.848505
4863,0.848259
4867,0.847961
4871,0.848235
4875,0.848184
4879,0.848078
4883,0.848157
4887,0.847921
4891,0.84782
4895,0.847682
4899,0.847592
4903,0.847655
4907,0.84789
4911,0.84769
4915,0.847682
4919,0.848004
4923,0.847722
4927,0.8476
4931,0.847197
4935,0.847146
4939,0.846695
4943,0.845523
4947,0.844955
4951,0.844826
4955,0.84483
4959,0.845026
4963,0.844896
4967,0.844747
4971,0.844947
4975,0.845045
4979,0.844857
4983,0.845594
4987,0.845778
4991,0.845845
4995,0.84588
4999,0.845406
5003,0.845911
5007,0.845778
5011,0.845703
5015,0.845645
5019,0.846119
5023,0.846236
5027,0.846268
5031,0.846174
5035,0.846013
5039,0.846142
5043,0.846217
5047,0.845978
5051,0.846236
5055,0.846091
5059,0.845903
5063,0.845899
5067,0.845876
5071,0.845602
5075,0.845637
5079,0.845935
5083,0.845954
5087,0.846178
5091,0.846041
5095,0.845864
5099,0.846452
5103,0.846538
5107,0.846691
5111,0.846805
5115,0.847365
5119,0.847001
5123,0.84724
5127,0.847412
5131,0.847537
5135,0.847436
5139,0.847287
5143,0.846444
5147,0.846201
5151,0.845829
5155,0.845684
5159,0.845598
5163,0.845672
5167,0.845613
5171,0.845833
5175,0.845758
5179,0.846099
5183,0.845868
5187,0.845045
5191,0.845308
5195,0.845762
5199,0.846056
5203,0.846342
5207,0.846405
5211,0.846562
5215,0.846844
5219,0.846867
5223,0.846695
5227,0.846887
5231,0.846997
5235,0.84662
5239,0.846154
5243,0.846534
5247,0.846479
5251,0.84624
5255,0.845841
5259,0.845555
5263,0.845504
5267,0.845531
5271,0.846041
5275,0.846009
5279,0.845982
5283,0.846064
5287,0.846346
5291,0.846601
5295,0.846848
5299,0.846573
5303,0.846456
5307,0.846342
5311,0.846526
5315,0.846511
5319,0.846828
5323,0.846726
5327,0.846836
5331,0.846495
5335,0.846609
5339,0.846836
5343,0.84686
5347,0.846852
5351,0.846636
5355,0.847083
5359,0.847392
5363,0.847537
5367,0.847424
5371,0.847099
5375,0.847106
5379,0.847032
5383,0.847157
5387,0.847173
5391,0.846938
5395,0.846577
5399,0.846291
5403,0.846033
5407,0.846366
5411,0.846456
5415,0.846276
5419,0.846005
5423,0.846299
5427,0.846358
5431,0.846385
5435,0.845794
5439,0.846323
5443,0.846276
5447,0.845778
5451,0.845982
5455,0.846052
5459,0.845684
5463,0.845433
5467,0.845006
5471,0.845037
5475,0.84461
5479,0.844183
5483,0.844963
5487,0.845954
5491,0.846037
5495,0.845696
5499,0.846017
5503,0.846068
5507,0.845731
5511,0.846029
5515,0.845962
5519,0.845935
5523,0.846452
5527,0.846236
5531,0.846534
5535,0.846432
5539,0.846762
5543,0.846413
5547,0.846272
5551,0.846656
5555,0.846566
5559,0.846542
5563,0.846679
5567,0.847878
5571,0.847357
5575,0.847573
5579,0.847918
5583,0.848631
5587,0.848384
5591,0.848944
5595,0.849097
5599,0.849477
5603,0.84914
5607,0.849156
5611,0.849183
5615,0.849802
5619,0.84974
5623,0.849728
5627,0.849759
5631,0.849947
5635,0.850155
5639,0.850281
5643,0.850026
5647,0.850269
5651,0.850249
5655,0.849936
5659,0.850104
5663,0.850159
5667,0.850445
5671,0.850817
5675,0.850516
5679,0.850669
5683,0.850857
5687,0.850829
5691,0.851335
5695,0.851507
5699,0.85186
5703,0.851809
5707,0.85175
5711,0.852173
5715,0.852146
5719,0.852075
4,0.260933
8,0.256051
12,0.253343
16,0.249506
20,0.246085
24,0.245415
28,0.246356
32,0.25127
36,0.252708
40,0.260248
44,0.269457
48,0.274006
52,0.283842
56,0.292942
60,0.29579
64,0.302339
68,0.309404
72,0.310858
76,0.317391
80,0.316532
84,0.319926
88,0.324311
92,0.328986
96,0.330283
100,0.330942
104,0.329331
108,0.329386
112,0.325687
116,0.325028
120,0.324699
124,0.322238
128,0.322936
132,0.322124
136,0.321721
140,0.322994
144,0.323331
148,0.322301
152,0.324146
156,0.32564
160,0.324538
164,0.326051
168,0.325777
172,0.323273
176,0.322136
180,0.310047
184,0.309894
188,0.308483
192,0.307406
196,0.306026
200,0.305117
204,0.304721
208,0.302648
212,0.302096
216,0.30141
220,0.299972
224,0.29978
228,0.299517
232,0.29965
236,0.299713
240,0.29978
244,0.299427
248,0.299823
252,0.298561
256,0.297934
260,0.297766
264,0.29699
268,0.296845
272,0.296006
276,0.296206
280,0.290939
284,0.291496
288,0.292797
292,0.294309
296,0.295986
300,0.296453
304,0.298204
308,0.297793
312,0.297883
316,0.296073
320,0.29757
324,0.298882
328,0.300599
332,0.30351
336,0.304898
340,0.30978
344,0.316129
348,0.31886
352,0.327219
356,0.335401
360,0.337513
364,0.344955
368,0.350712
372,0.353502
376,0.361135
380,0.370345
384,0.373041
388,0.379926
392,0.384965
396,0.390773
400,0.395648
404,0.400656
408,0.403254
412,0.407894
416,0.409791
420,0.410214
424,0.40896
428,0.409262
432,0.408509
436,0.40769
440,0.405425
444,0.406738
448,0.40347
452,0.402137
456,0.400668
460,0.398846
464,0.398019
468,0.395087
472,0.393136
476,0.392219
480,0.383394
484,0.386611
488,0.391212
492,0.393473
496,0.399237
500,0.403595
504,0.406091
508,0.410574
512,0.414011
516,0.41572
520,0.418161
524,0.422574
528,0.423663
532,0.426461
536,0.427539
540,0.429102
544,0.431943
548,0.433264
552,0.432794
556,0.433989
560,0.432112
564,0.433287
568,0.431148
572,0.431163
576,0.430223
580,0.419874
584,0.420371
588,0.421065
592,0.419341
596,0.418859
600,0.417083
604,0.414305
608,0.412005
612,0.410288
616,0.408129
620,0.403599
624,0.400613
628,0.397603
632,0.393716
636,0.392748
640,0.389715
644,0.388531
648,0.387477
652,0.385624
656,0.383414
660,0.381791
664,0.380071
668,0.378288
672,0.377916
676,0.377292
680,0.370156
684,0.370505
688,0.369443
692,0.36717
696,0.366724
700,0.364705
704,0.364655
708,0.363949
712,0.364028
716,0.363632
720,0.362515
724,0.362002
728,0.360912
732,0.360238
736,0.360414
740,0.360097
744,0.359823
748,0.358365
752,0.357095
756,0.356982
760,0.35648
764,0.355927
768,0.355657
772,0.354458
776,0.353843
780,0.350418
784,0.350457
788,0.350857
792,0.350488
796,0.350159
800,0.350147
804,0.349955
808,0.350167
812,0.350151
816,0.350237
820,0.349567
824,0.349399
828,0.349332
832,0.349003
836,0.349297
840,0.349258
844,0.349818
848,0.349634
852,0.34965
856,0.349399
860,0.349458
864,0.349979
868,0.349583
872,0.349634
876,0.34961
880,0.349877
884,0.350147
888,0.350194
892,0.350598
896,0.35021
900,0.350398
904,0.349873
908,0.350335
912,0.350096
916,0.349947
920,0.349861
924,0.349998
928,0.349513
932,0.34994
936,0.349587
940,0.349947
944,0.350077
948,0.349783
952,0.349481
956,0.348356
960,0.348208
964,0.347702
968,0.348321
972,0.347753
976,0.348098
980,0.346856
984,0.347373
988,0.34751
992,0.347588
996,0.348325
1000,0.349168
1004,0.349219
1008,0.34916
1012,0.349148
1016,0.34916
1020,0.348944
1024,0.349469
1028,0.349846
1032,0.349783
1036,0.349501
1040,0.349654
1044,0.349544
1048,0.348944
1052,0.348819
1056,0.348086
1060,0.34778
1064,0.347353
1068,0.34731
1072,0.347134
1076,0.346762
1080,0.342659
1084,0.342302
1088,0.34269
1092,0.342643
1096,0.342435
1100,0.342043
1104,0.341381
1108,0.340903
1112,0.340409
1116,0.340076
1120,0.340354
1124,0.341291
1128,0.341926
1132,0.343446
1136,0.344532
1140,0.344575
1144,0.34512
1148,0.346162
1152,0.346334
1156,0.34664
1160,0.345958
1164,0.345374
1168,0.345135
1172,0.344077
1176,0.343423
1180,0.339849
1184,0.339144
1188,0.338885
1192,0.337976
1196,0.337094
1200,0.336918
1204,0.336232
1208,0.336306
1212,0.335809
1216,0.335926
1220,0.336056
1224,0.336393
1228,0.336628
1232,0.336706
1236,0.336506
1240,0.336976
1244,0.337333
1248,0.337208
1252,0.336843
1256,0.337553
1260,0.337815
1264,0.337929
1268,0.337897
1272,0.337776
1276,0.337458
1280,0.340425
1284,0.341052
1288,0.340644
1292,0.340648
1296,0.340974
1300,0.341177
1304,0.34142
1308,0.341589
1312,0.34162
1316,0.341593
1320,0.341557
1324,0.34171
1328,0.342204
1332,0.342216
1336,0.342361
1340,0.342451
1344,0.342518
1348,0.342666
1352,0.34249
1356,0.342553
1360,0.34296
1364,0.343203
1368,0.343607
1372,0.345359
1376,0.347584
1380,0.350089
1384,0.352659
1388,0.355308
1392,0.356762
1396,0.359686
1400,0.361582
1404,0.362491
1408,0.364776
1412,0.366802
1416,0.368138
1420,0.369647
1424,0.3717
1428,0.372519
1432,0.373981
1436,0.375482
1440,0.376038
1444,0.377406
1448,0.378225
1452,0.378519
1456,0.378503
1460,0.377947
1464,0.377151
1468,0.37714
1472,0.375768
1476,0.375043
1480,0.368601
1484,0.368859
1488,0.369157
1492,0.368573
1496,0.367703
1500,0.36719
1504,0.366653
1508,0.366144
1512,0.36487
1516,0.363973
1520,0.363154
1524,0.362468
1528,0.361845
1532,0.361304
1536,0.360916
1540,0.361284
1544,0.363283
1548,0.362958
1552,0.36556
1556,0.367421
1560,0.36844
1564,0.37259
1568,0.376325
1572,0.377618
1576,0.381062
1580,0.378217
1584,0.38004
1588,0.38428
1592,0.387007
1596,0.387842
1600,0.38968
1604,0.39149
1608,0.392595
1612,0.394903
1616,0.396063
1620,0.396961
1624,0.398626
1628,0.401032
1632,0.402
1636,0.406264
1640,0.409128
1644,0.410829
1648,0.412941
1652,0.416958
1656,0.418224
1660,0.422883
1664,0.425556
1668,0.427049
1672,0.430019
1676,0.432825
1680,0.431747
1684,0.437966
1688,0.440419
1692,0.441387
1696,0.448245
1700,0.453927
1704,0.455844
1708,0.461569
1712,0.46673
1716,0.469802
1720,0.475285
1724,0.480108
1728,0.483776
1732,0.489972
1736,0.495897
1740,0.497566
1744,0.502179
1748,0.507571
1752,0.509519
1756,0.514734
1760,0.517905
1764,0.521663
1768,0.525017
1772,0.527466
1776,0.528756
1780,0.538541
1784,0.540833
1788,0.541335
1792,0.544885
1796,0.547918
1800,0.54833
1804,0.552143
1808,0.553671
1812,0.553628
1816,0.556018
1820,0.558812
1824,0.559028
1828,0.560991
1832,0.564428
1836,0.565208
1840,0.567136
1844,0.569926
1848,0.571129
1852,0.572842
1856,0.575565
1860,0.576937
1864,0.5789
1868,0.579758
1872,0.580577
1876,0.58122
1880,0.595754
1884,0.59657
1888,0.596812
1892,0.597416
1896,0.597146
1900,0.5976
1904,0.597632
1908,0.598603
1912,0.599779
1916,0.601006
1920,0.600959
1924,0.602342
1928,0.601515
1932,0.601456
1936,0.602216
1940,0.602667
1944,0.60206
1948,0.60215
1952,0.602271
1956,0.602381
1960,0.602824
1964,0.603196
1968,0.603059
1972,0.6034
1976,0.60398
1980,0.602624
1984,0.602585
1988,0.603796
1992,0.603126
1996,0.603271
2000,0.603231
2004,0.602205
2008,0.602487
2012,0.602185
2016,0.602695
2020,0.602781
2024,0.601636
2028,0.600586
2032,0.600586
2036,0.599795
2040,0.59943
2044,0.599708
2048,0.600602
2052,0.600719
2056,0.60282
2060,0.60483
2064,0.60639
2068,0.614408
2072,0.621156
2076,0.625419
2080,0.644637
2084,0.646502
2088,0.650766
2092,0.656808
2096,0.665908
2100,0.670548
2104,0.673886
2108,0.677938
2112,0.681967
2116,0.682782
2120,0.685917
2124,0.688272
2128,0.689502
2132,0.688868
2136,0.69047
2140,0.691344
2144,0.691387
2148,0.691199
2152,0.692175
2156,0.692622
2160,0.693041
2164,0.693531
2168,0.695138
2172,0.695177
2176,0.695835
2180,0.70979
2184,0.709292
2188,0.708716
2192,0.707156
2196,0.706396
2200,0.706537
2204,0.70533
2208,0.706322
2212,0.70591
2216,0.704766
2220,0.703767
2224,0.702231
2228,0.701694
2232,0.701494
2236,0.699895
2240,0.699715
2244,0.700079
2248,0.699723
2252,0.699871
2256,0.699887
2260,0.700232
2264,0.700138
2268,0.700726
2272,0.700534
2276,0.701259
2280,0.695322
2284,0.69558
2288,0.694272
2292,0.695071
2296,0.695467
2300,0.694977
2304,0.694542
2308,0.694256
2312,0.694162
2316,0.693672
2320,0.693523
2324,0.693245
2328,0.692708
2332,0.692387
2336,0.692618
2340,0.691826
2344,0.691971
2348,0.692246
2352,0.692869
2356,0.693166
2360,0.693159
2364,0.693206
2368,0.693268
2372,0.696854
2376,0.698484
2380,0.717373
2384,0.721617
2388,0.724117
2392,0.730818
2396,0.732295
2400,0.735191
2404,0.736206
2408,0.73657
2412,0.737201
2416,0.738463
2420,0.739078
2424,0.739259
2428,0.742974
2432,0.748797
2436,0.750396
2440,0.756293
2444,0.757704
2448,0.759217
2452,0.760181
2456,0.761748
2460,0.762771
2464,0.763625
2468,0.764699
2472,0.764441
2476,0.763594
2480,0.784892
2484,0.784124
2488,0.78347
2492,0.783658
2496,0.783646
2500,0.783431
2504,0.783309
2508,0.785292
2512,0.784093
2516,0.784842
2520,0.785649
2524,0.790351
2528,0.791543
2532,0.796155
2536,0.798059
2540,0.797942
2544,0.800199
2548,0.801339
2552,0.801861
2556,0.804949
2560,0.805211
2564,0.805329
2568,0.806669
2572,0.806387
2576,0.806207
2580,0.817986
2584,0.818147
2588,0.818045
2592,0.817818
2596,0.817351
2600,0.817379
2604,0.817735
2608,0.817877
2612,0.817253
2616,0.822379
2620,0.825212
2624,0.825377
2628,0.824515
2632,0.825522
2636,0.823504
2640,0.823492
2644,0.823065
2648,0.821928
2652,0.824969
2656,0.824099
2660,0.821936
2664,0.822336
2668,0.821568
2672,0.820847
2676,0.820682
2680,0.820443
2684,0.819793
2688,0.819581
2692,0.819366
2696,0.818421
2700,0.817344
2704,0.818409
2708,0.818449
2712,0.818621
2716,0.818758
2720,0.817461
2724,0.817877
2728,0.817669
2732,0.816575
2736,0.81672
2740,0.815647
2744,0.814487
2748,0.813609
2752,0.812763
2756,0.812441
2760,0.810619
2764,0.809091
2768,0.81027
2772,0.809749
2776,0.810078
2780,0.815369
2784,0.813707
2788,0.813127
2792,0.81368
2796,0.81297
2800,0.811125
2804,0.810811
2808,0.813013
2812,0.812543
2816,0.81685
2820,0.816681
2824,0.819871
2828,0.819358
2832,0.82207
2836,0.82205
2840,0.824382
2844,0.825522
2848,0.826439
2852,0.826533
2856,0.827093
2860,0.827411
2864,0.827795
2868,0.828136
2872,0.828665
2876,0.829609
2880,0.837357
2884,0.837795
2888,0.838219
2892,0.838336
2896,0.838176
2900,0.838638
2904,0.838854
2908,0.838638
2912,0.838712
2916,0.838807
2920,0.838983
2924,0.839116
2928,0.839269
2932,0.839198
2936,0.838928
2940,0.839308
2944,0.839002
2948,0.838889
2952,0.838971
2956,0.838646
2960,0.838712
2964,0.838665
2968,0.838634
2972,0.838814
2976,0.838904
2980,0.8399
2984,0.840155
2988,0.840088
2992,0.83981
2996,0.839422
3000,0.839477
3004,0.840253
3008,0.840253
3012,0.839982
3016,0.840084
3020,0.840084
3024,0.840413
3028,0.840601
3032,0.840974
3036,0.841083
3040,0.84115
3044,0.841052
3048,0.840883
3052,0.841303
3056,0.841389
3060,0.841871
3064,0.841934
3068,0.842036
3072,0.842275
3076,0.84229
3080,0.846585
3084,0.846601
3088,0.846495
3092,0.846338
3096,0.846217
3100,0.846397
3104,0.846236
3108,0.846511
3112,0.846397
3116,0.846593
3120,0.846483
3124,0.846307
3128,0.846072
3132,0.845751
3136,0.845735
3140,0.845331
3144,0.845441
3148,0.845406
3152,0.845609
3156,0.84566
3160,0.845464
3164,0.845676
3168,0.845355
3172,0.844908
3176,0.84461
3180,0.84289
3184,0.842553
3188,0.842396
3192,0.842161
3196,0.842326
3200,0.842376
3204,0.841808
3208,0.841354
3212,0.841628
3216,0.841628
3220,0.841887
3224,0.841369
3228,0.841311
3232,0.841381
3236,0.840797
3240,0.840821
3244,0.839645
3248,0.839868
3252,0.84095
3256,0.841718
3260,0.842733
3264,0.843372
3268,0.843678
3272,0.843489
3276,0.843732
3280,0.8455
3284,0.845323
3288,0.845069
3292,0.845574
3296,0.845837
3300,0.846378
3304,0.846562
3308,0.847028
3312,0.847526
3316,0.847643
3320,0.847769
3324,0.847878
3328,0.847988
3332,0.848541
3336,0.848568
3340,0.848505
3344,0.848776
3348,0.84876
3352,0.848866
3356,0.84925
3360,0.849164
3364,0.849277
3368,0.84925
3372,0.84925
3376,0.849779
3380,0.850398
3384,0.85019
3388,0.850798
3392,0.851245
3396,0.85099
3400,0.8507
3404,0.850915
3408,0.85097
3412,0.850919
3416,0.850915
3420,0.851002
3424,0.85077
3428,0.850892
3432,0.850763
3436,0.850598
3440,0.850308
3444,0.850014
3448,0.850422
3452,0.850379
3456,0.850265
3460,0.850089
3464,0.850324
3468,0.850402
3472,0.850437
3476,0.850669
3480,0.84932
3484,0.849034
3488,0.848866
3492,0.848791
3496,0.848423
3500,0.848537
3504,0.848498
3508,0.848513
3512,0.848788
3516,0.848748
3520,0.849332
3524,0.84916
3528,0.849383
3532,0.849324
3536,0.849352
3540,0.849724
3544,0.849732
3548,0.849842
3552,0.850194
3556,0.850265
3560,0.850379
3564,0.850285
3568,0.850347
3572,0.850265
3576,0.850343
3580,0.850484
3584,0.850731
3588,0.850759
3592,0.850951
3596,0.851013
3600,0.850888
3604,0.850821
3608,0.850872
3612,0.85088
3616,0.850833
3620,0.851809
3624,0.85215
3628,0.852193
3632,0.852177
3636,0.852232
3640,0.852295
3644,0.852393
3648,0.852373
3652,0.852314
3656,0.852738
3660,0.852753
3664,0.852824
3668,0.852569
3672,0.851938
3676,0.851542
3680,0.851386
3684,0.85146
3688,0.851593
3692,0.851738
3696,0.851738
3700,0.851895
3704,0.851754
3708,0.851711
3712,0.851805
3716,0.851746
3720,0.850394
3724,0.850312
3728,0.850414
3732,0.850559
3736,0.85061
3740,0.850555
3744,0.850328
3748,0.850045
3752,0.849724
3756,0.849638
3760,0.849395
3764,0.849258
3768,0.848933
3772,0.848772
3776,0.848791
3780,0.848748
3784,0.848768
3788,0.848756
3792,0.848788
3796,0.848968
3800,0.848913
3804,0.848933
3808,0.848878
3812,0.848878
3816,0.848925
3820,0.850265
3824,0.849712
3828,0.849959
3832,0.849673
3836,0.849771
3840,0.849716
3844,0.850006
3848,0.850049
3852,0.850034
3856,0.850065
3860,0.850226
3864,0.85032
3868,0.850469
3872,0.850598
3876,0.850527
3880,0.850335
3884,0.850049
3888,0.850053
3892,0.849755
3896,0.849297
3900,0.849113
3904,0.849168
3908,0.848737
3912,0.848599
3916,0.848427
3920,0.84702
3924,0.846954
3928,0.847212
3932,0.847412
3936,0.848043
3940,0.848368
3944,0.848936
3948,0.848854
3952,0.848956
3956,0.84914
3960,0.84898
3964,0.848866
3968,0.848725
3972,0.848893
3976,0.848948
3980,0.848948
3984,0.848776
3988,0.848682
3992,0.848858
3996,0.849062
4000,0.849477
4004,0.849426
4008,0.849497
4012,0.849775
4016,0.849779
4020,0.850077
4024,0.849951
4028,0.849563
4032,0.849689
4036,0.849591
4040,0.849583
4044,0.84715
4048,0.84693
4052,0.846848
4056,0.847134
4060,0.846946
4064,0.847099
4068,0.847244
4072,0.847114
4076,0.84762
4080,0.847906
4084,0.848055
4088,0.847949
4092,0.847667
4096,0.847424
4100,0.846879
4104,0.846773
4108,0.84673
4112,0.846495
4116,0.846464
4120,0.84691
4124,0.84693
4128,0.846993
4132,0.846773
4136,0.846812
4140,0.846856
4144,0.848454
4148,0.848255
4152,0.848176
4156,0.847855
4160,0.847777
4164,0.847855
4168,0.84791
4172,0.848008
4176,0.84807
4180,0.848106
4184,0.8482
4188,0.847992
4192,0.848019
4196,0.847694
4200,0.847643
4204,0.847863
4208,0.847824
4212,0.848168
4216,0.847882
4220,0.847698
4224,0.847741
4228,0.847871
4232,0.847929
4236,0.848227
4240,0.848302
4244,0.846742
4248,0.846844
4252,0.846765
4256,0.846491
4260,0.846812
4264,0.846961
4268,0.847032
4272,0.847044
4276,0.846989
4280,0.847008
4284,0.847079
4288,0.847616
4292,0.847381
4296,0.847326
4300,0.847651
4304,0.84762
4308,0.847588
4312,0.847773
4316,0.847906
4320,0.847608
4324,0.847506
4328,0.84731
4332,0.847232
4336,0.847334
4340,0.84733
4344,0.846366
4348,0.846381
4352,0.846084
4356,0.846213
4360,0.846491
4364,0.846668
4368,0.846652
4372,0.846491
4376,0.846468
4380,0.846491
4384,0.84646
4388,0.84664
4392,0.846448
4396,0.846652
4400,0.846656
4404,0.846436
4408,0.846315
4412,0.84615
4416,0.846111
4420,0.846189
4424,0.846001
4428,0.845907
4432,0.845974
4436,0.846009
4440,0.845982
4444,0.846358
4448,0.846052
4452,0.846479
4456,0.846758
4460,0.846722
4464,0.846566
4468,0.846523
4472,0.846452
4476,0.846679
4480,0.847353
4484,0.847224
4488,0.847342
4492,0.847247
4496,0.847369
4500,0.847208
4504,0.847024
4508,0.846444
4512,0.845539
4516,0.845606
4520,0.845378
4524,0.844986
4528,0.844967
4532,0.845225
4536,0.844798
4540,0.84541
4544,0.846111
4548,0.845751
4552,0.845594
4556,0.845347
4560,0.845472
4564,0.845801
4568,0.845939
4572,0.845253
4576,0.84577
4580,0.845351
4584,0.845186
4588,0.844802
4592,0.845108
4596,0.845331
4600,0.845558
4604,0.845884
4608,0.846577
4612,0.847055
4616,0.847153
4620,0.846973
4624,0.846887
4628,0.846691
4632,0.846683
4636,0.846581
4640,0.846487
4644,0.845316
4648,0.844971
4652,0.844869
4656,0.844214
4660,0.844489
4664,0.844869
4668,0.844555
4672,0.845308
4676,0.845562
4680,0.846236
4684,0.846648
4688,0.847357
4692,0.846664
4696,0.847436
4700,0.847808
4704,0.847667
4708,0.847773
4712,0.847984
4716,0.847494
4720,0.847169
4724,0.847291
4728,0.847369
4732,0.84724
4736,0.847298
4740,0.847314
4744,0.846875
4748,0.846926
4752,0.847106
4756,0.846981
4760,0.847075
4764,0.847322
4768,0.846867
4772,0.846867
4776,0.847204
4780,0.847106
4784,0.846946
4788,0.847369
4792,0.847228
4796,0.847271
4800,0.846715
4804,0.846577
4808,0.84666
4812,0.846852
4816,0.846852
4820,0.846479
4824,0.846354
4828,0.846534
4832,0.846601
4836,0.84657
4840,0.846609
4844,0.849207
4848,0.849003
4852,0.848537
4856,0.848466
4860,0.848505
4864,0.848259
4868,0.847961
4872,0.848235
4876,0.848184
4880,0.848078
4884,0.848157
4888,0.847921
4892,0.84782
4896,0.847682
4900,0.847592
4904,0.847655
4908,0.84789
4912,0.84769
4916,0.847682
4920,0.848004
4924,0.847722
4928,0.8476
4932,0.847197
4936,0.847146
4940,0.846695
4944,0.845523
4948,0.844955
4952,0.844826
4956,0.84483
4960,0.845026
4964,0.844896
4968,0.844747
4972,0.844947
4976,0.845045
4980,0.844857
4984,0.845594
4988,0.845778
4992,0.845845
4996,0.84588
5000,0.845406
5004,0.845911
5008,0.845778
5012,0.845703
5016,0.845645
5020,0.846119
5024,0.846236
5028,0.846268
5032,0.846174
5036,0.846013
5040,0.846142
5044,0.846217
5048,0.845978
5052,0.846236
5056,0.846091
5060,0.845903
5064,0.845899
5068,0.845876
5072,0.845602
5076,0.845637
5080,0.845935
5084,0.845954
5088,0.846178
5092,0.846041
5096,0.845864
5100,0.846452
5104,0.846538
5108,0.846691
5112,0.846805
5116,0.847365
5120,0.847001
5124,0.84724
5128,0.847412
5132,0.847537
5136,0.847436
5140,0.847287
5144,0.846444
5148,0.846201
5152,0.845829
5156,0.845684
5160,0.845598
5164,0.845672
5168,0.845613
5172,0.845833
5176,0.845758
5180,0.846099
5184,0.845868
5188,0.845045
5192,0.845308
5196,0.845762
5200,0.846056
5204,0.846342
5208,0.846405
5212,0.846562
5216,0.846844
5220,0.846867
5224,0.846695
5228,0.846887
5232,0.846997
5236,0.84662
5240,0.846154
5244,0.846534
5248,0.846479
5252,0.84624
5256,0.845841
5260,0.845555
5264,0.845504
5268,0.845531
5272,0.846041
5276,0.846009
5280,0.845982
5284,0.846064
5288,0.846346
5292,0.846601
5296,0.846848
5300,0.846573
5304,0.846456
5308,0.846342
5312,0.846526
5316,0.846511
5320,0.846828
5324,0.846726
5328,0.846836
5332,0.846495
5336,0.846609
5340,0.846836
5344,0.84686
5348,0.846852
5352,0.846636
5356,0.847083
5360,0.847392
5364,0.847537
5368,0.847424
5372,0.847099
5376,0.847106
5380,0.847032
5384,0.847157
5388,0.847173
5392,0.846938
5396,0.846577
5400,0.846291
5404,0.846033
5408,0.846366
5412,0.846456
5416,0.846276
5420,0.846005
5424,0.846299
5428,0.846358
5432,0.846385
5436,0.845794
5440,0.846323
5444,0.846276
5448,0.845778
5452,0.845982
5456,0.846052
5460,0.845684
5464,0.845433
5468,0.845006
5472,0.845037
5476,0.84461
5480,0.844183
5484,0.844963
5488,0.845954
5492,0.846037
5496,0.845696
5500,0.846017
5504,0.846068
5508,0.845731
5512,0.846029
5516,0.845962
5520,0.845935
5524,0.846452
5528,0.846236
5532,0.846534
5536,0.846432
5540,0.846762
5544,0.846413
5548,0.846272
5552,0.846656
5556,0.846566
5560,0.846542
5564,0.846679
5568,0.847878
5572,0.847357
5576,0.847573
5580,0.847918
5584,0.848631
5588,0.848384
5592,0.848944
5596,0.849097
5600,0.849477
5604,0.84914
5608,0.849156
5612,0.849183
5616,0.849802
5620,0.84974
5624,0.849728
5628,0.849759
5632,0.849947
5636,0.850155
5640,0.850281
5644,0.850026
5648,0.850269
5652,0.850249
5656,0.849936
5660,0.850104
5664,0.850159
5668,0.850445
5672,0.850817
5676,0.850516
5680,0.850669
5684,0.850857
5688,0.850829
5692,0.851335
5696,0.851507
5700,0.85186
5704,0.851809
5708,0.85175
5712,0.852173
5716,0.852146
5720,0.852075
1,0.260933
5,0.256051
9,0.253343
13,0.249506
17,0.246085
21,0.245415
25,0.246356
29,0.25127
33,0.252708
37,0.260248
41,0.269457
45,0.274006
49,0.283842
53,0.292942
57,0.29579
61,0.302339
65,0.309404
69,0.310858
73,0.317391
77,0.316532
81,0.319926
85,0.324311
89,0.328986
93,0.330283
97,0.330942
101,0.329331
105,0.329386
109,0.325687
113,0.325028
117,0.324699
121,0.322238
125,0.322936
129,0.322124
133,0.321721
137,0.322994
141,0.323331
145,0.322301
149,0.324146
153,0.32564
157,0.324538
161,0.326051
165,0.325777
169,0.323273
173,0.322136
177,0.310047
181,0.309894
185,0.308483
189,0.307406
193,0.306026
197,0.305117
201,0.304721
205,0.302648
209,0.302096
213,0.30141
217,0.299972
221,0.29978
225,0.299517
229,0.29965
233,0.299713
237,0.29978
241,0.299427
245,0.299823
249,0.298561
253,0.297934
257,0.297766
261,0.29699
265,0.296845
269,0.296006
273,0.296206
277,0.290939
281,0.291496
285,0.292797
289,0.294309
293,0.295986
297,0.296453
301,0.298204
305,0.297793
309,0.297883
313,0.296073
317,0.29757
321,0.298882
325,0.300599
329,0.30351
333,0.304898
337,0.30978
341,0.316129
345,0.31886
349,0.327219
353,0.335401
357,0.337513
361,0.344955
365,0.350712
369,0.353502
373,0.361135
377,0.370345
381,0.373041
385,0.379926
389,0.384965
393,0.390773
397,0.395648
401,0.400656
405,0.403254
409,0.407894
413,0.409791
417,0.410214
421,0.40896
425,0.409262
429,0.408509
433,0.40769
437,0.405425
441,0.406738
445,0.40347
449,0.402137
453,0.400668
457,0.398846
461,0.398019
465,0.395087
469,0.393136
473,0.392219
477,0.383394
481,0.386611
485,0.391212
489,0.393473
493,0.399237
497,0.403595
501,0.406091
505,0.410574
509,0.414011
513,0.41572
517,0.418161
521,0.422574
525,0.423663
529,0.426461
533,0.427539
537,0.429102
541,0.431943
545,0.433264
549,0.432794
553,0.433989
557,0.432112
561,0.433287
565,0.431148
569,0.431163
573,0.430223
577,0.419874
581,0.420371
585,0.421065
589,0.419341
593,0.418859
597,0.417083
601,0.414305
605,0.412005
609,0.410288
613,0.408129
617,0.403599
621,0.400613
625,0.397603
629,0.393716
633,0.392748
637,0.389715
641,0.388531
645,0.387477
649,0.385624
653,0.383414
657,0.381791
661,0.380071
665,0.378288
669,0.377916
673,0.377292
677,0.370156
681,0.370505
685,0.369443
689,0.36717
693,0.366724
697,0.364705
701,0.364655
705,0.363949
709,0.364028
713,0.363632
717,0.362515
721,0.362002
725,0.360912
729,0.360238
733,0.360414
737,0.360097
741,0.359823
745,0.358365
749,0.357095
753,0.356982
757,0.35648
761,0.355927
765,0.355657
769,0.354458
773,0.353843
777,0.350418
781,0.350457
785,0.350857
789,0.350488
793,0.350159
797,0.350147
801,0.349955
805,0.350167
809,0.350151
813,0.350237
817,0.349567
821,0.349399
825,0.349332
829,0.349003
833,0.349297
837,0.349258
841,0.349818
845,0.349634
849,0.34965
853,0.349399
857,0.349458
861,0.349979
865,0.349583
869,0.349634
873,0.34961
877,0.349877
881,0.350147
885,0.350194
889,0.350598
893,0.35021
897,0.350398
901,0.349873
905,0.350335
909,0.350096
913,0.349947
917,0.349861
921,0.349998
925,0.349513
929,0.34994
933,0.349587
937,0.349947
941,0.350077
945,0.349783
949,0.349481
953,0.348356
957,0.348208
961,0.347702
965,0.348321
969,0.347753
973,0.348098
977,0.346856
981,0.347373
985,0.34751
989,0.347588
993,0.348325
997,0.349168
1001,0.349219
1005,0.34916
1009,0.349148
1013,0.34916
1017,0.348944
1021,0.349469
1025,0.349846
1029,0.349783
1033,0.349501
1037,0.349654
1041,0.349544
1045,0.348944
1049,0.348819
1053,0.348086
1057,0.34778
1061,0.347353
1065,0.34731
1069,0.347134
1073,0.346762
1077,0.342659
1081,0.342302
1085,0.34269
1089,0.342643
1093,0.342435
1097,0.342043
1101,0.341381
1105,0.340903
1109,0.340409
1113,0.340076
1117,0.340354
1121,0.341291
1125,0.341926
1129,0.343446
1133,0.344532
1137,0.344575
1141,0.34512
1145,0.346162
1149,0.346334
1153,0.34664
1157,0.345958
1161,0.345374
1165,0.345135
1169,0.344077
1173,0.343423
1177,0.339849
1181,0.339144
1185,0.338885
1189,0.337976
1193,0.337094
1197,0.336918
1201,0.336232
1205,0.336306
1209,0.335809
1213,0.335926
1217,0.336056
1221,0.336393
1225,0.336628
1229,0.336706
1233,0.336506
1237,0.336976
1241,0.337333
1245,0.337208
1249,0.336843
1253,0.337553
1257,0.337815
1261,0.337929
1265,0.337897
1269,0.337776
1273,0.337458
1277,0.340425
1281,0.341052
1285,0.340644
1289,0.340648
1293,0.340974
1297,0.341177
1301,0.34142
1305,0.341589
1309,0.34162
1313,0.341593
1317,0.341557
1321,0.34171
1325,0.342204
1329,0.342216
1333,0.342361
1337,0.342451
1341,0.342518
1345,0.342666
1349,0.34249
1353,0.342553
1357,0.34296
1361,0.343203
1365,0.343607
1369,0.345359
1373,0.347584
1377,0.350089
1381,0.352659
1385,0.355308
1389,0.356762
1393,0.359686
1397,0.361582
1401,0.362491
1405,0.364776
1409,0.366802
1413,0.368138
1417,0.369647
1421,0.3717
1425,0.372519
1429,0.373981
1433,0.375482
1437,0.376038
1441,0.377406
1445,0.378225
1449,0.378519
1453,0.378503
1457,0.377947
1461,0.377151
1465,0.37714
1469,0.375768
1473,0.375043
1477,0.368601
1481,0.368859
1485,0.369157
1489,0.368573
1493,0.367703
1497,0.36719
1501,0.366653
1505,0.366144
1509,0.36487
1513,0.363973
1517,0.363154
1521,0.362468
1525,0.361845
1529,0.361304
1533,0.360916
1537,0.361284
1541,0.363283
1545,0.362958
1549,0.36556
1553,0.367421
1557,0.36844
1561,0.37259
1565,0.376325
1569,0.377618
1573,0.381062
1577,0.378217
1581,0.38004
1585,0.38428
1589,0.387007
1593,0.387842
1597,0.38968
1601,0.39149
1605,0.392595
1609,0.394903
1613,0.396063
1617,0.396961
1621,0.398626
1625,0.401032
1629,0.402
1633,0.406264
1637,0.409128
1641,0.410829
1645,0.412941
1649,0.416958
1653,0.418224
1657,0.422883
1661,0.425556
1665,0.427049
1669,0.430019
1673,0.432825
1677,0.431747
1681,0.437966
1685,0.440419
1689,0.441387
1693,0.448245
1697,0.453927
1701,0.455844
1705,0.461569
1709,0.46673
1713,0.469802
1717,0.475285
1721,0.480108
1725,0.483776
1729,0.489972
1733,0.495897
1737,0.497566
1741,0.502179
1745,0.507571
1749,0.509519
1753,0.514734
1757,0.517905
1761,0.521663
1765,0.525017
1769,0.527466
1773,0.528756
1777,0.538541
1781,0.540833
1785,0.541335
1789,0.544885
1793,0.547918
1797,0.54833
1801,0.552143
1805,0.553671
1809,0.553628
1813,0.556018
1817,0.558812
1821,0.559028
1825,0.560991
1829,0.564428
1833,0.565208
1837,0.567136
1841,0.569926
1845,0.571129
1849,0.572842
1853,0.575565
1857,0.576937
1861,0.5789
1865,0.579758
1869,0.580577
1873,0.58122
1877,0.595754
1881,0.59657
1885,0.596812
1889,0.597416
1893,0.597146
1897,0.5976
1901,0.597632
1905,0.598603
1909,0.599779
1913,0.601006
1917,0.600959
1921,0.602342
1925,0.601515
1929,0.601456
1933,0.602216
1937,0.602667
1941,0.60206
1945,0.60215
1949,0.602271
1953,0.602381
1957,0.602824
1961,0.603196
1965,0.603059
1969,0.6034
1973,0.60398
1977,0.602624
1981,0.602585
1985,0.603796
1989,0.603126
1993,0.603271
1997,0.603231
2001,0.602205
2005,0.602487
2009,0.602185
2013,0.602695
2017,0.602781
2021,0.601636
2025,0.600586
2029,0.600586
2033,0.599795
2037,0.59943
2041,0.599708
2045,0.600602
2049,0.600719
2053,0.60282
2057,0.60483
2061,0.60639
2065,0.614408
2069,0.621156
2073,0.625419
2077,0.644637
2081,0.646502
2085,0.650766
2089,0.656808
2093,0.665908
2097,0.670548
2101,0.673886
2105,0.677938
2109,0.681967
2113,0.682782
2117,0.685917
2121,0.688272
2125,0.689502
2129,0.688868
2133,0.69047
2137,0.691344
2141,0.691387
2145,0.691199
2149,0.692175
2153,0.692622
2157,0.693041
2161,0.693531
2165,0.695138
2169,0.695177
2173,0.695835
2177,0.70979
2181,0.709292
2185,0.708716
2189,0.707156
2193,0.706396
2197,0.706537
2201,0.70533
2205,0.706322
2209,0.70591
2213,0.704766
2217,0.703767
2221,0.702231
2225,0.701694
2229,0.701494
2233,0.699895
2237,0.699715
2241,0.700079
2245,0.699723
2249,0.699871
2253,0.699887
2257,0.700232
2261,0.700138
2265,0.700726
2269,0.700534
2273,0.701259
2277,0.695322
2281,0.69558
2285,0.694272
2289,0.695071
2293,0.695467
2297,0.694977
2301,0.694542
2305,0.694256
2309,0.694162
2313,0.693672
2317,0.693523
2321,0.693245
2325,0.692708
2329,0.692387
2333,0.692618
2337,0.691826
2341,0.691971
2345,0.692246
2349,0.692869
2353,0.693166
2357,0.693159
2361,0.693206
2365,0.693268
2369,0.696854
2373,0.698484
2377,0.717373
2381,0.721617
2385,0.724117
2389,0.730818
2393,0.732295
2397,0.735191
2401,0.736206
2405,0.73657
2409,0.737201
2413,0.738463
2417,0.739078
2421,0.739259
2425,0.742974
2429,0.748797
2433,0.750396
2437,0.756293
2441,0.757704
2445,0.759217
2449,0.760181
2453,0.761748
2457,0.762771
2461,0.763625
2465,0.764699
2469,0.764441
2473,0.763594
2477,0.784892
2481,0.784124
2485,0.78347
2489,0.783658
2493,0.783646
2497,0.783431
2501,0.783309
2505,0.785292
2509,0.784093
2513,0.784842
2517,0.785649
2521,0.790351
2525,0.791543
2529,0.796155
2533,0.798059
2537,0.797942
2541,0.800199
2545,0.801339
2549,0.801861
2553,0.804949
2557,0.805211
2561,0.805329
2565,0.806669
2569,0.806387
2573,0.806207
2577,0.817986
2581,0.818147
2585,0.818045
2589,0.817818
2593,0.817351
2597,0.817379
2601,0.817735
2605,0.817877
2609,0.817253
2613,0.822379
2617,0.825212
2621,0.825377
2625,0.824515
2629,0.825522
2633,0.823504
2637,0.823492
2641,0.823065
2645,0.821928
2649,0.824969
2653,0.824099
2657,0.821936
2661,0.822336
2665,0.821568
2669,0.820847
2673,0.820682
2677,0.820443
2681,0.819793
2685,0.819581
2689,0.819366
2693,0.818421
2697,0.817344
2701,0.818409
2705,0.818449
2709,0.818621
2713,0.818758
2717,0.817461
2721,0.817877
2725,0.817669
2729,0.816575
2733,0.81672
2737,0.815647
2741,0.814487
2745,0.813609
2749,0.812763
2753,0.812441
2757,0.810619
2761,0.809091
2765,0.81027
2769,0.809749
2773,0.810078
2777,0.815369
2781,0.813707
2785,0.813127
2789,0.81368
2793,0.81297
2797,0.811125
2801,0.810811
2805,0.813013
2809,0.812543
2813,0.81685
2817,0.816681
2821,0.819871
2825,0.819358
2829,0.82207
2833,0.82205
2837,0.824382
2841,0.825522
2845,0.826439
2849,0.826533
2853,0.827093
2857,0.827411
2861,0.827795
2865,0.828136
2869,0.828665
2873,0.829609
2877,0.837357
2881,0.837795
2885,0.838219
2889,0.838336
2893,0.838176
2897,0.838638
2901,0.838854
2905,0.838638
2909,0.838712
2913,0.838807
2917,0.838983
2921,0.839116
2925,0.839269
2929,0.839198
2933,0.838928
2937,0.839308
2941,0.839002
2945,0.838889
2949,0.838971
2953,0.838646
2957,0.838712
2961,0.838665
2965,0.838634
2969,0.838814
2973,0.838904
2977,0.8399
2981,0.840155
2985,0.840088
2989,0.83981
2993,0.839422
2997,0.839477
3001,0.840253
3005,0.840253
3009,0.839982
3013,0.840084
3017,0.840084
3021,0.840413
3025,0.840601
3029,0.840974
3033,0.841083
3037,0.84115
3041,0.841052
3045,0.840883
3049,0.841303
3053,0.841389
3057,0.841871
3061,0.841934
3065,0.842036
3069,0.842275
3073,0.84229
3077,0.846585
3081,0.846601
3085,0.846495
3089,0.846338
3093,0.846217
3097,0.846397
3101,0.846236
3105,0.846511
3109,0.846397
3113,0.846593
3117,0.846483
3121,0.846307
3125,0.846072
3129,0.845751
3133,0.845735
3137,0.845331
3141,0.845441
3145,0.845406
3149,0.845609
3153,0.84566
3157,0.845464
3161,0.845676
3165,0.845355
3169,0.844908
3173,0.84461
3177,0.84289
3181,0.842553
3185,0.842396
3189,0.842161
3193,0.842326
3197,0.842376
3201,0.841808
3205,0.841354
3209,0.841628
3213,0.841628
3217,0.841887
3221,0.841369
3225,0.841311
3229,0.841381
3233,0.840797
3237,0.840821
3241,0.839645
3245,0.839868
3249,0.84095
3253,0.841718
3257,0.842733
3261,0.843372
3265,0.843678
3269,0.843489
3273,0.843732
3277,0.8455
3281,0.845323
3285,0.845069
3289,0.845574
3293,0.845837
3297,0.846378
3301,0.846562
3305,0.847028
3309,0.847526
3313,0.847643
3317,0.847769
3321,0.847878
3325,0.847988
3329,0.848541
3333,0.848568
3337,0.848505
3341,0.848776
3345,0.84876
3349,0.848866
3353,0.84925
3357,0.849164
3361,0.849277
3365,0.84925
3369,0.84925
3373,0.849779
3377,0.850398
3381,0.85019
3385,0.850798
3389,0.851245
3393,0.85099
3397,0.8507
3401,0.850915
3405,0.85097
3409,0.850919
3413,0.850915
3417,0.851002
3421,0.85077
3425,0.850892
3429,0.850763
3433,0.850598
3437,0.850308
3441,0.850014
3445,0.850422
3449,0.850379
3453,0.850265
3457,0.850089
3461,0.850324
3465,0.850402
3469,0.850437
3473,0.850669
3477,0.84932
3481,0.849034
3485,0.848866
3489,0.848791
3493,0.848423
3497,0.848537
3501,0.848498
3505,0.848513
3509,0.848788
3513,0.848748
3517,0.849332
3521,0.84916
3525,0.849383
3529,0.849324
3533,0.849352
3537,0.849724
3541,0.849732
3545,0.849842
3549,0.850194
3553,0.850265
3557,0.850379
3561,0.850285
3565,0.850347
3569,0.850265
3573,0.850343
3577,0.850484
3581,0.850731
3585,0.850759
3589,0.850951
3593,0.851013
3597,0.850888
3601,0.850821
3605,0.850872
3609,0.85088
3613,0.850833
3617,0.851809
3621,0.85215
3625,0.852193
3629,0.852177
3633,0.852232
3637,0.852295
3641,0.852393
3645,0.852373
3649,0.852314
3653,0.852738
3657,0.852753
3661,0.852824
3665,0.852569
3669,0.851938
3673,0.851542
3677,0.851386
3681,0.85146
3685,0.851593
3689,0.851738
3693,0.851738
3697,0.851895
3701,0.851754
3705,0.851711
3709,0.851805
3713,0.851746
3717,0.850394
3721,0.850312
3725,0.850414
3729,0.850559
3733,0.85061
3737,0.850555
3741,0.850328
3745,0.850045
3749,0.849724
3753,0.849638
3757,0.849395
3761,0.849258
3765,0.848933
3769,0.848772
3773,0.848791
3777,0.848748
3781,0.848768
3785,0.848756
3789,0.848788
3793,0.848968
3797,0.848913
3801,0.848933
3805,0.848878
3809,0.848878
3813,0.848925
3817,0.850265
3821,0.849712
3825,0.849959
3829,0.849673
3833,0.849771
3837,0.849716
3841,0.850006
3845,0.850049
3849,0.850034
3853,0.850065
3857,0.850226
3861,0.85032
3865,0.850469
3869,0.850598
3873,0.850527
3877,0.850335
3881,0.850049
3885,0.850053
3889,0.849755
3893,0.849297
3897,0.849113
3901,0.849168
3905,0.848737
3909,0.848599
3913,0.848427
3917,0.84702
3921,0.846954
3925,0.847212
3929,0.847412
3933,0.848043
3937,0.848368
3941,0.848936
3945,0.848854
3949,0.848956
3953,0.84914
3957,0.84898
3961,0.848866
3965,0.848725
3969,0.848893
3973,0.848948
3977,0.848948
3981,0.848776
3985,0.848682
3989,0.848858
3993,0.849062
3997,0.849477
4001,0.849426
4005,0.849497
4009,0.849775
4013,0.849779
4017,0.850077
4021,0.849951
4025,0.849563
4029,0.849689
4033,0.849591
4037,0.849583
4041,0.84715
4045,0.84693
4049,0.846848
4053,0.847134
4057,0.846946
4061,0.847099
4065,0.847244
4069,0.847114
4073,0.84762
4077,0.847906
4081,0.848055
4085,0.847949
4089,0.847667
4093,0.847424
4097,0.846879
4101,0.846773
4105,0.84673
4109,0.846495
4113,0.846464
4117,0.84691
4121,0.84693
4125,0.846993
4129,0.846773
4133,0.846812
4137,0.846856
4141,0.848454
4145,0.848255
4149,0.848176
4153,0.847855
4157,0.847777
4161,0.847855
4165,0.84791
4169,0.848008
4173,0.84807
4177,0.848106
4181,0.8482
4185,0.847992
4189,0.848019
4193,0.847694
4197,0.847643
4201,0.847863
4205,0.847824
4209,0.848168
4213,0.847882
4217,0.847698
4221,0.847741
4225,0.847871
4229,0.847929
4233,0.848227
4237,0.848302
4241,0.846742
4245,0.846844
4249,0.846765
4253,0.846491
4257,0.846812
4261,0.846961
4265,0.847032
4269,0.847044
4273,0.846989
4277,0.847008
4281,0.847079
4285,0.847616
4289,0.847381
4293,0.847326
4297,0.847651
4301,0.84762
4305,0.847588
4309,0.847773
4313,0.847906
4317,0.847608
4321,0.847506
4325,0.84731
4329,0.847232
4333,0.847334
4337,0.84733
4341,0.846366
4345,0.846381
4349,0.846084
4353,0.846213
4357,0.846491
4361,0.846668
4365,0.846652
4369,0.846491
4373,0.846468
4377,0.846491
4381,0.84646
4385,0.84664
4389,0.846448
4393,0.846652
4397,0.846656
4401,0.846436
4405,0.846315
4409,0.84615
4413,0.846111
4417,0.846189
4421,0.846001
4425,0.845907
4429,0.845974
4433,0.846009
4437,0.845982
4441,0.846358
4445,0.846052
4449,0.846479
4453,0.846758
4457,0.846722
4461,0.846566
4465,0.846523
4469,0.846452
4473,0.846679
4477,0.847353
4481,0.847224
4485,0.847342
4489,0.847247
4493,0.847369
4497,0.847208
4501,0.847024
4505,0.846444
4509,0.845539
4513,0.845606
4517,0.845378
4521,0.844986
4525,0.844967
4529,0.845225
4533,0.844798
4537,0.84541
4541,0.846111
4545,0.845751
4549,0.845594
4553,0.845347
4557,0.845472
4561,0.845801
4565,0.845939
4569,0.845253
4573,0.84577
4577,0.845351
4581,0.845186
4585,0.844802
4589,0.845108
4593,0.845331
4597,0.845558
4601,0.845884
4605,0.846577
4609,0.847055
4613,0.847153
4617,0.846973
4621,0.846887
4625,0.846691
4629,0.846683
4633,0.846581
4637,0.846487
4641,0.845316
4645,0.844971
4649,0.844869
4653,0.844214
4657,0.844489
4661,0.844869
4665,0.844555
4669,0.845308
4673,0.845562
4677,0.846236
4681,0.846648
4685,0.847357
4689,0.846664
4693,0.847436
4697,0.847808
4701,0.847667
4705,0.847773
4709,0.847984
4713,0.847494
4717,0.847169
4721,0.847291
4725,0.847369
4729,0.84724
4733,0.847298
4737,0.847314
4741,0.846875
4745,0.846926
4749,0.847106
4753,0.846981
4757,0.847075
4761,0.847322
4765,0.846867
4769,0.846867
4773,0.847204
4777,0.847106
4781,0.846946
4785,0.847369
4789,0.847228
4793,0.847271
4797,0.846715
4801,0.846577
4805,0.84666
4809,0.846852
4813,0.846852
4817,0.846479
4821,0.846354
4825,0.846534
4829,0.846601
4833,0.84657
4837,0.846609
4841,0.849207
4845,0.849003
4849,0.848537
4853,0.848466
4857,0.848505
4861,0.848259
4865,0.847961
4869,0.848235
4873,0.848184
4877,0.848078
4881,0.848157
4885,0.847921
4889,0.84782
4893,0.847682
4897,0.847592
4901,0.847655
4905,0.84789
4909,0.84769
4913,0.847682
4917,0.848004
4921,0.847722
4925,0.8476
4929,0.847197
4933,0.847146
4937,0.846695
4941,0.845523
4945,0.844955
4949,0.844826
4953,0.84483
4957,0.845026
4961,0.844896
4965,0.844747
4969,0.844947
4973,0.845045
4977,0.844857
4981,0.845594
4985,0.845778
4989,0.845845
4993,0.84588
4997,0.845406
5001,0.845911
5005,0.845778
5009,0.845703
5013,0.845645
5017,0.846119
5021,0.846236
5025,0.846268
5029,0.846174
5033,0.846013
5037,0.846142
5041,0.846217
5045,0.845978
5049,0.846236
5053,0.846091
5057,0.845903
5061,0.845899
5065,0.845876
5069,0.845602
5073,0.845637
5077,0.845935
5081,0.845954
5085,0.846178
5089,0.846041
5093,0.845864
5097,0.846452
5101,0.846538
5105,0.846691
5109,0.846805
5113,0.847365
5117,0.847001
5121,0.84724
5125,0.847412
5129,0.847537
5133,0.847436
5137,0.847287
5141,0.846444
5145,0.846201
5149,0.845829
5153,0.845684
5157,0.845598
5161,0.845672
5165,0.845613
5169,0.845833
5173,0.845758
5177,0.846099
5181,0.845868
5185,0.845045
5189,0.845308
5193,0.845762
5197,0.846056
5201,0.846342
5205,0.846405
5209,0.846562
5213,0.846844
5217,0.846867
5221,0.846695
5225,0.846887
5229,0.846997
5233,0.84662
5237,0.846154
5241,0.846534
5245,0.846479
5249,0.84624
5253,0.845841
5257,0.845555
5261,0.845504
5265,0.845531
5269,0.846041
5273,0.846009
5277,0.845982
5281,0.846064
5285,0.846346
5289,0.846601
5293,0.846848
5297,0.846573
5301,0.846456
5305,0.846342
5309,0.846526
5313,0.846511
5317,0.846828
5321,0.846726
5325,0.846836
5329,0.846495
5333,0.846609
5337,0.846836
5341,0.84686
5345,0.846852
5349,0.846636
5353,0.847083
5357,0.847392
5361,0.847537
5365,0.847424
5369,0.847099
5373,0.847106
5377,0.847032
5381,0.847157
5385,0.847173
5389,0.846938
5393,0.846577
5397,0.846291
5401,0.846033
5405,0.846366
5409,0.846456
5413,0.846276
5417,0.846005
5421,0.846299
5425,0.846358
5429,0.846385
5433,0.845794
5437,0.846323
5441,0.846276
5445,0.845778
5449,0.845982
5453,0.846052
5457,0.845684
5461,0.845433
5465,0.845006
5469,0.845037
5473,0.84461
5477,0.844183
5481,0.844963
5485,0.845954
5489,0.846037
5493,0.845696
5497,0.846017
5501,0.846068
5505,0.845731
5509,0.846029
5513,0.845962
5517,0.845935
5521,0.846452
5525,0.846236
5529,0.846534
5533,0.846432
5537,0.846762
5541,0.846413
5545,0.846272
5549,0.846656
5553,0.846566
5557,0.846542
5561,0.846679
5565,0.847878
5569,0.847357
5573,0.847573
5577,0.847918
5581,0.848631
5585,0.848384
5589,0.848944
5593,0.849097
5597,0.849477
5601,0.84914
5605,0.849156
5609,0.849183
5613,0.849802
5617,0.84974
5621,0.849728
5625,0.849759
5629,0.849947
5633,0.850155
5637,0.850281
5641,0.850026
5645,0.850269
5649,0.850249
5653,0.849936
5657,0.850104
5661,0.850159
5665,0.850445
5669,0.850817
5673,0.850516
5677,0.850669
5681,0.850857
5685,0.850829
5689,0.851335
5693,0.851507
5697,0.85186
5701,0.851809
5705,0.85175
5709,0.852173
5713,0.852146
5717,0.852075
5721,0.851319
