framenum,queue density
1,0.260933
9,0.252708
17,0.309404
25,0.330942
33,0.322124
41,0.326051
49,0.306026
57,0.299517
65,0.297766
73,0.294309
81,0.298882
89,0.335401
97,0.379926
105,0.410214
113,0.402137
121,0.386611
129,0.41572
137,0.433264
145,0.419874
153,0.410288
161,0.388531
169,0.377292
177,0.363949
185,0.360097
193,0.354458
201,0.349955
209,0.349297
217,0.349583
225,0.350398
233,0.34994
241,0.347702
249,0.348325
257,0.349846
265,0.34778
273,0.342643
281,0.341291
289,0.34664
297,0.338885
305,0.336056
313,0.336843
321,0.341052
329,0.341593
337,0.342666
345,0.350089
353,0.366802
361,0.377406
369,0.375043
377,0.366144
385,0.361284
393,0.377618
401,0.39149
409,0.406264
417,0.427049
425,0.453927
433,0.489972
441,0.521663
449,0.547918
457,0.560991
465,0.576937
473,0.597416
481,0.602342
489,0.602381
497,0.603796
505,0.602781
513,0.600719
521,0.646502
529,0.682782
537,0.691199
545,0.70979
553,0.70591
561,0.700079
569,0.701259
577,0.694256
585,0.691826
593,0.696854
601,0.736206
609,0.750396
617,0.764699
625,0.783431
633,0.796155
641,0.805329
649,0.817351
657,0.824515
665,0.821936
673,0.819366
681,0.817877
689,0.812441
697,0.813127
705,0.816681
713,0.826533
721,0.837795
729,0.838807
737,0.838889
745,0.8399
753,0.839982
761,0.841052
769,0.84229
777,0.846511
785,0.845331
793,0.844908
801,0.841808
809,0.840797
817,0.843678
825,0.846378
833,0.848541
841,0.849277
849,0.85099
857,0.850892
865,0.850089
873,0.848791
881,0.84916
889,0.850265
897,0.850759
905,0.851809
913,0.852314
921,0.85146
929,0.851746
937,0.850045
945,0.848748
953,0.848878
961,0.850006
969,0.850527
977,0.848737
985,0.848368
993,0.848893
1001,0.849426
1009,0.849591
1017,0.847244
1025,0.846879
1033,0.846773
1041,0.847855
1049,0.847694
1057,0.847871
1065,0.846812
1073,0.847381
1081,0.847506
1089,0.846213
1097,0.84664
1105,0.846189
1113,0.846479
1121,0.847224
1129,0.845606
1137,0.845751
1145,0.845351
1153,0.847055
1161,0.845316
1169,0.845562
1177,0.847773
1185,0.847314
1193,0.846867
1201,0.846577
1209,0.84657
1217,0.847961
1225,0.847592
1233,0.847197
1241,0.844896
1249,0.84588
1257,0.846268
1265,0.845903
1273,0.846041
1281,0.84724
1289,0.845684
1297,0.845045
1305,0.846867
1313,0.84624
1321,0.846064
1329,0.846511
1337,0.846852
1345,0.847032
1353,0.846456
1361,0.846276
1369,0.84461
1377,0.845731
1385,0.846762
1393,0.847357
1401,0.84914
1409,0.850155
1417,0.850445
1425,0.85186
1433,0.850915
1441,0.853525
1449,0.856672
1457,0.856304
1465,0.857867
1473,0.860873
1481,0.863001
1489,0.868707
1497,0.880537
1505,0.867594
1513,0.871599
1521,0.874847
1529,0.879032
1537,0.878006
1545,0.873918
1553,0.878092
1561,0.882516
1569,0.876211
1577,0.877935
1585,0.884276
1593,0.878413
1601,0.857562
1609,0.858851
1617,0.867786
1625,0.867621
1633,0.863177
1641,0.868444
1649,0.863201
1657,0.852169
1665,0.854427
1673,0.863209
1681,0.850061
1689,0.837709
1697,0.836071
1705,0.832787
1713,0.846091
1721,0.835421
1729,0.855986
1737,0.8013
1745,0.761737
1753,0.668181
1761,0.620133
1769,0.617974
1777,0.689287
1785,0.684984
1793,0.661354
1801,0.624075
1809,0.632587
1817,0.619588
1825,0.578539
1833,0.540508
1841,0.526691
1849,0.541108
1857,0.510165
1865,0.479646
1873,0.459014
1881,0.502743
1889,0.502528
1897,0.539046
1905,0.581698
1913,0.696948
1921,0.7533
1929,0.672946
1937,0.470543
1945,0.420007
1953,0.363538
1961,0.335123
1969,0.303514
1977,0.229395
1985,0.199139
1993,0.174909
2001,0.167205
2009,0.236159
2017,0.403779
2025,0.544752
2033,0.682602
2041,0.697183
2049,0.476613
2057,0.36808
2065,0.278971
2073,0.273497
2081,0.209198
2089,0.168859
2097,0.16927
2105,0.19203
2113,0.292322
2121,0.542483
2129,0.796613
2137,0.891612
2145,0.885961
2153,0.855927
2161,0.647243
2169,0.646059
2177,0.571431
2185,0.363256
2193,0.267438
2201,0.216624
2209,0.19105
2217,0.165387
2225,0.162573
2233,0.162941
2241,0.165155
2249,0.165951
2257,0.166801
2265,0.169634
2273,0.210425
2281,0.280453
2289,0.303291
2297,0.279528
2305,0.288078
2313,0.276083
2321,0.268508
2329,0.238044
2337,0.191137
2345,0.179208
2353,0.188429
2361,0.197171
2369,0.176896
2377,0.166445
2385,0.174713
2393,0.298087
2401,0.436783
2409,0.431242
2417,0.297824
2425,0.20294
2433,0.16012
2441,0.225598
2449,0.226527
2457,0.187578
2465,0.190874
2473,0.173428
2481,0.176641
2489,0.185521
2497,0.174043
2505,0.169274
2513,0.196819
2521,0.285461
2529,0.356841
2537,0.329813
2545,0.275284
2553,0.235653
2561,0.194605
2569,0.153717
2577,0.144555
2585,0.144586
2593,0.144284
2601,0.144135
2609,0.144539
2617,0.143206
2625,0.145099
2633,0.206929
2641,0.240764
2649,0.360124
2657,0.486527
2665,0.517117
2673,0.483322
2681,0.417083
2689,0.365842
2697,0.378213
2705,0.315192
2713,0.274817
2721,0.265565
2729,0.245732
2737,0.253166
2745,0.276886
2753,0.280511
2761,0.271302
2769,0.26812
2777,0.263872
2785,0.257497
2793,0.247327
2801,0.242374
2809,0.241104
2817,0.240701
2825,0.240564
2833,0.237766
2841,0.238095
2849,0.238542
2857,0.238687
2865,0.238992
2873,0.240207
2881,0.246117
2889,0.266733
2897,0.262634
2905,0.254001
2913,0.252461
2921,0.251532
2929,0.252778
2937,0.252861
2945,0.25504
2953,0.280711
2961,0.41166
2969,0.55815
2977,0.681532
2985,0.757775
2993,0.843262
3001,0.863855
3009,0.87344
3017,0.874444
3025,0.875803
3033,0.882293
3041,0.890879
3049,0.890389
3057,0.889033
3065,0.888575
3073,0.877641
3081,0.873621
3089,0.874824
3097,0.874608
3105,0.873801
3113,0.871336
3121,0.869749
3129,0.870783
3137,0.869126
3145,0.864882
3153,0.860614
3161,0.858639
3169,0.859031
3177,0.858063
3185,0.854709
3193,0.852365
3201,0.850061
3209,0.848599
3217,0.848858
3225,0.848325
3233,0.84682
3241,0.846534
3249,0.844892
3257,0.845558
3265,0.847287
3273,0.845903
3281,0.84713
3289,0.851973
3297,0.851041
3305,0.850312
3313,0.849418
3321,0.850657
3329,0.852005
3337,0.853666
3345,0.852847
3353,0.851319
3361,0.854391
3369,0.854532
3377,0.854094
3385,0.85405
3393,0.853274
3401,0.85157
3409,0.851456
3417,0.854101
3425,0.853854
3433,0.854129
3441,0.860034
3449,0.860477
3457,0.860191
3465,0.861911
3473,0.860928
3481,0.860748
3489,0.860865
3497,0.860164
3505,0.85958
3513,0.86061
3521,0.85996
3529,0.859533
3537,0.859137
3545,0.858588
3553,0.858091
3561,0.858561
3569,0.858639
3577,0.859266
3585,0.859411
3593,0.858761
3601,0.859168
3609,0.859219
3617,0.862068
3625,0.863702
3633,0.863381
3641,0.860798
3649,0.858988
3657,0.859125
3665,0.858929
3673,0.858953
3681,0.861335
3689,0.861002
3697,0.861343
3705,0.861755
3713,0.859995
3721,0.857687
3729,0.856692
3737,0.85599
3745,0.855014
3753,0.854395
3761,0.852581
3769,0.849716
3777,0.853098
3785,0.852695
3793,0.851864
3801,0.852115
3809,0.850696
3817,0.851613
3825,0.859435
3833,0.860603
3841,0.860712
3849,0.859556
3857,0.859254
3865,0.858898
3873,0.860779
3881,0.861817
3889,0.860497
3897,0.859815
3905,0.859834
3913,0.859807
3921,0.859717
3929,0.860109
3937,0.860136
3945,0.860814
3953,0.860642
3961,0.860505
3969,0.860003
3977,0.86157
3985,0.856656
3993,0.861049
4001,0.861167
4009,0.860744
4017,0.86072
4025,0.859713
4033,0.857957
4041,0.860254
4049,0.860465
4057,0.860399
4065,0.860548
4073,0.860383
4081,0.860109
4089,0.860175
4097,0.862123
4105,0.860834
4113,0.859729
4121,0.859658
4129,0.859447
4137,0.857824
4145,0.858753
4153,0.85842
4161,0.855395
4169,0.852604
4177,0.849336
4185,0.855822
4193,0.865015
4201,0.872641
4209,0.863338
4217,0.862973
4225,0.876744
4233,0.892654
4241,0.898795
4249,0.896341
4257,0.879812
4265,0.87431
4273,0.882743
4281,0.89131
4289,0.910904
4297,0.903752
4305,0.891952
4313,0.891169
4321,0.872273
4329,0.863299
4337,0.858792
4345,0.836831
4353,0.823304
4361,0.824762
4369,0.843403
4377,0.860352
4385,0.861053
4393,0.865803
4401,0.853161
4409,0.799647
4417,0.79505
4425,0.847941
4433,0.826631
4441,0.806136
4449,0.79088
4457,0.755067
4465,0.730144
4473,0.735465
4481,0.736484
4489,0.733549
4497,0.764707
4505,0.815764
4513,0.874898
4521,0.904688
4529,0.898124
4537,0.896729
4545,0.902788
4553,0.871826
4561,0.843576
4569,0.841691
4577,0.837976
4585,0.809365
4593,0.822798
4601,0.839308
4609,0.80949
4617,0.8341
4625,0.820945
4633,0.785508
4641,0.779312
4649,0.802119
4657,0.818989
4665,0.845194
4673,0.828653
4681,0.763931
4689,0.6933
4697,0.685976
4705,0.712792
4713,0.754479
4721,0.814499
4729,0.827231
4737,0.84778
4745,0.860975
4753,0.691987
4761,0.457548
4769,0.371124
4777,0.316795
4785,0.282055
4793,0.219822
4801,0.188256
4809,0.187966
4817,0.172585
4825,0.157667
4833,0.157498
4841,0.156228
4849,0.155872
4857,0.156013
4865,0.156205
4873,0.156221
4881,0.155684
4889,0.153685
4897,0.153356
4905,0.153521
4913,0.154261
4921,0.198037
4929,0.26573
4937,0.343583
4945,0.470958
4953,0.454147
4961,0.340468
4969,0.248103
4977,0.299117
4985,0.311074
4993,0.275005
5001,0.245051
5009,0.237727
5017,0.214849
5025,0.202317
5033,0.19667
5041,0.177225
5049,0.182288
5057,0.235693
5065,0.364521
5073,0.451145
5081,0.548592
5089,0.498977
5097,0.330804
5105,0.245439
5113,0.198147
5121,0.203418
5129,0.143206
5137,0.131305
5145,0.132011
5153,0.132422
5161,0.132414
5169,0.132853
5177,0.13312
5185,0.132199
5193,0.132512
5201,0.132806
5209,0.133163
5217,0.133269
5225,0.132559
5233,0.132818
5241,0.132861
5249,0.131004
5257,0.131274
5265,0.190086
5273,0.273293
5281,0.308734
5289,0.296512
5297,0.346977
5305,0.473415
5313,0.555423
5321,0.616794
5329,0.611951
5337,0.581506
5345,0.539336
5353,0.558573
5361,0.576071
5369,0.504013
5377,0.492351
5385,0.463328
5393,0.441572
5401,0.460421
5409,0.486817
5417,0.502093
5425,0.523042
5433,0.54436
5441,0.557805
5449,0.574934
5457,0.594026
5465,0.61219
5473,0.641325
5481,0.645189
5489,0.650178
5497,0.675669
5505,0.743021
5513,0.792726
5521,0.824433
5529,0.823884
5537,0.827501
5545,0.831745
5553,0.831788
5561,0.83042
5569,0.829331
5577,0.817892
5585,0.816564
5593,0.821509
5601,0.821948
5609,0.819785
5617,0.816407
5625,0.81
5633,0.808793
5641,0.811528
5649,0.815408
5657,0.808323
5665,0.808758
5673,0.805137
5681,0.806355
5689,0.805203
5697,0.81047
5705,0.805587
5713,0.805129
5721,0.809036
2,0.256051
10,0.260248
18,0.310858
26,0.329331
34,0.321721
42,0.325777
50,0.305117
58,0.29965
66,0.29699
74,0.295986
82,0.300599
90,0.337513
98,0.384965
106,0.40896
114,0.400668
122,0.391212
130,0.418161
138,0.432794
146,0.420371
154,0.408129
162,0.387477
170,0.370156
178,0.364028
186,0.359823
194,0.353843
202,0.350167
210,0.349258
218,0.349634
226,0.349873
234,0.349587
242,0.348321
250,0.349168
258,0.349783
266,0.347353
274,0.342435
282,0.341926
290,0.345958
298,0.337976
306,0.336393
314,0.337553
322,0.340644
330,0.341557
338,0.34249
346,0.352659
354,0.368138
362,0.378225
370,0.368601
378,0.36487
386,0.363283
394,0.381062
402,0.392595
410,0.409128
418,0.430019
426,0.455844
434,0.495897
442,0.525017
450,0.54833
458,0.564428
466,0.5789
474,0.597146
482,0.601515
490,0.602824
498,0.603126
506,0.601636
514,0.60282
522,0.650766
530,0.685917
538,0.692175
546,0.709292
554,0.704766
562,0.699723
570,0.695322
578,0.694162
586,0.691971
594,0.698484
602,0.73657
610,0.756293
618,0.764441
626,0.783309
634,0.798059
642,0.806669
650,0.817379
658,0.825522
666,0.822336
674,0.818421
682,0.817669
690,0.810619
698,0.81368
706,0.819871
714,0.827093
722,0.838219
730,0.838983
738,0.838971
746,0.840155
754,0.840084
762,0.840883
770,0.846585
778,0.846397
786,0.845441
794,0.84461
802,0.841354
810,0.840821
818,0.843489
826,0.846562
834,0.848568
842,0.84925
850,0.8507
858,0.850763
866,0.850324
874,0.848423
882,0.849383
890,0.850379
898,0.850951
906,0.85215
914,0.852738
922,0.851593
930,0.850394
938,0.849724
946,0.848768
954,0.848925
962,0.850049
970,0.850335
978,0.848599
986,0.848936
994,0.848948
1002,0.849497
1010,0.849583
1018,0.847114
1026,0.846773
1034,0.846812
1042,0.84791
1050,0.847643
1058,0.847929
1066,0.846961
1074,0.847326
1082,0.84731
1090,0.846491
1098,0.846448
1106,0.846001
1114,0.846758
1122,0.847342
1130,0.845378
1138,0.845594
1146,0.845186
1154,0.847153
1162,0.844971
1170,0.846236
1178,0.847984
1186,0.846875
1194,0.847204
1202,0.84666
1210,0.846609
1218,0.848235
1226,0.847655
1234,0.847146
1242,0.844747
1250,0.845406
1258,0.846174
1266,0.845899
1274,0.845864
1282,0.847412
1290,0.845598
1298,0.845308
1306,0.846695
1314,0.845841
1322,0.846346
1330,0.846828
1338,0.846636
1346,0.847157
1354,0.846276
1362,0.845778
1370,0.844183
1378,0.846029
1386,0.846413
1394,0.847573
1402,0.849156
1410,0.850281
1418,0.850817
1426,0.851809
1434,0.851554
1442,0.853114
1450,0.856743
1458,0.856817
1466,0.858106
1474,0.861817
1482,0.86489
1490,0.869071
1498,0.878229
1506,0.867425
1514,0.872343
1522,0.871602
1530,0.87788
1538,0.875635
1546,0.87549
1554,0.879706
1562,0.880714
1570,0.877688
1578,0.877183
1586,0.885871
1594,0.872582
1602,0.857522
1610,0.858874
1618,0.865121
1626,0.866892
1634,0.862335
1642,0.868585
1650,0.860199
1658,0.850418
1666,0.856468
1674,0.864478
1682,0.845982
1690,0.836608
1698,0.837451
1706,0.835969
1714,0.839312
1722,0.833571
1730,0.858255
1738,0.798875
1746,0.760682
1754,0.662871
1762,0.612907
1770,0.625263
1778,0.694758
1786,0.685384
1794,0.652216
1802,0.624334
1810,0.631826
1818,0.614251
1826,0.573923
1834,0.532886
1842,0.529469
1850,0.541809
1858,0.508116
1866,0.466299
1874,0.462259
1882,0.513966
1890,0.508696
1898,0.526616
1906,0.617966
1914,0.705906
1922,0.752747
1930,0.65249
1938,0.457854
1946,0.417891
1954,0.359278
1962,0.330989
1970,0.299584
1978,0.22338
1986,0.176069
1994,0.174744
2002,0.172824
2010,0.25531
2018,0.429278
2026,0.5766
2034,0.683029
2042,0.660566
2050,0.455757
2058,0.350727
2066,0.275527
2074,0.267321
2082,0.197559
2090,0.168592
2098,0.169176
2106,0.198809
2114,0.299948
2122,0.566681
2130,0.812955
2138,0.892172
2146,0.884836
2154,0.814538
2162,0.649418
2170,0.645856
2178,0.549897
2186,0.317375
2194,0.257571
2202,0.208269
2210,0.189405
2218,0.163039
2226,0.162557
2234,0.162965
2242,0.164662
2250,0.165861
2258,0.16762
2266,0.171124
2274,0.219371
2282,0.28289
2290,0.303232
2298,0.272713
2306,0.290504
2314,0.276522
2322,0.264562
2330,0.234364
2338,0.187915
2346,0.178099
2354,0.192986
2362,0.192524
2370,0.175066
2378,0.165645
2386,0.181771
2394,0.318594
2402,0.438558
2410,0.38948
2418,0.293173
2426,0.198022
2434,0.166405
2442,0.234196
2450,0.223983
2458,0.193621
2466,0.188585
2474,0.171688
2482,0.183185
2490,0.180811
2498,0.173248
2506,0.168808
2514,0.210264
2522,0.290198
2530,0.355489
2538,0.327583
2546,0.263622
2554,0.235183
2562,0.18835
2570,0.151487
2578,0.144417
2586,0.14372
2594,0.144268
2602,0.144186
2610,0.144429
2618,0.143242
2626,0.152212
2634,0.214077
2642,0.246293
2650,0.372543
2658,0.503895
2666,0.513304
2674,0.475625
2682,0.404065
2690,0.373295
2698,0.370537
2706,0.306046
2714,0.275139
2722,0.259487
2730,0.248848
2738,0.255345
2746,0.277345
2754,0.276792
2762,0.271385
2770,0.266937
2778,0.262705
2786,0.252853
2794,0.246438
2802,0.240916
2810,0.240885
2818,0.240936
2826,0.240289
2834,0.237907
2842,0.238483
2850,0.238408
2858,0.239016
2866,0.23922
2874,0.239992
2882,0.248867
2890,0.267544
2898,0.261039
2906,0.254119
2914,0.252786
2922,0.252159
2930,0.253433
2938,0.252782
2946,0.256521
2954,0.281526
2962,0.41869
2970,0.57024
2978,0.686277
2986,0.804784
2994,0.845221
3002,0.866293
3010,0.870548
3018,0.875227
3026,0.87665
3034,0.881674
3042,0.891216
3050,0.88966
3058,0.887936
3066,0.886372
3074,0.877402
3082,0.873664
3090,0.87384
3098,0.87451
3106,0.873926
3114,0.871979
3122,0.869134
3130,0.871015
3138,0.868248
3146,0.864063
3154,0.859901
3162,0.858839
3170,0.859012
3178,0.857906
3186,0.855253
3194,0.851778
3202,0.85023
3210,0.848807
3218,0.848823
3226,0.848008
3234,0.846734
3242,0.846107
3250,0.845124
3258,0.845558
3266,0.847181
3274,0.845825
3282,0.847698
3290,0.85186
3298,0.850817
3306,0.850277
3314,0.849172
3322,0.850735
3330,0.852397
3338,0.853729
3346,0.852189
3354,0.852122
3362,0.854141
3370,0.854148
3378,0.854054
3386,0.853588
3394,0.85313
3402,0.851586
3410,0.851288
3418,0.85387
3426,0.8536
3434,0.854168
3442,0.860348
3450,0.86036
3458,0.860246
3466,0.861755
3474,0.860885
3482,0.860418
3490,0.860473
3498,0.86014
3506,0.859819
3514,0.860501
3522,0.859748
3530,0.859548
3538,0.859192
3546,0.858733
3554,0.858134
3562,0.858443
3570,0.859905
3578,0.859352
3586,0.858863
3594,0.858839
3602,0.859141
3610,0.859337
3618,0.862229
3626,0.863675
3634,0.863107
3642,0.860164
3650,0.858569
3658,0.859047
3666,0.859235
3674,0.858874
3682,0.861378
3690,0.860908
3698,0.860081
3706,0.861531
3714,0.859717
3722,0.857409
3730,0.856735
3738,0.856174
3746,0.854869
3754,0.853996
3762,0.851707
3770,0.851221
3778,0.853204
3786,0.852503
3794,0.851613
3802,0.851648
3810,0.85019
3818,0.851758
3826,0.859462
3834,0.860704
3842,0.860622
3850,0.859654
3858,0.858737
3866,0.858945
3874,0.860967
3882,0.861904
3890,0.860485
3898,0.860481
3906,0.860951
3914,0.859815
3922,0.859979
3930,0.859948
3938,0.860297
3946,0.860877
3954,0.860657
3962,0.859686
3970,0.861535
3978,0.861547
3986,0.855485
3994,0.861069
4002,0.86112
4010,0.860865
4018,0.86052
4026,0.860407
4034,0.8586
4042,0.859881
4050,0.860587
4058,0.860528
4066,0.860661
4074,0.859983
4082,0.86032
4090,0.860352
4098,0.862068
4106,0.860587
4114,0.85911
4122,0.859611
4130,0.859372
4138,0.857769
4146,0.857946
4154,0.857663
4162,0.854564
4170,0.852565
4178,0.8501
4186,0.857965
4194,0.864466
4202,0.87203
4210,0.862879
4218,0.863836
4226,0.878825
4234,0.895903
4242,0.897701
4250,0.892909
4258,0.877249
4266,0.874208
4274,0.885055
4282,0.895115
4290,0.913149
4298,0.901839
4306,0.888253
4314,0.891776
4322,0.872108
4330,0.865916
4338,0.855833
4346,0.832732
4354,0.823868
4362,0.825612
4370,0.846805
4378,0.860701
4386,0.860023
4394,0.85416
4402,0.84936
4410,0.794262
4418,0.804028
4426,0.843274
4434,0.827897
4442,0.8044
4450,0.790763
4458,0.751372
4466,0.726621
4474,0.738475
4482,0.735258
4490,0.738604
4498,0.771428
4506,0.821262
4514,0.876274
4522,0.903423
4530,0.900448
4538,0.898701
4546,0.899045
4554,0.869392
4562,0.842306
4570,0.849332
4578,0.833116
4586,0.807449
4594,0.826588
4602,0.836835
4610,0.811802
4618,0.833548
4626,0.817912
4634,0.777114
4642,0.780037
4650,0.800901
4658,0.825216
4666,0.847189
4674,0.82696
4682,0.755474
4690,0.687284
4698,0.685313
4706,0.714316
4714,0.777988
4722,0.812057
4730,0.828277
4738,0.856629
4746,0.839669
4754,0.633578
4762,0.439181
4770,0.349509
4778,0.310768
4786,0.272705
4794,0.216471
4802,0.187147
4810,0.186493
4818,0.171958
4826,0.157588
4834,0.155989
4842,0.156103
4850,0.15577
4858,0.156185
4866,0.155899
4874,0.156083
4882,0.155707
4890,0.153854
4898,0.153262
4906,0.15343
4914,0.154285
4922,0.205804
4930,0.267301
4938,0.354278
4946,0.473157
4954,0.44504
4962,0.328289
4970,0.246892
4978,0.308844
4986,0.309643
4994,0.27249
5002,0.239917
5010,0.236198
5018,0.212815
5026,0.206592
5034,0.183789
5042,0.174788
5050,0.188362
5058,0.245341
5066,0.371975
5074,0.470515
5082,0.557402
5090,0.482252
5098,0.323947
5106,0.225277
5114,0.200612
5122,0.193464
5130,0.137626
5138,0.131587
5146,0.132018
5154,0.13261
5162,0.132406
5170,0.132771
5178,0.133108
5186,0.132359
5194,0.132438
5202,0.132837
5210,0.133155
5218,0.13321
5226,0.132692
5234,0.132888
5242,0.132869
5250,0.131047
5258,0.135808
5266,0.200283
5274,0.278144
5282,0.308859
5290,0.298044
5298,0.353858
5306,0.487648
5314,0.566007
5322,0.617041
5330,0.607566
5338,0.580542
5346,0.542887
5354,0.563903
5362,0.57569
5370,0.490125
5378,0.490999
5386,0.458548
5394,0.440463
5402,0.462929
5410,0.490391
5418,0.503695
5426,0.528407
5434,0.546037
5442,0.558938
5450,0.580452
5458,0.593799
5466,0.614917
5474,0.641898
5482,0.646784
5490,0.650366
5498,0.678479
5506,0.749279
5514,0.794145
5522,0.82149
5530,0.824719
5538,0.827219
5546,0.831463
5554,0.831749
5562,0.830456
5570,0.824405
5578,0.816615
5586,0.81674
5594,0.822438
5602,0.821576
5610,0.819867
5618,0.815353
5626,0.809502
5634,0.80866
5642,0.812308
5650,0.815396
5658,0.807531
5666,0.808769
5674,0.804945
5682,0.806304
5690,0.805239
5698,0.810646
5706,0.805282
5714,0.805011
5722,0.808907
3,0.253343
11,0.269457
19,0.317391
27,0.329386
35,0.322994
43,0.323273
51,0.304721
59,0.299713
67,0.296845
75,0.296453
83,0.30351
91,0.344955
99,0.390773
107,0.409262
115,0.398846
123,0.393473
131,0.422574
139,0.433989
147,0.421065
155,0.403599
163,0.385624
171,0.370505
179,0.363632
187,0.358365
195,0.350418
203,0.350151
211,0.349818
219,0.34961
227,0.350335
235,0.349947
243,0.347753
251,0.349219
259,0.349501
267,0.34731
275,0.342043
283,0.343446
291,0.345374
299,0.337094
307,0.336628
315,0.337815
323,0.340648
331,0.34171
339,0.342553
347,0.355308
355,0.369647
363,0.378519
371,0.368859
379,0.363973
387,0.362958
395,0.378217
403,0.394903
411,0.410829
419,0.432825
427,0.461569
435,0.497566
443,0.527466
451,0.552143
459,0.565208
467,0.579758
475,0.5976
483,0.601456
491,0.603196
499,0.603271
507,0.600586
515,0.60483
523,0.656808
531,0.688272
539,0.692622
547,0.708716
555,0.703767
563,0.699871
571,0.69558
579,0.693672
587,0.692246
595,0.717373
603,0.737201
611,0.757704
619,0.763594
627,0.785292
635,0.797942
643,0.806387
651,0.817735
659,0.823504
667,0.821568
675,0.817344
683,0.816575
691,0.809091
699,0.81297
707,0.819358
715,0.827411
723,0.838336
731,0.839116
739,0.838646
747,0.840088
755,0.840084
763,0.841303
771,0.846601
779,0.846593
787,0.845406
795,0.84289
803,0.841628
811,0.839645
819,0.843732
827,0.847028
835,0.848505
843,0.84925
851,0.850915
859,0.850598
867,0.850402
875,0.848537
883,0.849324
891,0.850285
899,0.851013
907,0.852193
915,0.852753
923,0.851738
931,0.850312
939,0.849638
947,0.848756
955,0.850265
963,0.850034
971,0.850049
979,0.848427
987,0.848854
995,0.848948
1003,0.849775
1011,0.84715
1019,0.84762
1027,0.84673
1035,0.846856
1043,0.848008
1051,0.847863
1059,0.848227
1067,0.847032
1075,0.847651
1083,0.847232
1091,0.846668
1099,0.846652
1107,0.845907
1115,0.846722
1123,0.847247
1131,0.844986
1139,0.845347
1147,0.844802
1155,0.846973
1163,0.844869
1171,0.846648
1179,0.847494
1187,0.846926
1195,0.847106
1203,0.846852
1211,0.849207
1219,0.848184
1227,0.84789
1235,0.846695
1243,0.844947
1251,0.845911
1259,0.846013
1267,0.845876
1275,0.846452
1283,0.847537
1291,0.845672
1299,0.845762
1307,0.846887
1315,0.845555
1323,0.846601
1331,0.846726
1339,0.847083
1347,0.847173
1355,0.846005
1363,0.845982
1371,0.844963
1379,0.845962
1387,0.846272
1395,0.847918
1403,0.849183
1411,0.850026
1419,0.850516
1427,0.85175
1435,0.851064
1443,0.853498
1451,0.85668
1459,0.856527
1467,0.858929
1475,0.861762
1483,0.866132
1491,0.871548
1499,0.876701
1507,0.867476
1515,0.874381
1523,0.872527
1531,0.878253
1539,0.875
1547,0.876352
1555,0.880255
1563,0.879103
1571,0.877414
1579,0.876795
1587,0.883304
1595,0.872382
1603,0.858788
1611,0.863565
1619,0.865262
1627,0.867021
1635,0.861218
1643,0.866747
1651,0.861665
1659,0.848729
1667,0.856284
1675,0.863593
1683,0.842196
1691,0.836902
1699,0.837776
1707,0.84039
1715,0.838446
1723,0.836851
1731,0.856723
1739,0.795363
1747,0.766702
1755,0.653658
1763,0.610313
1771,0.63098
1779,0.69966
1787,0.687672
1795,0.643038
1803,0.62451
1811,0.619616
1819,0.606359
1827,0.566082
1835,0.528826
1843,0.52805
1851,0.541997
1859,0.503793
1867,0.458356
1875,0.469649
1883,0.502704
1891,0.517689
1899,0.523783
1907,0.629867
1915,0.713952
1923,0.754369
1931,0.64321
1939,0.44426
1947,0.403779
1955,0.360606
1963,0.328912
1971,0.290982
1979,0.220515
1987,0.174995
1995,0.174247
2003,0.17688
2011,0.267952
2019,0.4572
2027,0.593493
2035,0.680822
2043,0.641737
2051,0.445063
2059,0.334637
2067,0.271651
2075,0.264593
2083,0.188562
2091,0.168055
2099,0.169313
2107,0.207294
2115,0.340315
2123,0.611884
2131,0.827552
2139,0.893293
2147,0.88406
2155,0.784528
2163,0.649308
2171,0.644319
2179,0.523246
2187,0.308123
2195,0.253186
2203,0.202854
2211,0.17786
2219,0.162945
2227,0.162886
2235,0.1634
2243,0.164172
2251,0.166429
2259,0.168843
2267,0.171743
2275,0.229638
2283,0.288831
2291,0.303075
2299,0.268833
2307,0.289791
2315,0.27814
2323,0.257305
2331,0.228043
2339,0.184408
2347,0.176673
2355,0.197313
2363,0.188985
2371,0.170971
2379,0.163604
2387,0.188977
2395,0.36322
2403,0.442179
2411,0.361343
2419,0.268924
2427,0.190564
2435,0.170066
2443,0.239909
2451,0.216228
2459,0.19433
2467,0.185991
2475,0.169301
2483,0.187602
2491,0.180066
2499,0.171022
2507,0.168596
2515,0.224897
2523,0.313103
2531,0.357714
2539,0.318229
2547,0.244298
2555,0.235375
2563,0.180944
2571,0.148618
2579,0.144602
2587,0.143673
2595,0.144319
2603,0.144351
2611,0.143038
2619,0.143328
2627,0.156883
2635,0.217651
2643,0.26042
2651,0.379115
2659,0.512763
2667,0.508943
2675,0.482942
2683,0.39486
2691,0.375263
2699,0.366202
2707,0.295975
2715,0.275699
2723,0.2558
2731,0.251971
2739,0.260059
2747,0.27767
2755,0.278991
2763,0.27075
2771,0.267289
2779,0.262015
2787,0.251979
2795,0.24632
2803,0.240834
2811,0.239396
2819,0.240466
2827,0.239631
2835,0.237358
2843,0.238459
2851,0.23889
2859,0.239361
2867,0.239267
2875,0.23967
2883,0.254605
2891,0.268528
2899,0.259248
2907,0.254048
2915,0.252684
2923,0.25268
2931,0.255678
2939,0.252426
2947,0.259671
2955,0.289395
2963,0.421903
2971,0.586393
2979,0.692708
2987,0.807304
2995,0.848176
3003,0.868855
3011,0.880173
3019,0.874882
3027,0.878029
3035,0.881968
3043,0.890197
3051,0.889746
3059,0.887191
3067,0.88308
3075,0.876027
3083,0.87241
3091,0.875141
3099,0.873864
3107,0.873154
3115,0.870905
3123,0.868518
3131,0.870925
3139,0.86719
3147,0.864478
3155,0.859772
3163,0.859086
3171,0.85898
3179,0.857867
3187,0.855508
3195,0.851633
3203,0.850038
3211,0.849971
3219,0.8484
3227,0.848086
3235,0.846287
3243,0.845931
3251,0.844873
3259,0.845147
3267,0.847118
3275,0.845758
3283,0.847706
3291,0.851668
3299,0.850567
3307,0.849853
3315,0.84954
3323,0.850649
3331,0.852354
3339,0.853423
3347,0.851993
3355,0.852377
3363,0.854125
3371,0.853976
3379,0.853901
3387,0.853474
3395,0.852695
3403,0.85168
3411,0.854431
3419,0.853898
3427,0.853612
3435,0.854231
3443,0.860207
3451,0.86043
3459,0.860262
3467,0.861465
3475,0.860697
3483,0.860414
3491,0.860657
3499,0.859881
3507,0.859725
3515,0.860038
3523,0.859646
3531,0.859474
3539,0.859168
3547,0.858835
3555,0.858149
3563,0.858157
3571,0.859568
3579,0.859356
3587,0.858733
3595,0.859074
3603,0.859192
3611,0.859478
3619,0.862315
3627,0.864212
3635,0.862844
3643,0.860003
3651,0.858302
3659,0.859078
3667,0.859117
3675,0.858596
3683,0.861429
3691,0.860967
3699,0.860552
3707,0.861437
3715,0.859305
3723,0.85706
3731,0.856672
3739,0.855861
3747,0.85496
3755,0.853553
3763,0.851656
3771,0.852009
3779,0.853145
3787,0.852299
3795,0.853486
3803,0.851589
3811,0.850896
3819,0.852032
3827,0.859419
3835,0.860559
3843,0.860791
3851,0.859721
3859,0.858675
3867,0.858725
3875,0.861128
3883,0.860932
3891,0.860269
3899,0.859854
3907,0.860144
3915,0.859321
3923,0.860011
3931,0.860081
3939,0.86016
3947,0.860791
3955,0.860693
3963,0.859266
3971,0.86159
3979,0.861751
3987,0.857138
3995,0.861465
4003,0.860959
4011,0.860791
4019,0.860591
4027,0.860516
4035,0.859231
4043,0.859525
4051,0.860712
4059,0.860074
4067,0.86083
4075,0.860595
4083,0.860387
4091,0.860313
4099,0.861594
4107,0.860614
4115,0.858498
4123,0.859717
4131,0.858843
4139,0.858083
4147,0.858506
4155,0.857538
4163,0.854101
4171,0.851053
4179,0.849293
4187,0.857765
4195,0.866826
4203,0.870944
4211,0.862346
4219,0.866692
4227,0.879667
4235,0.896008
4243,0.899661
4251,0.889715
4259,0.87739
4267,0.876015
4275,0.886748
4283,0.897686
4291,0.913506
4299,0.900127
4307,0.887007
4315,0.891772
4323,0.869145
4331,0.868083
4339,0.851778
4347,0.831165
4355,0.823163
4363,0.829029
4371,0.84662
4379,0.854156
4387,0.862621
4395,0.855332
4403,0.845939
4411,0.78262
4419,0.80623
4427,0.842071
4435,0.828104
4443,0.802441
4451,0.787087
4459,0.741637
4467,0.72849
4475,0.74065
4483,0.726907
4491,0.742672
4499,0.77845
4507,0.841655
4515,0.879052
4523,0.900821
4531,0.900648
4539,0.898932
4547,0.893183
4555,0.865897
4563,0.840848
4571,0.848576
4579,0.82506
4587,0.807739
4595,0.835675
4603,0.828637
4611,0.81453
4619,0.833171
4627,0.813687
4635,0.775723
4643,0.782404
4651,0.805297
4659,0.827728
4667,0.848576
4675,0.819291
4683,0.750082
4691,0.685004
4699,0.689424
4707,0.718333
4715,0.782894
4723,0.809545
4731,0.82522
4739,0.857448
4747,0.822164
4755,0.618162
4763,0.426625
4771,0.343744
4779,0.30826
4787,0.265181
4795,0.207866
4803,0.186959
4811,0.184596
4819,0.170947
4827,0.157627
4835,0.155911
4843,0.156209
4851,0.155985
4859,0.156342
4867,0.156056
4875,0.156181
4883,0.155605
4891,0.153873
4899,0.153372
4907,0.153454
4915,0.154218
4923,0.221095
4931,0.267693
4939,0.400092
4947,0.47918
4955,0.441858
4963,0.318296
4971,0.251172
4979,0.311132
4987,0.305125
4995,0.263982
5003,0.242327
5011,0.232464
5019,0.207948
5027,0.209233
5035,0.183338
5043,0.172867
5051,0.192085
5059,0.270871
5067,0.380815
5075,0.479434
5083,0.562096
5091,0.460037
5099,0.319953
5107,0.217216
5115,0.20379
5123,0.189017
5131,0.132387
5139,0.131536
5147,0.132069
5155,0.132528
5163,0.132406
5171,0.132896
5179,0.133057
5187,0.132469
5195,0.132324
5203,0.132814
5211,0.133022
5219,0.133159
5227,0.132736
5235,0.132873
5243,0.132888
5251,0.130784
5259,0.14042
5267,0.215119
5275,0.286836
5283,0.30775
5291,0.30074
5299,0.373358
5307,0.496732
5315,0.573273
5323,0.619032
5331,0.606762
5339,0.574903
5347,0.549533
5355,0.564412
5363,0.541284
5371,0.493934
5379,0.490391
5387,0.455319
5395,0.437629
5403,0.465143
5411,0.492229
5419,0.508033
5427,0.528838
5435,0.547542
5443,0.562245
5451,0.58274
5459,0.594469
5467,0.617143
5475,0.64238
5483,0.648364
5491,0.650695
5499,0.686669
5507,0.766047
5515,0.797299
5523,0.820385
5531,0.825318
5539,0.82589
5547,0.831878
5555,0.831396
5563,0.830585
5571,0.823449
5579,0.816995
5587,0.817986
5595,0.823672
5603,0.82089
5611,0.819189
5619,0.814275
5627,0.809169
5635,0.809267
5643,0.813299
5651,0.815361
5659,0.807993
5667,0.808648
5675,0.805039
5683,0.806124
5691,0.805325
5699,0.810768
5707,0.805062
5715,0.805446
4,0.249506
12,0.274006
20,0.316532
28,0.325687
36,0.323331
44,0.322136
52,0.302648
60,0.29978
68,0.296006
76,0.298204
84,0.304898
92,0.350712
100,0.395648
108,0.408509
116,0.398019
124,0.399237
132,0.423663
140,0.432112
148,0.419341
156,0.400613
164,0.383414
172,0.369443
180,0.362515
188,0.357095
196,0.350457
204,0.350237
212,0.349634
220,0.349877
228,0.350096
236,0.350077
244,0.348098
252,0.34916
260,0.349654
268,0.347134
276,0.341381
284,0.344532
292,0.345135
300,0.336918
308,0.336706
316,0.337929
324,0.340974
332,0.342204
340,0.34296
348,0.356762
356,0.3717
364,0.378503
372,0.369157
380,0.363154
388,0.36556
396,0.38004
404,0.396063
412,0.412941
420,0.431747
428,0.46673
436,0.502179
444,0.528756
452,0.553671
460,0.567136
468,0.580577
476,0.597632
484,0.602216
492,0.603059
500,0.603231
508,0.600586
516,0.60639
524,0.665908
532,0.689502
540,0.693041
548,0.707156
556,0.702231
564,0.699887
572,0.694272
580,0.693523
588,0.692869
596,0.721617
604,0.738463
612,0.759217
620,0.784892
628,0.784093
636,0.800199
644,0.806207
652,0.817877
660,0.823492
668,0.820847
676,0.818409
684,0.81672
692,0.81027
700,0.811125
708,0.82207
716,0.827795
724,0.838176
732,0.839269
740,0.838712
748,0.83981
756,0.840413
764,0.841389
772,0.846495
780,0.846483
788,0.845609
796,0.842553
804,0.841628
812,0.839868
820,0.8455
828,0.847526
836,0.848776
844,0.849779
852,0.85097
860,0.850308
868,0.850437
876,0.848498
884,0.849352
892,0.850347
900,0.850888
908,0.852177
916,0.852824
924,0.851738
932,0.850414
940,0.849395
948,0.848788
956,0.849712
964,0.850065
972,0.850053
980,0.84702
988,0.848956
996,0.848776
1004,0.849779
1012,0.84693
1020,0.847906
1028,0.846495
1036,0.848454
1044,0.84807
1052,0.847824
1060,0.848302
1068,0.847044
1076,0.84762
1084,0.847334
1092,0.846652
1100,0.846656
1108,0.845974
1116,0.846566
1124,0.847369
1132,0.844967
1140,0.845472
1148,0.845108
1156,0.846887
1164,0.844214
1172,0.847357
1180,0.847169
1188,0.847106
1196,0.846946
1204,0.846852
1212,0.849003
1220,0.848078
1228,0.84769
1236,0.845523
1244,0.845045
1252,0.845778
1260,0.846142
1268,0.845602
1276,0.846538
1284,0.847436
1292,0.845613
1300,0.846056
1308,0.846997
1316,0.845504
1324,0.846848
1332,0.846836
1340,0.847392
1348,0.846938
1356,0.846299
1364,0.846052
1372,0.845954
1380,0.845935
1388,0.846656
1396,0.848631
1404,0.849802
1412,0.850269
1420,0.850669
1428,0.852173
1436,0.853082
1444,0.854423
1452,0.856484
1460,0.856547
1468,0.85947
1476,0.863005
1484,0.866434
1492,0.87279
1500,0.875643
1508,0.866645
1516,0.873448
1524,0.873934
1532,0.877919
1540,0.874169
1548,0.87567
1556,0.880663
1564,0.875545
1572,0.877669
1580,0.879111
1588,0.883386
1596,0.868381
1604,0.858757
1612,0.862676
1620,0.862813
1628,0.866665
1636,0.862566
1644,0.867213
1652,0.860183
1660,0.850288
1668,0.857319
1676,0.86266
1684,0.840511
1692,0.840241
1700,0.833293
1708,0.843395
1716,0.835687
1724,0.83615
1732,0.850641
1740,0.789999
1748,0.717855
1756,0.648697
1764,0.598278
1772,0.643669
1780,0.705585
1788,0.68844
1796,0.638241
1804,0.626419
1812,0.623064
1820,0.602875
1828,0.555011
1836,0.511023
1844,0.527635
1852,0.540124
1860,0.497613
1868,0.454876
1876,0.477992
1884,0.492037
1892,0.519351
1900,0.526886
1908,0.652749
1916,0.717514
1924,0.754832
1932,0.624212
1940,0.433244
1948,0.392744
1956,0.356613
1964,0.327219
1972,0.27912
1980,0.216028
1988,0.175806
1996,0.174866
2004,0.183714
2012,0.273924
2020,0.469289
2028,0.62308
2036,0.691184
2044,0.580946
2052,0.433397
2060,0.325718
2068,0.271283
2076,0.258884
2084,0.184679
2092,0.168114
2100,0.171088
2108,0.211075
2116,0.359803
2124,0.656358
2132,0.838861
2140,0.892775
2148,0.886407
2156,0.777188
2164,0.649641
2172,0.637603
2180,0.486167
2188,0.301524
2196,0.245427
2204,0.199781
2212,0.17324
2220,0.163447
2228,0.162812
2236,0.163004
2244,0.163674
2252,0.16626
2260,0.168984
2268,0.174933
2276,0.234944
2284,0.294082
2292,0.302358
2300,0.270926
2308,0.28943
2316,0.272447
2324,0.256
2332,0.220261
2340,0.182895
2348,0.175368
2356,0.201537
2364,0.185325
2372,0.170046
2380,0.162169
2388,0.200773
2396,0.372543
2404,0.438343
2412,0.358678
2420,0.260557
2428,0.1827
2436,0.177817
2444,0.24221
2452,0.206306
2460,0.197171
2468,0.185525
2476,0.166535
2484,0.192739
2492,0.179047
2500,0.169791
2508,0.169685
2516,0.231982
2524,0.325835
2532,0.35559
2540,0.315506
2548,0.237464
2556,0.237037
2564,0.177809
2572,0.146588
2580,0.144617
2588,0.144029
2596,0.144339
2604,0.144265
2612,0.143007
2620,0.143289
2628,0.167005
2636,0.217318
2644,0.274249
2652,0.415978
2660,0.51194
2668,0.503515
2676,0.459292
2684,0.392188
2692,0.378938
2700,0.354325
2708,0.291162
2716,0.275535
2724,0.251642
2732,0.254463
2740,0.265883
2748,0.276232
2756,0.279261
2764,0.270287
2772,0.266721
2780,0.261819
2788,0.250204
2796,0.244616
2804,0.240019
2812,0.239635
2820,0.240352
2828,0.239615
2836,0.237777
2844,0.238471
2852,0.238949
2860,0.239588
2868,0.239792
2876,0.239823
2884,0.258492
2892,0.267572
2900,0.259272
2908,0.254401
2916,0.252673
2924,0.252473
2932,0.256744
2940,0.25317
2948,0.261008
2956,0.297115
2964,0.451948
2972,0.596613
2980,0.696262
2988,0.808652
2996,0.848701
3004,0.870486
3012,0.876744
3020,0.875263
3028,0.879154
3036,0.88919
3044,0.889848
3052,0.888931
3060,0.887093
3068,0.881
3076,0.875376
3084,0.873613
3092,0.875631
3100,0.874177
3108,0.872504
3116,0.86951
3124,0.868464
3132,0.870791
3140,0.866101
3148,0.864125
3156,0.859407
3164,0.858914
3172,0.859043
3180,0.858145
3188,0.855445
3196,0.851476
3204,0.850237
3212,0.850167
3220,0.848392
3228,0.847831
3236,0.847075
3244,0.8457
3252,0.845182
3260,0.845131
3268,0.846809
3276,0.846193
3284,0.847761
3292,0.85164
3300,0.850355
3308,0.849724
3316,0.849755
3324,0.850563
3332,0.852193
3340,0.853423
3348,0.851852
3356,0.852424
3364,0.854094
3372,0.854176
3380,0.853964
3388,0.8534
3396,0.852291
3404,0.851613
3412,0.854407
3420,0.854035
3428,0.853588
3436,0.860893
3444,0.860203
3452,0.860512
3460,0.860246
3468,0.861696
3476,0.860885
3484,0.860293
3492,0.860544
3500,0.859834
3508,0.859654
3516,0.859917
3524,0.859403
3532,0.859333
3540,0.859133
3548,0.858624
3556,0.858106
3564,0.858165
3572,0.859862
3580,0.859274
3588,0.858765
3596,0.859
3604,0.859031
3612,0.860003
3620,0.864028
3628,0.864212
3636,0.862319
3644,0.859921
3652,0.858526
3660,0.859204
3668,0.859055
3676,0.859254
3684,0.861167
3692,0.860763
3700,0.860634
3708,0.861081
3716,0.859251
3724,0.85715
3732,0.856821
3740,0.855822
3748,0.854701
3756,0.853612
3764,0.851045
3772,0.850986
3780,0.853035
3788,0.85197
3796,0.853486
3804,0.851068
3812,0.850935
3820,0.860105
3828,0.859298
3836,0.860477
3844,0.860861
3852,0.859423
3860,0.858573
3868,0.858439
3876,0.861371
3884,0.861108
3892,0.860399
3900,0.858486
3908,0.859827
3916,0.859356
3924,0.860395
3932,0.858396
3940,0.859972
3948,0.861132
3956,0.860881
3964,0.859458
3972,0.861641
3980,0.861849
3988,0.857001
3996,0.861461
4004,0.860689
4012,0.860928
4020,0.861649
4028,0.859251
4036,0.859556
4044,0.859693
4052,0.860759
4060,0.860124
4068,0.861057
4076,0.860908
4084,0.860281
4092,0.85996
4100,0.861422
4108,0.86032
4116,0.858835
4124,0.859693
4132,0.858345
4140,0.85791
4148,0.85824
4156,0.857209
4164,0.853999
4172,0.850567
4180,0.848846
4188,0.857965
4196,0.867923
4204,0.869083
4212,0.86257
4220,0.86661
4228,0.880051
4236,0.897063
4244,0.902948
4252,0.888257
4260,0.876893
4268,0.878206
4276,0.888065
4284,0.900017
4292,0.916456
4300,0.896341
4308,0.885557
4316,0.88917
4324,0.865474
4332,0.866677
4340,0.847988
4348,0.828888
4356,0.81973
4364,0.833077
4372,0.850422
4380,0.853392
4388,0.862695
4396,0.85425
4404,0.844606
4412,0.775319
4420,0.820624
4428,0.840774
4436,0.823324
4444,0.800959
4452,0.785974
4460,0.735685
4468,0.731151
4476,0.74009
4484,0.73282
4492,0.746838
4500,0.781315
4508,0.845112
4516,0.891713
4524,0.897987
4532,0.897682
4540,0.898795
4548,0.890914
4556,0.858988
4564,0.839159
4572,0.849689
4580,0.821251
4588,0.807265
4596,0.838854
4604,0.824785
4612,0.818688
4620,0.830597
4628,0.806587
4636,0.772078
4644,0.784019
4652,0.805258
4660,0.830213
4668,0.847475
4676,0.807829
4684,0.744541
4692,0.684106
4700,0.69136
4708,0.724752
4716,0.779971
4724,0.809518
4732,0.82843
4740,0.858228
4748,0.816289
4756,0.591115
4764,0.420195
4772,0.337411
4780,0.303495
4788,0.260726
4796,0.20334
4804,0.187139
4812,0.182602
4820,0.157451
4828,0.157882
4836,0.156091
4844,0.15613
4852,0.15595
4860,0.156279
4868,0.156158
4876,0.15617
4884,0.153415
4892,0.153744
4900,0.153172
4908,0.153223
4916,0.154297
4924,0.23429
4932,0.268061
4940,0.408635
4948,0.484799
4956,0.421786
4964,0.311861
4972,0.256533
4980,0.317547
4988,0.303099
4996,0.259072
5004,0.242648
5012,0.232123
5020,0.201737
5028,0.210632
5036,0.183221
5044,0.171018
5052,0.198096
5060,0.275801
5068,0.392913
5076,0.499549
5084,0.567304
5092,0.386161
5100,0.307382
5108,0.210229
5116,0.207697
5124,0.178796
5132,0.131721
5140,0.131713
5148,0.132136
5156,0.132559
5164,0.13234
5172,0.132951
5180,0.133135
5188,0.13245
5196,0.132183
5204,0.132759
5212,0.133124
5220,0.132124
5228,0.132818
5236,0.132869
5244,0.132865
5252,0.130823
5260,0.149735
5268,0.219328
5276,0.293596
5284,0.305944
5292,0.303181
5300,0.389217
5308,0.50859
5316,0.576431
5324,0.617472
5332,0.602483
5340,0.574025
5348,0.552088
5356,0.568155
5364,0.5407
5372,0.498389
5380,0.489564
5388,0.451823
5396,0.440098
5404,0.471954
5412,0.492331
5420,0.502422
5428,0.534783
5436,0.548683
5444,0.56518
5452,0.58611
5460,0.594704
5468,0.618127
5476,0.642681
5484,0.648509
5492,0.650809
5500,0.70031
5508,0.772333
5516,0.80063
5524,0.822058
5532,0.827607
5540,0.825604
5548,0.831522
5556,0.830879
5564,0.829272
5572,0.821552
5580,0.816909
5588,0.819228
5596,0.823445
5604,0.820823
5612,0.818707
5620,0.81156
5628,0.809291
5636,0.810353
5644,0.812292
5652,0.81424
5660,0.808111
5668,0.80833
5676,0.805772
5684,0.805282
5692,0.80574
5700,0.810356
5708,0.805768
5716,0.805924
5,0.246085
13,0.283842
21,0.319926
29,0.325028
37,0.322301
45,0.310047
53,0.302096
61,0.299427
69,0.296206
77,0.297793
85,0.30978
93,0.353502
101,0.400656
109,0.40769
117,0.395087
125,0.403595
133,0.426461
141,0.433287
149,0.418859
157,0.397603
165,0.381791
173,0.36717
181,0.362002
189,0.356982
197,0.350857
205,0.349567
213,0.34965
221,0.350147
229,0.349947
237,0.349783
245,0.346856
253,0.349148
261,0.349544
269,0.346762
277,0.340903
285,0.344575
293,0.344077
301,0.336232
309,0.336506
317,0.337897
325,0.341177
333,0.342216
341,0.343203
349,0.359686
357,0.372519
365,0.377947
373,0.368573
381,0.362468
389,0.367421
397,0.38428
405,0.396961
413,0.416958
421,0.437966
429,0.469802
437,0.507571
445,0.538541
453,0.553628
461,0.569926
469,0.58122
477,0.598603
485,0.602667
493,0.6034
501,0.602205
509,0.599795
517,0.614408
525,0.670548
533,0.688868
541,0.693531
549,0.706396
557,0.701694
565,0.700232
573,0.695071
581,0.693245
589,0.693166
597,0.724117
605,0.739078
613,0.760181
621,0.784124
629,0.784842
637,0.801339
645,0.817986
653,0.817253
661,0.823065
669,0.820682
677,0.818449
685,0.815647
693,0.809749
701,0.810811
709,0.82205
717,0.828136
725,0.838638
733,0.839198
741,0.838665
749,0.839422
757,0.840601
765,0.841871
773,0.846338
781,0.846307
789,0.84566
797,0.842396
805,0.841887
813,0.84095
821,0.845323
829,0.847643
837,0.84876
845,0.850398
853,0.850919
861,0.850014
869,0.850669
877,0.848513
885,0.849724
893,0.850265
901,0.850821
909,0.852232
917,0.852569
925,0.851895
933,0.850559
941,0.849258
949,0.848968
957,0.849959
965,0.850226
973,0.849755
981,0.846954
989,0.84914
997,0.848682
1005,0.850077
1013,0.846848
1021,0.848055
1029,0.846464
1037,0.848255
1045,0.848106
1053,0.848168
1061,0.846742
1069,0.846989
1077,0.847588
1085,0.84733
1093,0.846491
1101,0.846436
1109,0.846009
1117,0.846523
1125,0.847208
1133,0.845225
1141,0.845801
1149,0.845331
1157,0.846691
1165,0.844489
1173,0.846664
1181,0.847291
1189,0.846981
1197,0.847369
1205,0.846479
1213,0.848537
1221,0.848157
1229,0.847682
1237,0.844955
1245,0.844857
1253,0.845703
1261,0.846217
1269,0.845637
1277,0.846691
1285,0.847287
1293,0.845833
1301,0.846342
1309,0.84662
1317,0.845531
1325,0.846573
1333,0.846495
1341,0.847537
1349,0.846577
1357,0.846358
1365,0.845684
1373,0.846037
1381,0.846452
1389,0.846566
1397,0.848384
1405,0.84974
1413,0.850249
1421,0.850857
1429,0.852146
1437,0.853815
1445,0.854548
1453,0.856668
1461,0.858584
1469,0.858859
1477,0.862754
1485,0.86572
1493,0.873284
1501,0.871928
1509,0.866626
1517,0.874624
1525,0.873856
1533,0.879499
1541,0.873997
1549,0.876767
1557,0.882595
1565,0.875968
1573,0.876771
1581,0.879448
1589,0.88399
1597,0.86601
1605,0.858459
1613,0.862103
1621,0.860787
1629,0.867331
1637,0.86411
1645,0.866379
1653,0.859466
1661,0.852087
1669,0.85918
1677,0.85949
1685,0.837184
1693,0.84307
1701,0.831302
1709,0.844904
1717,0.834241
1725,0.841847
1733,0.845782
1741,0.780362
1749,0.71633
1757,0.64624
1765,0.589896
1773,0.654492
1781,0.706126
1789,0.684173
1797,0.632195
1805,0.628754
1813,0.623789
1821,0.600089
1829,0.551437
1837,0.518316
1845,0.52905
1853,0.538572
1861,0.491222
1869,0.449962
1877,0.479619
1885,0.494655
1893,0.531275
1901,0.530096
1909,0.671931
1917,0.727424
1925,0.719932
1933,0.544333
1941,0.423847
1949,0.391067
1957,0.349881
1965,0.321521
1973,0.272478
1981,0.21144
1989,0.174862
1997,0.173291
2005,0.195263
2013,0.308225
2021,0.471366
2029,0.652894
2037,0.701016
2045,0.564777
2053,0.410856
2061,0.298318
2069,0.271933
2077,0.247053
2085,0.179768
2093,0.168482
2101,0.174235
2109,0.220978
2117,0.389919
2125,0.678816
2133,0.85068
2141,0.893583
2149,0.891008
2157,0.738075
2165,0.650774
2173,0.638093
2181,0.445706
2189,0.299529
2197,0.235826
2205,0.197148
2213,0.171994
2221,0.163118
2229,0.163623
2237,0.16233
2245,0.165222
2253,0.167836
2261,0.168067
2269,0.183758
2277,0.247774
2285,0.296249
2293,0.300963
2301,0.274202
2309,0.288553
2317,0.270801
2325,0.252614
2333,0.21635
2341,0.183534
2349,0.175375
2357,0.204429
2365,0.184545
2373,0.16724
2381,0.162107
2389,0.224234
2397,0.395252
2405,0.436767
2413,0.360293
2421,0.247966
2429,0.178287
2437,0.191148
2445,0.242891
2453,0.20109
2461,0.194656
2469,0.185823
2477,0.165853
2485,0.193331
2493,0.179157
2501,0.168772
2509,0.173675
2517,0.243832
2525,0.330561
2533,0.353898
2541,0.300446
2549,0.236418
2557,0.230692
2565,0.171139
2573,0.145809
2581,0.144613
2589,0.143975
2597,0.144386
2605,0.144527
2613,0.143355
2621,0.143242
2629,0.177872
2637,0.22039
2645,0.283729
2653,0.437939
2661,0.518065
2669,0.500145
2677,0.449064
2685,0.389264
2693,0.380514
2701,0.345433
2709,0.284183
2717,0.275045
2725,0.249099
2733,0.25986
2741,0.267509
2749,0.278493
2757,0.27814
2765,0.270315
2773,0.267822
2781,0.260867
2789,0.250329
2797,0.2448
2805,0.239655
2813,0.23987
2821,0.240572
2829,0.239239
2837,0.237354
2845,0.238557
2853,0.239404
2861,0.237268
2869,0.24018
2877,0.238953
2885,0.259472
2893,0.266913
2901,0.257305
2909,0.25453
2917,0.252532
2925,0.252606
2933,0.257536
2941,0.253566
2949,0.264409
2957,0.299886
2965,0.472345
2973,0.619079
2981,0.697552
2989,0.810129
2997,0.848419
3005,0.871391
3013,0.874753
3021,0.874753
3029,0.879714
3037,0.890793
3045,0.890303
3053,0.888218
3061,0.889315
3069,0.879746
3077,0.875235
3085,0.873507
3093,0.875956
3101,0.873703
3109,0.872343
3117,0.870501
3125,0.86842
3133,0.871281
3141,0.866524
3149,0.86333
3157,0.859164
3165,0.858957
3173,0.858682
3181,0.858181
3189,0.855743
3197,0.851629
3205,0.850167
3213,0.849998
3221,0.848208
3229,0.847443
3237,0.84653
3245,0.845539
3253,0.845374
3261,0.847694
3269,0.84657
3277,0.846926
3285,0.847686
3293,0.851472
3301,0.850414
3309,0.849567
3317,0.8499
3325,0.850782
3333,0.852252
3341,0.853349
3349,0.851535
3357,0.852185
3365,0.853949
3373,0.854387
3381,0.85389
3389,0.853482
3397,0.851554
3405,0.851582
3413,0.854262
3421,0.853913
3429,0.85349
3437,0.860387
3445,0.860414
3453,0.860579
3461,0.862213
3469,0.861304
3477,0.860877
3485,0.860242
3493,0.860559
3501,0.86023
3509,0.859639
3517,0.859913
3525,0.859588
3533,0.859341
3541,0.858976
3549,0.858565
3557,0.857965
3565,0.858263
3573,0.85974
3581,0.859258
3589,0.858933
3597,0.858929
3605,0.858925
3613,0.860175
3621,0.863906
3629,0.864067
3637,0.861962
3645,0.859854
3653,0.858827
3661,0.85891
3669,0.858972
3677,0.860144
3685,0.860994
3693,0.860567
3701,0.860595
3709,0.861233
3717,0.858953
3725,0.857013
3733,0.856656
3741,0.855779
3749,0.854615
3757,0.853298
3765,0.850719
3773,0.852742
3781,0.853094
3789,0.851848
3797,0.853486
3805,0.851198
3813,0.850986
3821,0.859991
3829,0.859599
3837,0.860559
3845,0.859474
3853,0.859544
3861,0.858847
3869,0.858663
3877,0.861441
3885,0.860928
3893,0.860168
3901,0.856907
3909,0.859756
3917,0.85938
3925,0.860179
3933,0.860038
3941,0.860254
3949,0.861324
3957,0.860904
3965,0.85862
3973,0.861668
3981,0.861418
3989,0.858565
3997,0.861465
4005,0.860677
4013,0.860975
4021,0.861347
4029,0.858287
4037,0.859215
4045,0.860579
4053,0.860622
4061,0.860136
4069,0.860818
4077,0.860552
4085,0.86025
4093,0.859881
4101,0.86161
4109,0.859983
4117,0.858804
4125,0.859811
4133,0.858432
4141,0.85802
4149,0.858196
4157,0.857127
4165,0.853251
4173,0.850653
4181,0.849125
4189,0.858557
4197,0.869506
4205,0.866873
4213,0.861931
4221,0.866692
4229,0.881568
4237,0.897243
4245,0.906558
4253,0.88794
4261,0.874663
4269,0.878488
4277,0.889272
4285,0.903462
4293,0.913549
4301,0.894543
4309,0.885353
4317,0.887352
4325,0.861739
4333,0.868056
4341,0.847961
4349,0.824527
4357,0.820537
4365,0.832607
4373,0.85262
4381,0.858134
4389,0.864847
4397,0.854497
4405,0.842079
4413,0.770064
4421,0.837282
4429,0.837662
4437,0.821552
4445,0.798878
4453,0.777274
4461,0.73273
4469,0.736324
4477,0.744467
4485,0.733306
4493,0.7529
4501,0.78175
4509,0.845982
4517,0.896388
4525,0.898375
4533,0.895358
4541,0.898755
4549,0.886733
4557,0.858823
4565,0.835095
4573,0.85023
4581,0.818386
4589,0.808068
4597,0.842729
4605,0.822363
4613,0.823876
4621,0.83265
4629,0.804521
4637,0.771051
4645,0.791786
4653,0.804161
4661,0.836589
4669,0.84673
4677,0.80413
4685,0.722322
4693,0.683385
4701,0.691109
4709,0.728854
4717,0.780519
4725,0.811767
4733,0.836918
4741,0.859388
4749,0.809584
4757,0.560756
4765,0.409407
4773,0.336353
4781,0.29851
4789,0.252242
4797,0.201404
4805,0.187433
4813,0.179502
4821,0.157153
4829,0.157706
4837,0.15617
4845,0.156401
4853,0.156044
4861,0.156577
4869,0.156275
4877,0.15615
4885,0.153458
4893,0.154007
4901,0.153203
4909,0.153767
4917,0.15644
4925,0.239082
4933,0.290872
4941,0.431947
4949,0.486022
4957,0.404908
4965,0.292142
4973,0.261643
4981,0.318441
4989,0.29927
4997,0.255208
5005,0.241042
5013,0.225861
5021,0.200573
5029,0.208261
5037,0.181908
5045,0.169944
5053,0.204139
5061,0.287714
5069,0.397979
5077,0.515769
5085,0.570651
5093,0.377202
5101,0.296982
5109,0.192916
5117,0.20883
5125,0.166688
5133,0.131619
5141,0.131717
5149,0.132261
5157,0.132583
5165,0.132469
5173,0.133045
5181,0.133159
5189,0.132489
5197,0.132857
5205,0.132853
5213,0.133135
5221,0.132183
5229,0.132881
5237,0.132888
5245,0.130565
5253,0.130788
5261,0.160053
5269,0.23378
5277,0.297378
5285,0.304055
5293,0.3077
5301,0.397302
5309,0.523861
5317,0.584829
5325,0.615685
5333,0.597663
5341,0.572226
5349,0.552158
5357,0.56991
5365,0.54032
5373,0.498691
5381,0.486273
5389,0.449346
5397,0.442649
5405,0.475637
5413,0.494471
5421,0.505522
5429,0.53684
5437,0.547719
5445,0.565133
5453,0.58881
5461,0.595625
5469,0.620752
5477,0.643355
5485,0.649194
5493,0.651228
5501,0.709649
5509,0.776361
5517,0.802738
5525,0.823018
5533,0.827932
5541,0.82464
5549,0.831623
5557,0.830859
5565,0.829315
5573,0.819381
5581,0.816164
5589,0.819444
5597,0.822203
5605,0.821282
5613,0.818758
5621,0.811187
5629,0.80931
5637,0.81103
5645,0.81578
5653,0.812974
5661,0.807723
5669,0.808566
5677,0.806003
5685,0.805485
5693,0.805568
5701,0.808287
5709,0.805893
5717,0.805674
6,0.245415
14,0.292942
22,0.324311
30,0.324699
38,0.324146
46,0.309894
54,0.30141
62,0.299823
70,0.290939
78,0.297883
86,0.316129
94,0.361135
102,0.403254
110,0.405425
118,0.393136
126,0.406091
134,0.427539
142,0.431148
150,0.417083
158,0.393716
166,0.380071
174,0.366724
182,0.360912
190,0.35648
198,0.350488
206,0.349399
214,0.349399
222,0.350194
230,0.349861
238,0.349481
246,0.347373
254,0.34916
262,0.348944
270,0.342659
278,0.340409
286,0.34512
294,0.343423
302,0.336306
310,0.336976
318,0.337776
326,0.34142
334,0.342361
342,0.343607
350,0.361582
358,0.373981
366,0.377151
374,0.367703
382,0.361845
390,0.36844
398,0.387007
406,0.398626
414,0.418224
422,0.440419
430,0.475285
438,0.509519
446,0.540833
454,0.556018
462,0.571129
470,0.595754
478,0.599779
486,0.60206
494,0.60398
502,0.602487
510,0.59943
518,0.621156
526,0.673886
534,0.69047
542,0.695138
550,0.706537
558,0.701494
566,0.700138
574,0.695467
582,0.692708
590,0.693159
598,0.730818
606,0.739259
614,0.761748
622,0.78347
630,0.785649
638,0.801861
646,0.818147
654,0.822379
662,0.821928
670,0.820443
678,0.818621
686,0.814487
694,0.810078
702,0.813013
710,0.824382
718,0.828665
726,0.838854
734,0.838928
742,0.838634
750,0.839477
758,0.840974
766,0.841934
774,0.846217
782,0.846072
790,0.845464
798,0.842161
806,0.841369
814,0.841718
822,0.845069
830,0.847769
838,0.848866
846,0.85019
854,0.850915
862,0.850422
870,0.84932
878,0.848788
886,0.849732
894,0.850343
902,0.850872
910,0.852295
918,0.851938
926,0.851754
934,0.85061
942,0.848933
950,0.848913
958,0.849673
966,0.85032
974,0.849297
982,0.847212
990,0.84898
998,0.848858
1006,0.849951
1014,0.847134
1022,0.847949
1030,0.84691
1038,0.848176
1046,0.8482
1054,0.847882
1062,0.846844
1070,0.847008
1078,0.847773
1086,0.846366
1094,0.846468
1102,0.846315
1110,0.845982
1118,0.846452
1126,0.847024
1134,0.844798
1142,0.845939
1150,0.845558
1158,0.846683
1166,0.844869
1174,0.847436
1182,0.847369
1190,0.847075
1198,0.847228
1206,0.846354
1214,0.848466
1222,0.847921
1230,0.848004
1238,0.844826
1246,0.845594
1254,0.845645
1262,0.845978
1270,0.845935
1278,0.846805
1286,0.846444
1294,0.845758
1302,0.846405
1310,0.846154
1318,0.846041
1326,0.846456
1334,0.846609
1342,0.847424
1350,0.846291
1358,0.846385
1366,0.845433
1374,0.845696
1382,0.846236
1390,0.846542
1398,0.848944
1406,0.849728
1414,0.849936
1422,0.850829
1430,0.852075
1438,0.852945
1446,0.854795
1454,0.856762
1462,0.857848
1470,0.859768
1478,0.864831
1486,0.866994
1494,0.876493
1502,0.870654
1510,0.866661
1518,0.874514
1526,0.875611
1534,0.879377
1542,0.874322
1550,0.875623
1558,0.883504
1566,0.876109
1574,0.876317
1582,0.880514
1590,0.882312
1598,0.862919
1606,0.86123
1614,0.86572
1622,0.861108
1630,0.865407
1638,0.866069
1646,0.86634
1654,0.855986
1662,0.855042
1670,0.858961
1678,0.856605
1686,0.832388
1694,0.844171
1702,0.831416
1710,0.846123
1718,0.833548
1726,0.848039
1734,0.832364
1742,0.779508
1750,0.715695
1758,0.642905
1766,0.58863
1774,0.659222
1782,0.702383
1790,0.681163
1798,0.625466
1806,0.631917
1814,0.622708
1822,0.590531
1830,0.544783
1838,0.520229
1846,0.533928
1854,0.533697
1862,0.490383
1870,0.448876
1878,0.489607
1886,0.48603
1894,0.542687
1902,0.545602
1910,0.679855
1918,0.740454
1926,0.708022
1934,0.530453
1942,0.41925
1950,0.379695
1958,0.345276
1966,0.315835
1974,0.254099
1982,0.20899
1990,0.175234
1998,0.170685
2006,0.203645
2014,0.327211
2022,0.483898
2030,0.663894
2038,0.686728
2046,0.53347
2054,0.404841
2062,0.287832
2070,0.272153
2078,0.243534
2086,0.168565
2094,0.167942
2102,0.176794
2110,0.235371
2118,0.430086
2126,0.699817
2134,0.857773
2142,0.890283
2150,0.890365
2158,0.71305
2166,0.65162
2174,0.636133
2182,0.418388
2190,0.289191
2198,0.233412
2206,0.195784
2214,0.168909
2222,0.163482
2230,0.162412
2238,0.163999
2246,0.165853
2254,0.167985
2262,0.167236
2270,0.186967
2278,0.257908
2286,0.292906
2294,0.295395
2302,0.277012
2310,0.285962
2318,0.270809
2326,0.250933
2334,0.208504
2342,0.183013
2350,0.177139
2358,0.205679
2366,0.18009
2374,0.166492
2382,0.162455
2390,0.233639
2398,0.415457
2406,0.437978
2414,0.341914
2422,0.23188
2430,0.171594
2438,0.196556
2446,0.241336
2454,0.188468
2462,0.197802
2470,0.185239
2478,0.166746
2486,0.192982
2494,0.178601
2502,0.167691
2510,0.176931
2518,0.254154
2526,0.341091
2534,0.350441
2542,0.291641
2550,0.233682
2558,0.227557
2566,0.1655
2574,0.14457
2582,0.14468
2590,0.14417
2598,0.144551
2606,0.144574
2614,0.143285
2622,0.143406
2630,0.182974
2638,0.220711
2646,0.308703
2654,0.446027
2662,0.523446
2670,0.497586
2678,0.444742
2686,0.36025
2694,0.383946
2702,0.339716
2710,0.281248
2718,0.275056
2726,0.246446
2734,0.26439
2742,0.272376
2750,0.279422
2758,0.277353
2766,0.269825
2774,0.266612
2782,0.260161
2790,0.248958
2798,0.243844
2806,0.239694
2814,0.240407
2822,0.240458
2830,0.238616
2838,0.237868
2846,0.238683
2854,0.239345
2862,0.237597
2870,0.240607
2878,0.238502
2886,0.2633
2894,0.266012
2902,0.256819
2910,0.255047
2918,0.252383
2926,0.252641
2934,0.257403
2942,0.253927
2950,0.269739
2958,0.320718
2966,0.482338
2974,0.648332
2982,0.708559
2990,0.817347
2998,0.856931
3006,0.87277
3014,0.873299
3022,0.875031
3030,0.880353
3038,0.890624
3046,0.890604
3054,0.887936
3062,0.889539
3070,0.879522
3078,0.874585
3086,0.877183
3094,0.875709
3102,0.874377
3110,0.872108
3118,0.87065
3126,0.868452
3134,0.871359
3142,0.866508
3150,0.862319
3158,0.85882
3166,0.859023
3174,0.858467
3182,0.857366
3190,0.855222
3198,0.851554
3206,0.849215
3214,0.849873
3222,0.848415
3230,0.847581
3238,0.847259
3246,0.845386
3254,0.845382
3262,0.847271
3270,0.846573
3278,0.846374
3286,0.851754
3294,0.851107
3302,0.850222
3310,0.849665
3318,0.850175
3326,0.851891
3334,0.8526
3342,0.853709
3350,0.851378
3358,0.852373
3366,0.854427
3374,0.854309
3382,0.853745
3390,0.853396
3398,0.851535
3406,0.851597
3414,0.854278
3422,0.853886
3430,0.853286
3438,0.860356
3446,0.860532
3454,0.860603
3462,0.862233
3470,0.861531
3478,0.860759
3486,0.861668
3494,0.860477
3502,0.860379
3510,0.859505
3518,0.859658
3526,0.859525
3534,0.859341
3542,0.858741
3550,0.858502
3558,0.857934
3566,0.858294
3574,0.859811
3582,0.859055
3590,0.858725
3598,0.858878
3606,0.858831
3614,0.860951
3622,0.864204
3630,0.863918
3638,0.861375
3646,0.859074
3654,0.858917
3662,0.858839
3670,0.859176
3678,0.860293
3686,0.860873
3694,0.860461
3702,0.860959
3710,0.860759
3718,0.859047
3726,0.856625
3734,0.8565
3742,0.855665
3750,0.854266
3758,0.852969
3766,0.850218
3774,0.853278
3782,0.853239
3790,0.852044
3798,0.853075
3806,0.850935
3814,0.851464
3822,0.859932
3830,0.859454
3838,0.860536
3846,0.85918
3854,0.859619
3862,0.858823
3870,0.86003
3878,0.861641
3886,0.860849
3894,0.859956
3902,0.857119
3910,0.859584
3918,0.859333
3926,0.860077
3934,0.859576
3942,0.859544
3950,0.860947
3958,0.860873
3966,0.85918
3974,0.861696
3982,0.859607
3990,0.860281
3998,0.861594
4006,0.860653
4014,0.860959
4022,0.860556
4030,0.85849
4038,0.860191
4046,0.861014
4054,0.860277
4062,0.860128
4070,0.861092
4078,0.860548
4086,0.860293
4094,0.859889
4102,0.861171
4110,0.860085
4118,0.85869
4126,0.859682
4134,0.858071
4142,0.857867
4150,0.857957
4158,0.856719
4166,0.853004
4174,0.850092
4182,0.850281
4190,0.862417
4198,0.871751
4206,0.865466
4214,0.862734
4222,0.870631
4230,0.88366
4238,0.899774
4246,0.903254
4254,0.886631
4262,0.873918
4270,0.876368
4278,0.888049
4286,0.907247
4294,0.910425
4302,0.896036
4310,0.886987
4318,0.882465
4326,0.861567
4334,0.866896
4342,0.845598
4350,0.823759
4358,0.819417
4366,0.837227
4374,0.853741
4382,0.858792
4390,0.867386
4398,0.853964
4406,0.838642
4414,0.779551
4422,0.839688
4430,0.832109
4438,0.815369
4446,0.79744
4454,0.767109
4462,0.733189
4470,0.729913
4478,0.745478
4486,0.737613
4494,0.753311
4502,0.789454
4510,0.857272
4518,0.896381
4526,0.89584
4534,0.895903
4542,0.899712
4550,0.885436
4558,0.85099
4566,0.834445
4574,0.846895
4582,0.81424
4590,0.810717
4598,0.846291
4606,0.815478
4614,0.825483
4622,0.834868
4630,0.798769
4638,0.769605
4646,0.797264
4654,0.808048
4662,0.838207
4670,0.839516
4678,0.799956
4686,0.715864
4694,0.685936
4702,0.696991
4710,0.728835
4718,0.786233
4726,0.812304
4734,0.837517
4742,0.861057
4750,0.734693
4758,0.551825
4766,0.395616
4774,0.334006
4782,0.296022
4790,0.242264
4798,0.197234
4806,0.187837
4814,0.177268
4822,0.157659
4830,0.157678
4838,0.156236
4846,0.156083
4854,0.155891
4862,0.156452
4870,0.156424
4878,0.155923
4886,0.15363
4894,0.153869
4902,0.153262
4910,0.153865
4918,0.165073
4926,0.246438
4934,0.298483
4942,0.4483
4950,0.47813
4958,0.398089
4966,0.26747
4974,0.272403
4982,0.318359
4990,0.29155
4998,0.246681
5006,0.238659
5014,0.221773
5022,0.198727
5030,0.207795
5038,0.18056
5046,0.171155
5054,0.208728
5062,0.30123
5070,0.409262
5078,0.521463
5086,0.555991
5094,0.360971
5102,0.28927
5110,0.192579
5118,0.210017
5126,0.161644
5134,0.130839
5142,0.131685
5150,0.132289
5158,0.132559
5166,0.132657
5174,0.133163
5182,0.133151
5190,0.132477
5198,0.132998
5206,0.13281
5214,0.13319
5222,0.132367
5230,0.132904
5238,0.132982
5246,0.130702
5254,0.130886
5262,0.165144
5270,0.253731
5278,0.302252
5286,0.303017
5294,0.313068
5302,0.411307
5310,0.528834
5318,0.589265
5326,0.614482
5334,0.592941
5342,0.570051
5350,0.552746
5358,0.570153
5366,0.53905
5374,0.497661
5382,0.482695
5390,0.448222
5398,0.449288
5406,0.476025
5414,0.498131
5422,0.508606
5430,0.537663
5438,0.550309
5446,0.567959
5454,0.589794
5462,0.598611
5470,0.638375
5478,0.643336
5486,0.649038
5494,0.651224
5502,0.722287
5510,0.778783
5518,0.8019
5526,0.822038
5534,0.827916
5542,0.824613
5550,0.831882
5558,0.830511
5566,0.828653
5574,0.818558
5582,0.815917
5590,0.820526
5598,0.822203
5606,0.820573
5614,0.818468
5622,0.810686
5630,0.808562
5638,0.810842
5646,0.815216
5654,0.81074
5662,0.80857
5670,0.804878
5678,0.805948
5686,0.805184
5694,0.805999
5702,0.807029
5710,0.805685
5718,0.806508
7,0.246356
15,0.29579
23,0.328986
31,0.322238
39,0.32564
47,0.308483
55,0.299972
63,0.298561
71,0.291496
79,0.296073
87,0.31886
95,0.370345
103,0.407894
111,0.406738
119,0.392219
127,0.410574
135,0.429102
143,0.431163
151,0.414305
159,0.392748
167,0.378288
175,0.364705
183,0.360238
191,0.355927
199,0.350159
207,0.349332
215,0.349458
223,0.350598
231,0.349998
239,0.348356
247,0.34751
255,0.348944
263,0.348819
271,0.342302
279,0.340076
287,0.346162
295,0.339849
303,0.335809
311,0.337333
319,0.337458
327,0.341589
335,0.342451
343,0.345359
351,0.362491
359,0.375482
367,0.37714
375,0.36719
383,0.361304
391,0.37259
399,0.387842
407,0.401032
415,0.422883
423,0.441387
431,0.480108
439,0.514734
447,0.541335
455,0.558812
463,0.572842
471,0.59657
479,0.601006
487,0.60215
495,0.602624
503,0.602185
511,0.599708
519,0.625419
527,0.677938
535,0.691344
543,0.695177
551,0.70533
559,0.699895
567,0.700726
575,0.694977
583,0.692387
591,0.693206
599,0.732295
607,0.742974
615,0.762771
623,0.783658
631,0.790351
639,0.804949
647,0.818045
655,0.825212
663,0.824969
671,0.819793
679,0.818758
687,0.813609
695,0.815369
703,0.812543
711,0.825522
719,0.829609
727,0.838638
735,0.839308
743,0.838814
751,0.840253
759,0.841083
767,0.842036
775,0.846397
783,0.845751
791,0.845676
799,0.842326
807,0.841311
815,0.842733
823,0.845574
831,0.847878
839,0.84925
847,0.850798
855,0.851002
863,0.850379
871,0.849034
879,0.848748
887,0.849842
895,0.850484
903,0.85088
911,0.852393
919,0.851542
927,0.851711
935,0.850555
943,0.848772
951,0.848933
959,0.849771
967,0.850469
975,0.849113
983,0.847412
991,0.848866
999,0.849062
1007,0.849563
1015,0.846946
1023,0.847667
1031,0.84693
1039,0.847855
1047,0.847992
1055,0.847698
1063,0.846765
1071,0.847079
1079,0.847906
1087,0.846381
1095,0.846491
1103,0.84615
1111,0.846358
1119,0.846679
1127,0.846444
1135,0.84541
1143,0.845253
1151,0.845884
1159,0.846581
1167,0.844555
1175,0.847808
1183,0.84724
1191,0.847322
1199,0.847271
1207,0.846534
1215,0.848505
1223,0.84782
1231,0.847722
1239,0.84483
1247,0.845778
1255,0.846119
1263,0.846236
1271,0.845954
1279,0.847365
1287,0.846201
1295,0.846099
1303,0.846562
1311,0.846534
1319,0.846009
1327,0.846342
1335,0.846836
1343,0.847099
1351,0.846033
1359,0.845794
1367,0.845006
1375,0.846017
1383,0.846534
1391,0.846679
1399,0.849097
1407,0.849759
1415,0.850104
1423,0.851335
1431,0.851319
1439,0.853329
1447,0.85704
1455,0.857099
1463,0.857358
1471,0.861704
1479,0.863734
1487,0.867554
1495,0.878868
1503,0.86989
1511,0.870458
1519,0.875176
1527,0.877324
1535,0.879844
1543,0.873166
1551,0.875748
1559,0.882979
1567,0.874859
1575,0.877226
1583,0.882324
1591,0.882148
1599,0.861598
1607,0.861414
1615,0.86817
1623,0.866285
1631,0.865842
1639,0.867739
1647,0.866367
1655,0.856206
1663,0.857479
1671,0.860881
1679,0.856417
1687,0.835389
1695,0.841589
1703,0.831122
1711,0.844426
1719,0.833814
1727,0.84994
1735,0.823915
1743,0.777306
1751,0.715131
1759,0.636172
1767,0.603486
1775,0.663078
1783,0.697532
1791,0.67025
1799,0.626854
1807,0.63321
1815,0.6229
1823,0.585601
1831,0.545324
1839,0.523877
1847,0.533901
1855,0.522215
1863,0.489945
1871,0.448422
1879,0.496638
1887,0.492155
1895,0.54599
1903,0.558005
1911,0.685466
1919,0.743699
1927,0.698159
1935,0.511415
1943,0.427672
1951,0.373746
1959,0.339355
1967,0.314679
1975,0.242833
1983,0.204601
1991,0.175109
1999,0.170171
2007,0.214841
2015,0.35704
2023,0.501748
2031,0.684467
2039,0.694436
2047,0.509217
2055,0.385965
2063,0.283141
2071,0.273493
2079,0.226578
2087,0.168478
2095,0.168353
2103,0.182123
2111,0.242061
2119,0.483682
2127,0.7334
2135,0.860904
2143,0.889868
2151,0.887446
2159,0.70446
2167,0.649994
2175,0.632779
2183,0.407945
2191,0.277545
2199,0.226574
2207,0.194946
2215,0.167507
2223,0.163447
2231,0.162091
2239,0.163631
2247,0.166691
2255,0.168118
2263,0.168843
2271,0.197003
2279,0.262595
2287,0.297205
2295,0.288662
2303,0.278771
2311,0.279947
2319,0.270432
2327,0.249702
2335,0.201741
2343,0.17969
2351,0.179412
2359,0.20689
2367,0.179181
2375,0.166934
2383,0.163055
2391,0.252226
2399,0.423569
2407,0.436179
2415,0.316046
2423,0.225065
2431,0.165986
2439,0.209096
2447,0.239764
2455,0.185807
2463,0.196615
2471,0.183828
2479,0.169525
2487,0.194236
2495,0.178056
2503,0.168404
2511,0.181524
2519,0.259276
2527,0.350688
2535,0.341283
2543,0.286342
2551,0.234897
2559,0.220766
2567,0.163102
2575,0.144398
2583,0.144413
2591,0.14437
2599,0.144386
2607,0.144613
2615,0.143253
2623,0.143442
2631,0.193229
2639,0.223133
2647,0.329934
2655,0.459006
2663,0.529136
2671,0.500004
2679,0.437684
2687,0.361849
2695,0.386309
2703,0.32861
2711,0.272505
2719,0.275664
2727,0.245164
2735,0.259824
2743,0.274183
2751,0.278952
2759,0.280033
2767,0.268806
2775,0.264292
2783,0.259762
2791,0.248574
2799,0.243452
2807,0.240109
2815,0.240325
2823,0.240764
2831,0.238573
2839,0.237919
2847,0.238581
2855,0.2392
2863,0.237985
2871,0.240285
2879,0.238753
2887,0.265248
2895,0.262258
2903,0.256282
2911,0.252696
2919,0.251756
2927,0.252034
2935,0.256811
2943,0.253993
2951,0.271757
2959,0.33265
2967,0.494341
2975,0.661464
2983,0.737954
2991,0.829605
2999,0.859192
3007,0.873542
3015,0.872708
3023,0.876015
3031,0.88156
3039,0.890988
3047,0.890671
3055,0.888359
3063,0.88975
3071,0.879228
3079,0.873186
3087,0.876846
3095,0.875031
3103,0.874538
3111,0.87375
3119,0.870862
3127,0.870055
3135,0.87049
3143,0.865662
3151,0.861351
3159,0.858851
3167,0.858886
3175,0.858341
3183,0.855814
3191,0.85467
3199,0.851147
3207,0.84936
3215,0.84985
3223,0.848486
3231,0.847498
3239,0.84682
3247,0.844975
3255,0.84559
3263,0.847146
3271,0.846456
3279,0.846801
3287,0.851605
3295,0.851147
3303,0.850245
3311,0.850857
3319,0.850578
3327,0.852017
3335,0.852557
3343,0.853721
3351,0.851303
3359,0.852334
3367,0.854376
3375,0.854376
3383,0.853862
3391,0.853619
3399,0.851468
3407,0.851503
3415,0.854023
3423,0.85387
3431,0.853388
3439,0.860403
3447,0.86061
3455,0.860712
3463,0.862139
3471,0.8611
3479,0.860587
3487,0.861261
3495,0.860477
3503,0.86016
3511,0.860599
3519,0.859893
3527,0.859388
3535,0.859298
3543,0.858577
3551,0.858279
3559,0.85764
3567,0.858193
3575,0.859858
3583,0.859317
3591,0.858722
3599,0.858878
3607,0.858769
3615,0.861308
3623,0.864086
3631,0.863851
3639,0.861061
3647,0.859035
3655,0.859062
3663,0.858921
3671,0.859274
3679,0.860642
3687,0.860849
3695,0.861516
3703,0.861574
3711,0.860485
3719,0.858533
3727,0.856598
3735,0.856515
3743,0.855708
3751,0.854254
3759,0.852726
3767,0.848333
3775,0.853114
3783,0.853047
3791,0.851762
3799,0.852675
3807,0.850618
3815,0.851495
3823,0.859972
3831,0.859639
3839,0.860697
3847,0.859454
3855,0.859027
3863,0.858859
3871,0.860269
3879,0.861547
3887,0.860552
3895,0.861488
3903,0.858647
3911,0.860101
3919,0.859196
3927,0.86023
3935,0.859513
3943,0.85967
3951,0.860677
3959,0.860787
3967,0.860046
3975,0.861696
3983,0.86003
3991,0.860638
3999,0.861461
4007,0.860575
4015,0.861002
4023,0.861257
4031,0.858142
4039,0.859321
4047,0.861038
4055,0.860356
4063,0.860101
4071,0.860689
4079,0.860618
4087,0.860364
4095,0.862605
4103,0.860657
4111,0.860113
4119,0.858675
4127,0.859654
4135,0.857993
4143,0.858008
4151,0.858028
4159,0.855786
4167,0.853153
4175,0.850151
4183,0.851111
4191,0.863475
4199,0.8719
4207,0.864247
4215,0.86188
4223,0.87424
4231,0.886784
4239,0.900346
4247,0.8999
4255,0.883323
4263,0.87406
4271,0.876748
4279,0.887328
4287,0.907067
4295,0.905958
4303,0.893465
4311,0.888477
4319,0.8781
4327,0.863487
4335,0.866328
4343,0.845798
4351,0.825063
4359,0.820271
4367,0.840601
4375,0.857875
4383,0.859019
4391,0.865885
4399,0.853474
4407,0.836381
4415,0.781464
4423,0.844857
4431,0.832345
4439,0.810933
4447,0.795211
4455,0.76339
4463,0.732867
4471,0.732832
4479,0.739404
4487,0.731006
4495,0.750008
4503,0.788071
4511,0.860081
4519,0.896718
4527,0.893743
4535,0.894617
4543,0.902047
4551,0.881145
4559,0.849422
4567,0.834147
4575,0.845163
4583,0.812559
4591,0.812559
4599,0.84684
4607,0.814177
4615,0.830679
4623,0.834923
4631,0.79262
4639,0.774061
4647,0.79822
4655,0.81319
4663,0.839849
4671,0.836737
4679,0.797671
4687,0.704688
4695,0.682296
4703,0.701745
4711,0.741492
4719,0.789705
4727,0.819742
4735,0.842588
4743,0.862679
4751,0.718901
4759,0.532388
4767,0.38832
4775,0.328226
4783,0.290767
4791,0.236947
4799,0.193409
4807,0.187813
4815,0.17429
4823,0.15769
4831,0.157663
4839,0.156064
4847,0.156048
4855,0.156189
4863,0.156307
4871,0.156228
4879,0.155923
4887,0.153666
4895,0.153854
4903,0.153235
4911,0.154155
4919,0.171014
4927,0.254934
4935,0.309479
4943,0.456153
4951,0.466405
4959,0.362135
4967,0.256811
4975,0.282784
4983,0.313727
4991,0.286315
4999,0.247073
5007,0.238734
5015,0.221668
5023,0.197109
5031,0.204931
5039,0.180011
5047,0.174404
5055,0.219065
5063,0.321388
5071,0.426234
5079,0.532416
5087,0.555395
5095,0.346299
5103,0.272478
5111,0.19292
5119,0.206835
5127,0.152243
5135,0.131156
5143,0.131705
5151,0.132175
5159,0.132026
5167,0.13281
5175,0.133092
5183,0.133104
5191,0.132457
5199,0.133061
5207,0.132994
5215,0.133198
5223,0.132328
5231,0.132857
5239,0.132888
5247,0.131129
5255,0.131011
5263,0.175293
5271,0.257073
5279,0.306159
5287,0.301241
5295,0.312049
5303,0.447101
5311,0.539458
5319,0.59461
5327,0.611931
5335,0.588822
5343,0.567708
5351,0.553597
5359,0.570827
5367,0.537506
5375,0.498021
5383,0.476237
5391,0.446729
5399,0.455409
5407,0.480802
5415,0.497931
5423,0.514429
5431,0.541147
5439,0.551441
5447,0.569938
5455,0.590543
5463,0.601664
5471,0.639856
5479,0.643908
5487,0.649257
5495,0.671151
5503,0.733604
5511,0.782612
5519,0.803883
5527,0.823414
5535,0.828281
5543,0.825491
5551,0.831925
5559,0.830295
5567,0.829288
5575,0.818523
5583,0.815623
5591,0.821176
5599,0.821881
5607,0.820385
5615,0.818496
5623,0.810309
5631,0.808997
5639,0.811034
5647,0.815788
5655,0.810443
5663,0.808475
5671,0.804655
5679,0.805677
5687,0.805066
5695,0.809729
5703,0.806297
5711,0.806214
5719,0.80614
8,0.25127
16,0.302339
24,0.330283
32,0.322936
40,0.324538
48,0.307406
56,0.29978
64,0.297934
72,0.292797
80,0.29757
88,0.327219
96,0.373041
104,0.409791
112,0.40347
120,0.383394
128,0.414011
136,0.431943
144,0.430223
152,0.412005
160,0.389715
168,0.377916
176,0.364655
184,0.360414
192,0.355657
200,0.350147
208,0.349003
216,0.349979
224,0.35021
232,0.349513
240,0.348208
248,0.347588
256,0.349469
264,0.348086
272,0.34269
280,0.340354
288,0.346334
296,0.339144
304,0.335926
312,0.337208
320,0.340425
328,0.34162
336,0.342518
344,0.347584
352,0.364776
360,0.376038
368,0.375768
376,0.366653
384,0.360916
392,0.376325
400,0.38968
408,0.402
416,0.425556
424,0.448245
432,0.483776
440,0.517905
448,0.544885
456,0.559028
464,0.575565
472,0.596812
480,0.600959
488,0.602271
496,0.602585
504,0.602695
512,0.600602
520,0.644637
528,0.681967
536,0.691387
544,0.695835
552,0.706322
560,0.699715
568,0.700534
576,0.694542
584,0.692618
592,0.693268
600,0.735191
608,0.748797
616,0.763625
624,0.783646
632,0.791543
640,0.805211
648,0.817818
656,0.825377
664,0.824099
672,0.819581
680,0.817461
688,0.812763
696,0.813707
704,0.81685
712,0.826439
720,0.837357
728,0.838712
736,0.839002
744,0.838904
752,0.840253
760,0.84115
768,0.842275
776,0.846236
784,0.845735
792,0.845355
800,0.842376
808,0.841381
816,0.843372
824,0.845837
832,0.847988
840,0.849164
848,0.851245
856,0.85077
864,0.850265
872,0.848866
880,0.849332
888,0.850194
896,0.850731
904,0.850833
912,0.852373
920,0.851386
928,0.851805
936,0.850328
944,0.848791
952,0.848878
960,0.849716
968,0.850598
976,0.849168
984,0.848043
992,0.848725
1000,0.849477
1008,0.849689
1016,0.847099
1024,0.847424
1032,0.846993
1040,0.847777
1048,0.848019
1056,0.847741
1064,0.846491
1072,0.847616
1080,0.847608
1088,0.846084
1096,0.84646
1104,0.846111
1112,0.846052
1120,0.847353
1128,0.845539
1136,0.846111
1144,0.84577
1152,0.846577
1160,0.846487
1168,0.845308
1176,0.847667
1184,0.847298
1192,0.846867
1200,0.846715
1208,0.846601
1216,0.848259
1224,0.847682
1232,0.8476
1240,0.845026
1248,0.845845
1256,0.846236
1264,0.846091
1272,0.846178
1280,0.847001
1288,0.845829
1296,0.845868
1304,0.846844
1312,0.846479
1320,0.845982
1328,0.846526
1336,0.84686
1344,0.847106
1352,0.846366
1360,0.846323
1368,0.845037
1376,0.846068
1384,0.846432
1392,0.847878
1400,0.849477
1408,0.849947
1416,0.850159
1424,0.851507
1432,0.851147
1440,0.85396
1448,0.856315
1456,0.856837
1464,0.857844
1472,0.861649
1480,0.861904
1488,0.868381
1496,0.879103
1504,0.868287
1512,0.869765
1520,0.874902
1528,0.879322
1536,0.878789
1544,0.874122
1552,0.877716
1560,0.884303
1568,0.875533
1576,0.878186
1584,0.884236
1592,0.881909
1600,0.858114
1608,0.86016
1616,0.86844
1624,0.86701
1632,0.863028
1640,0.867629
1648,0.865117
1656,0.855308
1664,0.856515
1672,0.861923
1680,0.854336
1688,0.835303
1696,0.837411
1704,0.829625
1712,0.845331
1720,0.835197
1728,0.852318
1736,0.799756
1744,0.763006
1752,0.711396
1760,0.631466
1768,0.611233
1776,0.680039
1784,0.695537
1792,0.66358
1800,0.621524
1808,0.633962
1816,0.620105
1824,0.584069
1832,0.544372
1840,0.526232
1848,0.538894
1856,0.518395
1864,0.484333
1872,0.453633
1880,0.498417
1888,0.497371
1896,0.545195
1904,0.566344
1912,0.692649
1920,0.747159
1928,0.689663
1936,0.47336
1944,0.424537
1952,0.369835
1960,0.335072
1968,0.308468
1976,0.237676
1984,0.202082
1992,0.175101
2000,0.16838
2008,0.22818
2016,0.384052
2024,0.514237
2032,0.682872
2040,0.697501
2048,0.495642
2056,0.375631
2064,0.281848
2072,0.27332
2080,0.214806
2088,0.169078
2096,0.168996
2104,0.188139
2112,0.266314
2120,0.501528
2128,0.779508
2136,0.887771
2144,0.886251
2152,0.859979
2160,0.691803
2168,0.648567
2176,0.584962
2184,0.392372
2192,0.27459
2200,0.219732
2208,0.193676
2216,0.166127
2224,0.161981
2232,0.162745
2240,0.164317
2248,0.166958
2256,0.167072
2264,0.16947
2272,0.20602
2280,0.272842
2288,0.300842
2296,0.281805
2304,0.281432
2312,0.279551
2320,0.269147
2328,0.242468
2336,0.195749
2344,0.179608
2352,0.182449
2360,0.206768
2368,0.17737
2376,0.166445
2384,0.165402
2392,0.285668
2400,0.431069
2408,0.435149
2416,0.305074
2424,0.214351
2432,0.163897
2440,0.219195
2448,0.23255
2456,0.186395
2464,0.191572
2472,0.178514
2480,0.172146
2488,0.1877
2496,0.176183
2504,0.169133
2512,0.189679
2520,0.274782
2528,0.354497
2536,0.331823
2544,0.277067
2552,0.235269
2560,0.211914
2568,0.158736
2576,0.144574
2584,0.144551
2592,0.144382
2600,0.144347
2608,0.144555
2616,0.143328
2624,0.143622
2632,0.202536
2640,0.228086
2648,0.336565
2656,0.475888
2664,0.523277
2672,0.498985
2680,0.433276
2688,0.366065
2696,0.384597
2704,0.319593
2712,0.273528
2720,0.271369
2728,0.244443
2736,0.248182
2744,0.275774
2752,0.279061
2760,0.277169
2768,0.268367
2776,0.264331
2784,0.258343
2792,0.248503
2800,0.242727
2808,0.241171
2816,0.240509
2824,0.240301
2832,0.238232
2840,0.238189
2848,0.238471
2856,0.238992
2864,0.238154
2872,0.240289
2880,0.241234
2888,0.265992
2896,0.261298
2904,0.25529
2912,0.252618
2920,0.251517
2928,0.252097
2936,0.254189
2944,0.255122
2952,0.277071
2960,0.357283
2968,0.544446
2976,0.672154
2984,0.750603
2992,0.836831
3000,0.862636
3008,0.874992
3016,0.873644
3024,0.874937
3032,0.882214
3040,0.891502
3048,0.890503
3056,0.888473
3064,0.889241
3072,0.878954
3080,0.873476
3088,0.875247
3096,0.875408
3104,0.873664
3112,0.872896
3120,0.871167
3128,0.870266
3136,0.870674
3144,0.865321
3152,0.860516
3160,0.858608
3168,0.85911
3176,0.858134
3184,0.855097
3192,0.85311
3200,0.850696
3208,0.849089
3216,0.849548
3224,0.848427
3232,0.847189
3240,0.846542
3248,0.844932
3256,0.845739
3264,0.847361
3272,0.846095
3280,0.846679
3288,0.851781
3296,0.850908
3304,0.850367
3312,0.850531
3320,0.850355
3328,0.851962
3336,0.853615
3344,0.852953
3352,0.85126
3360,0.852675
3368,0.854329
3376,0.854121
3384,0.853941
3392,0.853529
3400,0.851464
3408,0.85146
3416,0.853901
3424,0.853854
3432,0.853376
3440,0.859948
3448,0.860489
3456,0.860497
3464,0.862033
3472,0.861132
3480,0.86065
3488,0.861108
3496,0.86016
3504,0.859979
3512,0.860638
3520,0.859854
3528,0.859588
3536,0.859466
3544,0.858545
3552,0.85813
3560,0.857675
3568,0.858298
3576,0.859462
3584,0.859219
3592,0.858643
3600,0.858823
3608,0.859004
3616,0.861931
3624,0.863522
3632,0.863361
3640,0.860955
3648,0.858968
3656,0.858961
3664,0.85898
3672,0.858725
3680,0.860653
3688,0.86092
3696,0.861508
3704,0.861433
3712,0.860332
3720,0.857899
3728,0.856794
3736,0.856398
3744,0.855336
3752,0.854356
3760,0.85271
3768,0.849509
3776,0.853094
3784,0.85273
3792,0.851926
3800,0.852322
3808,0.850469
3816,0.851911
3824,0.859944
3832,0.860391
3840,0.860591
3848,0.859513
3856,0.859176
3864,0.859082
3872,0.860407
3880,0.861676
3888,0.860528
3896,0.860583
3904,0.858953
3912,0.860011
3920,0.859599
3928,0.860183
3936,0.860222
3944,0.860101
3952,0.860685
3960,0.860818
3968,0.859776
3976,0.861614
3984,0.856817
3992,0.861194
4000,0.861284
4008,0.860846
4016,0.86074
4024,0.860567
4032,0.857891
4040,0.858867
4048,0.860987
4056,0.86023
4064,0.86045
4072,0.860336
4080,0.860469
4088,0.860426
4096,0.862342
4104,0.860885
4112,0.859682
4120,0.86003
4128,0.85958
4136,0.858001
4144,0.857746
4152,0.85851
4160,0.855563
4168,0.853294
4176,0.849528
4184,0.855101
4192,0.864078
4200,0.871563
4208,0.863796
4216,0.86257
4224,0.876297
4232,0.88977
4240,0.899304
4248,0.898712
4256,0.880373
4264,0.874107
4272,0.878625
4280,0.889629
4288,0.908411
4296,0.905292
4304,0.892172
4312,0.890463
4320,0.875337
4328,0.863408
4336,0.864702
4344,0.845265
4352,0.82591
4360,0.823465
4368,0.84106
4376,0.860293
4384,0.860857
4392,0.867672
4400,0.854936
4408,0.825867
4416,0.782471
4424,0.848392
4432,0.82591
4440,0.808746
4448,0.792083
4456,0.760855
4464,0.729615
4472,0.732354
4480,0.734176
4488,0.731276
4496,0.761384
4504,0.801347
4512,0.861833
4520,0.905821
4528,0.893089
4536,0.894488
4544,0.901883
4552,0.878746
4560,0.850089
4568,0.839759
4576,0.843199
4584,0.813088
4592,0.818178
4600,0.843842
4608,0.809773
4616,0.833551
4624,0.824644
4632,0.790598
4640,0.776984
4648,0.801465
4656,0.81538
4664,0.843509
4672,0.834245
4680,0.780468
4688,0.69551
4696,0.683425
4704,0.703441
4712,0.751991
4720,0.81366
4728,0.820314
4736,0.845801
4744,0.86139
4752,0.713904
4760,0.470809
4768,0.375878
4776,0.324178
4784,0.285809
4792,0.229721
4800,0.19167
4808,0.187853
4816,0.173906
4824,0.157671
4832,0.157819
4840,0.156209
4848,0.155884
4856,0.156252
4864,0.156264
4872,0.156322
4880,0.155989
4888,0.153619
4896,0.153638
4904,0.153289
4912,0.15434
4920,0.184679
4928,0.259272
4936,0.336118
4944,0.461702
4952,0.460954
4960,0.349281
4968,0.249397
4976,0.288991
4984,0.308973
4992,0.27488
5000,0.247758
5008,0.242398
5016,0.218744
5024,0.199205
5032,0.200342
5040,0.178922
5048,0.17659
5056,0.229991
5064,0.346664
5072,0.434737
5080,0.542577
5088,0.547021
5096,0.340923
5104,0.254863
5112,0.195823
5120,0.207603
5128,0.145942
5136,0.131156
5144,0.131783
5152,0.132371
5160,0.132081
5168,0.132747
5176,0.133139
5184,0.132171
5192,0.13254
5200,0.132982
5208,0.133084
5216,0.133194
5224,0.132332
5232,0.132877
5240,0.132783
5248,0.131035
5256,0.131145
5264,0.18507
5272,0.267689
5280,0.307605
5288,0.297668
5296,0.323037
5304,0.454601
5312,0.548067
5320,0.611453
5328,0.612868
5336,0.584374
5344,0.569389
5352,0.554612
5360,0.573672
5368,0.513128
5376,0.497421
5384,0.468709
5392,0.445471
5400,0.455671
5408,0.485352
5416,0.499071
5424,0.516325
5432,0.543647
5440,0.555987
5448,0.572109
5456,0.592235
5464,0.607577
5472,0.641161
5480,0.644782
5488,0.649606
5496,0.672354
5504,0.742445
5512,0.792957
5520,0.8235
5528,0.822979
5536,0.828073
5544,0.825063
5552,0.832207
5560,0.830134
5568,0.829515
5576,0.817289
5584,0.815631
5592,0.821066
5600,0.821678
5608,0.820145
5616,0.81752
5624,0.809812
5632,0.808417
5640,0.81096
5648,0.815631
5656,0.808895
5664,0.808601
5672,0.80505
5680,0.806246
5688,0.805246
5696,0.810004
5704,0.805964
5712,0.805862
5720,0.809118
