framenum,queue density
3,0.260933
6,0.256051
9,0.253343
12,0.249506
15,0.246085
18,0.245415
21,0.246356
24,0.25127
27,0.252708
30,0.260248
33,0.269457
36,0.274006
39,0.283842
42,0.292942
45,0.29579
48,0.302339
51,0.309404
54,0.310858
57,0.317391
60,0.316532
63,0.319926
66,0.324311
69,0.328986
72,0.330283
75,0.330942
78,0.329331
81,0.329386
84,0.325687
87,0.325028
90,0.324699
93,0.322238
96,0.322936
99,0.322124
102,0.321721
105,0.322994
108,0.323331
111,0.322301
114,0.324146
117,0.32564
120,0.324538
123,0.326051
126,0.325777
129,0.323273
132,0.322136
135,0.310047
138,0.309894
141,0.308483
144,0.307406
147,0.306026
150,0.305117
153,0.304721
156,0.302648
159,0.302096
162,0.30141
165,0.299972
168,0.29978
171,0.299517
174,0.29965
177,0.299713
180,0.29978
183,0.299427
186,0.299823
189,0.298561
192,0.297934
195,0.297766
198,0.29699
201,0.296845
204,0.296006
207,0.296206
210,0.290939
213,0.291496
216,0.292797
219,0.294309
222,0.295986
225,0.296453
228,0.298204
231,0.297793
234,0.297883
237,0.296073
240,0.29757
243,0.298882
246,0.300599
249,0.30351
252,0.304898
255,0.30978
258,0.316129
261,0.31886
264,0.327219
267,0.335401
270,0.337513
273,0.344955
276,0.350712
279,0.353502
282,0.361135
285,0.370345
288,0.373041
291,0.379926
294,0.384965
297,0.390773
300,0.395648
303,0.400656
306,0.403254
309,0.407894
312,0.409791
315,0.410214
318,0.40896
321,0.409262
324,0.408509
327,0.40769
330,0.405425
333,0.406738
336,0.40347
339,0.402137
342,0.400668
345,0.398846
348,0.398019
351,0.395087
354,0.393136
357,0.392219
360,0.383394
363,0.386611
366,0.391212
369,0.393473
372,0.399237
375,0.403595
378,0.406091
381,0.410574
384,0.414011
387,0.41572
390,0.418161
393,0.422574
396,0.423663
399,0.426461
402,0.427539
405,0.429102
408,0.431943
411,0.433264
414,0.432794
417,0.433989
420,0.432112
423,0.433287
426,0.431148
429,0.431163
432,0.430223
435,0.419874
438,0.420371
441,0.421065
444,0.419341
447,0.418859
450,0.417083
453,0.414305
456,0.412005
459,0.410288
462,0.408129
465,0.403599
468,0.400613
471,0.397603
474,0.393716
477,0.392748
480,0.389715
483,0.388531
486,0.387477
489,0.385624
492,0.383414
495,0.381791
498,0.380071
501,0.378288
504,0.377916
507,0.377292
510,0.370156
513,0.370505
516,0.369443
519,0.36717
522,0.366724
525,0.364705
528,0.364655
531,0.363949
534,0.364028
537,0.363632
540,0.362515
543,0.362002
546,0.360912
549,0.360238
552,0.360414
555,0.360097
558,0.359823
561,0.358365
564,0.357095
567,0.356982
570,0.35648
573,0.355927
576,0.355657
579,0.354458
582,0.353843
585,0.350418
588,0.350457
591,0.350857
594,0.350488
597,0.350159
600,0.350147
603,0.349955
606,0.350167
609,0.350151
612,0.350237
615,0.349567
618,0.349399
621,0.349332
624,0.349003
627,0.349297
630,0.349258
633,0.349818
636,0.349634
639,0.34965
642,0.349399
645,0.349458
648,0.349979
651,0.349583
654,0.349634
657,0.34961
660,0.349877
663,0.350147
666,0.350194
669,0.350598
672,0.35021
675,0.350398
678,0.349873
681,0.350335
684,0.350096
687,0.349947
690,0.349861
693,0.349998
696,0.349513
699,0.34994
702,0.349587
705,0.349947
708,0.350077
711,0.349783
714,0.349481
717,0.348356
720,0.348208
723,0.347702
726,0.348321
729,0.347753
732,0.348098
735,0.346856
738,0.347373
741,0.34751
744,0.347588
747,0.348325
750,0.349168
753,0.349219
756,0.34916
759,0.349148
762,0.34916
765,0.348944
768,0.349469
771,0.349846
774,0.349783
777,0.349501
780,0.349654
783,0.349544
786,0.348944
789,0.348819
792,0.348086
795,0.34778
798,0.347353
801,0.34731
804,0.347134
807,0.346762
810,0.342659
813,0.342302
816,0.34269
819,0.342643
822,0.342435
825,0.342043
828,0.341381
831,0.340903
834,0.340409
837,0.340076
840,0.340354
843,0.341291
846,0.341926
849,0.343446
852,0.344532
855,0.344575
858,0.34512
861,0.346162
864,0.346334
867,0.34664
870,0.345958
873,0.345374
876,0.345135
879,0.344077
882,0.343423
885,0.339849
888,0.339144
891,0.338885
894,0.337976
897,0.337094
900,0.336918
903,0.336232
906,0.336306
909,0.335809
912,0.335926
915,0.336056
918,0.336393
921,0.336628
924,0.336706
927,0.336506
930,0.336976
933,0.337333
936,0.337208
939,0.336843
942,0.337553
945,0.337815
948,0.337929
951,0.337897
954,0.337776
957,0.337458
960,0.340425
963,0.341052
966,0.340644
969,0.340648
972,0.340974
975,0.341177
978,0.34142
981,0.341589
984,0.34162
987,0.341593
990,0.341557
993,0.34171
996,0.342204
999,0.342216
1002,0.342361
1005,0.342451
1008,0.342518
1011,0.342666
1014,0.34249
1017,0.342553
1020,0.34296
1023,0.343203
1026,0.343607
1029,0.345359
1032,0.347584
1035,0.350089
1038,0.352659
1041,0.355308
1044,0.356762
1047,0.359686
1050,0.361582
1053,0.362491
1056,0.364776
1059,0.366802
1062,0.368138
1065,0.369647
1068,0.3717
1071,0.372519
1074,0.373981
1077,0.375482
1080,0.376038
1083,0.377406
1086,0.378225
1089,0.378519
1092,0.378503
1095,0.377947
1098,0.377151
1101,0.37714
1104,0.375768
1107,0.375043
1110,0.368601
1113,0.368859
1116,0.369157
1119,0.368573
1122,0.367703
1125,0.36719
1128,0.366653
1131,0.366144
1134,0.36487
1137,0.363973
1140,0.363154
1143,0.362468
1146,0.361845
1149,0.361304
1152,0.360916
1155,0.361284
1158,0.363283
1161,0.362958
1164,0.36556
1167,0.367421
1170,0.36844
1173,0.37259
1176,0.376325
1179,0.377618
1182,0.381062
1185,0.378217
1188,0.38004
1191,0.38428
1194,0.387007
1197,0.387842
1200,0.38968
1203,0.39149
1206,0.392595
1209,0.394903
1212,0.396063
1215,0.396961
1218,0.398626
1221,0.401032
1224,0.402
1227,0.406264
1230,0.409128
1233,0.410829
1236,0.412941
1239,0.416958
1242,0.418224
1245,0.422883
1248,0.425556
1251,0.427049
1254,0.430019
1257,0.432825
1260,0.431747
1263,0.437966
1266,0.440419
1269,0.441387
1272,0.448245
1275,0.453927
1278,0.455844
1281,0.461569
1284,0.46673
1287,0.469802
1290,0.475285
1293,0.480108
1296,0.483776
1299,0.489972
1302,0.495897
1305,0.497566
1308,0.502179
1311,0.507571
1314,0.509519
1317,0.514734
1320,0.517905
1323,0.521663
1326,0.525017
1329,0.527466
1332,0.528756
1335,0.538541
1338,0.540833
1341,0.541335
1344,0.544885
1347,0.547918
1350,0.54833
1353,0.552143
1356,0.553671
1359,0.553628
1362,0.556018
1365,0.558812
1368,0.559028
1371,0.560991
1374,0.564428
1377,0.565208
1380,0.567136
1383,0.569926
1386,0.571129
1389,0.572842
1392,0.575565
1395,0.576937
1398,0.5789
1401,0.579758
1404,0.580577
1407,0.58122
1410,0.595754
1413,0.59657
1416,0.596812
1419,0.597416
1422,0.597146
1425,0.5976
1428,0.597632
1431,0.598603
1434,0.599779
1437,0.601006
1440,0.600959
1443,0.602342
1446,0.601515
1449,0.601456
1452,0.602216
1455,0.602667
1458,0.60206
1461,0.60215
1464,0.602271
1467,0.602381
1470,0.602824
1473,0.603196
1476,0.603059
1479,0.6034
1482,0.60398
1485,0.602624
1488,0.602585
1491,0.603796
1494,0.603126
1497,0.603271
1500,0.603231
1503,0.602205
1506,0.602487
1509,0.602185
1512,0.602695
1515,0.602781
1518,0.601636
1521,0.600586
1524,0.600586
1527,0.599795
1530,0.59943
1533,0.599708
1536,0.600602
1539,0.600719
1542,0.60282
1545,0.60483
1548,0.60639
1551,0.614408
1554,0.621156
1557,0.625419
1560,0.644637
1563,0.646502
1566,0.650766
1569,0.656808
1572,0.665908
1575,0.670548
1578,0.673886
1581,0.677938
1584,0.681967
1587,0.682782
1590,0.685917
1593,0.688272
1596,0.689502
1599,0.688868
1602,0.69047
1605,0.691344
1608,0.691387
1611,0.691199
1614,0.692175
1617,0.692622
1620,0.693041
1623,0.693531
1626,0.695138
1629,0.695177
1632,0.695835
1635,0.70979
1638,0.709292
1641,0.708716
1644,0.707156
1647,0.706396
1650,0.706537
1653,0.70533
1656,0.706322
1659,0.70591
1662,0.704766
1665,0.703767
1668,0.702231
1671,0.701694
1674,0.701494
1677,0.699895
1680,0.699715
1683,0.700079
1686,0.699723
1689,0.699871
1692,0.699887
1695,0.700232
1698,0.700138
1701,0.700726
1704,0.700534
1707,0.701259
1710,0.695322
1713,0.69558
1716,0.694272
1719,0.695071
1722,0.695467
1725,0.694977
1728,0.694542
1731,0.694256
1734,0.694162
1737,0.693672
1740,0.693523
1743,0.693245
1746,0.692708
1749,0.692387
1752,0.692618
1755,0.691826
1758,0.691971
1761,0.692246
1764,0.692869
1767,0.693166
1770,0.693159
1773,0.693206
1776,0.693268
1779,0.696854
1782,0.698484
1785,0.717373
1788,0.721617
1791,0.724117
1794,0.730818
1797,0.732295
1800,0.735191
1803,0.736206
1806,0.73657
1809,0.737201
1812,0.738463
1815,0.739078
1818,0.739259
1821,0.742974
1824,0.748797
1827,0.750396
1830,0.756293
1833,0.757704
1836,0.759217
1839,0.760181
1842,0.761748
1845,0.762771
1848,0.763625
1851,0.764699
1854,0.764441
1857,0.763594
1860,0.784892
1863,0.784124
1866,0.78347
1869,0.783658
1872,0.783646
1875,0.783431
1878,0.783309
1881,0.785292
1884,0.784093
1887,0.784842
1890,0.785649
1893,0.790351
1896,0.791543
1899,0.796155
1902,0.798059
1905,0.797942
1908,0.800199
1911,0.801339
1914,0.801861
1917,0.804949
1920,0.805211
1923,0.805329
1926,0.806669
1929,0.806387
1932,0.806207
1935,0.817986
1938,0.818147
1941,0.818045
1944,0.817818
1947,0.817351
1950,0.817379
1953,0.817735
1956,0.817877
1959,0.817253
1962,0.822379
1965,0.825212
1968,0.825377
1971,0.824515
1974,0.825522
1977,0.823504
1980,0.823492
1983,0.823065
1986,0.821928
1989,0.824969
1992,0.824099
1995,0.821936
1998,0.822336
2001,0.821568
2004,0.820847
2007,0.820682
2010,0.820443
2013,0.819793
2016,0.819581
2019,0.819366
2022,0.818421
2025,0.817344
2028,0.818409
2031,0.818449
2034,0.818621
2037,0.818758
2040,0.817461
2043,0.817877
2046,0.817669
2049,0.816575
2052,0.81672
2055,0.815647
2058,0.814487
2061,0.813609
2064,0.812763
2067,0.812441
2070,0.810619
2073,0.809091
2076,0.81027
2079,0.809749
2082,0.810078
2085,0.815369
2088,0.813707
2091,0.813127
2094,0.81368
2097,0.81297
2100,0.811125
2103,0.810811
2106,0.813013
2109,0.812543
2112,0.81685
2115,0.816681
2118,0.819871
2121,0.819358
2124,0.82207
2127,0.82205
2130,0.824382
2133,0.825522
2136,0.826439
2139,0.826533
2142,0.827093
2145,0.827411
2148,0.827795
2151,0.828136
2154,0.828665
2157,0.829609
2160,0.837357
2163,0.837795
2166,0.838219
2169,0.838336
2172,0.838176
2175,0.838638
2178,0.838854
2181,0.838638
2184,0.838712
2187,0.838807
2190,0.838983
2193,0.839116
2196,0.839269
2199,0.839198
2202,0.838928
2205,0.839308
2208,0.839002
2211,0.838889
2214,0.838971
2217,0.838646
2220,0.838712
2223,0.838665
2226,0.838634
2229,0.838814
2232,0.838904
2235,0.8399
2238,0.840155
2241,0.840088
2244,0.83981
2247,0.839422
2250,0.839477
2253,0.840253
2256,0.840253
2259,0.839982
2262,0.840084
2265,0.840084
2268,0.840413
2271,0.840601
2274,0.840974
2277,0.841083
2280,0.84115
2283,0.841052
2286,0.840883
2289,0.841303
2292,0.841389
2295,0.841871
2298,0.841934
2301,0.842036
2304,0.842275
2307,0.84229
2310,0.846585
2313,0.846601
2316,0.846495
2319,0.846338
2322,0.846217
2325,0.846397
2328,0.846236
2331,0.846511
2334,0.846397
2337,0.846593
2340,0.846483
2343,0.846307
2346,0.846072
2349,0.845751
2352,0.845735
2355,0.845331
2358,0.845441
2361,0.845406
2364,0.845609
2367,0.84566
2370,0.845464
2373,0.845676
2376,0.845355
2379,0.844908
2382,0.84461
2385,0.84289
2388,0.842553
2391,0.842396
2394,0.842161
2397,0.842326
2400,0.842376
2403,0.841808
2406,0.841354
2409,0.841628
2412,0.841628
2415,0.841887
2418,0.841369
2421,0.841311
2424,0.841381
2427,0.840797
2430,0.840821
2433,0.839645
2436,0.839868
2439,0.84095
2442,0.841718
2445,0.842733
2448,0.843372
2451,0.843678
2454,0.843489
2457,0.843732
2460,0.8455
2463,0.845323
2466,0.845069
2469,0.845574
2472,0.845837
2475,0.846378
2478,0.846562
2481,0.847028
2484,0.847526
2487,0.847643
2490,0.847769
2493,0.847878
2496,0.847988
2499,0.848541
2502,0.848568
2505,0.848505
2508,0.848776
2511,0.84876
2514,0.848866
2517,0.84925
2520,0.849164
2523,0.849277
2526,0.84925
2529,0.84925
2532,0.849779
2535,0.850398
2538,0.85019
2541,0.850798
2544,0.851245
2547,0.85099
2550,0.8507
2553,0.850915
2556,0.85097
2559,0.850919
2562,0.850915
2565,0.851002
2568,0.85077
2571,0.850892
2574,0.850763
2577,0.850598
2580,0.850308
2583,0.850014
2586,0.850422
2589,0.850379
2592,0.850265
2595,0.850089
2598,0.850324
2601,0.850402
2604,0.850437
2607,0.850669
2610,0.84932
2613,0.849034
2616,0.848866
2619,0.848791
2622,0.848423
2625,0.848537
2628,0.848498
2631,0.848513
2634,0.848788
2637,0.848748
2640,0.849332
2643,0.84916
2646,0.849383
2649,0.849324
2652,0.849352
2655,0.849724
2658,0.849732
2661,0.849842
2664,0.850194
2667,0.850265
2670,0.850379
2673,0.850285
2676,0.850347
2679,0.850265
2682,0.850343
2685,0.850484
2688,0.850731
2691,0.850759
2694,0.850951
2697,0.851013
2700,0.850888
2703,0.850821
2706,0.850872
2709,0.85088
2712,0.850833
2715,0.851809
2718,0.85215
2721,0.852193
2724,0.852177
2727,0.852232
2730,0.852295
2733,0.852393
2736,0.852373
2739,0.852314
2742,0.852738
2745,0.852753
2748,0.852824
2751,0.852569
2754,0.851938
2757,0.851542
2760,0.851386
2763,0.85146
2766,0.851593
2769,0.851738
2772,0.851738
2775,0.851895
2778,0.851754
2781,0.851711
2784,0.851805
2787,0.851746
2790,0.850394
2793,0.850312
2796,0.850414
2799,0.850559
2802,0.85061
2805,0.850555
2808,0.850328
2811,0.850045
2814,0.849724
2817,0.849638
2820,0.849395
2823,0.849258
2826,0.848933
2829,0.848772
2832,0.848791
2835,0.848748
2838,0.848768
2841,0.848756
2844,0.848788
2847,0.848968
2850,0.848913
2853,0.848933
2856,0.848878
2859,0.848878
2862,0.848925
2865,0.850265
2868,0.849712
2871,0.849959
2874,0.849673
2877,0.849771
2880,0.849716
2883,0.850006
2886,0.850049
2889,0.850034
2892,0.850065
2895,0.850226
2898,0.85032
2901,0.850469
2904,0.850598
2907,0.850527
2910,0.850335
2913,0.850049
2916,0.850053
2919,0.849755
2922,0.849297
2925,0.849113
2928,0.849168
2931,0.848737
2934,0.848599
2937,0.848427
2940,0.84702
2943,0.846954
2946,0.847212
2949,0.847412
2952,0.848043
2955,0.848368
2958,0.848936
2961,0.848854
2964,0.848956
2967,0.84914
2970,0.84898
2973,0.848866
2976,0.848725
2979,0.848893
2982,0.848948
2985,0.848948
2988,0.848776
2991,0.848682
2994,0.848858
2997,0.849062
3000,0.849477
3003,0.849426
3006,0.849497
3009,0.849775
3012,0.849779
3015,0.850077
3018,0.849951
3021,0.849563
3024,0.849689
3027,0.849591
3030,0.849583
3033,0.84715
3036,0.84693
3039,0.846848
3042,0.847134
3045,0.846946
3048,0.847099
3051,0.847244
3054,0.847114
3057,0.84762
3060,0.847906
3063,0.848055
3066,0.847949
3069,0.847667
3072,0.847424
3075,0.846879
3078,0.846773
3081,0.84673
3084,0.846495
3087,0.846464
3090,0.84691
3093,0.84693
3096,0.846993
3099,0.846773
3102,0.846812
3105,0.846856
3108,0.848454
3111,0.848255
3114,0.848176
3117,0.847855
3120,0.847777
3123,0.847855
3126,0.84791
3129,0.848008
3132,0.84807
3135,0.848106
3138,0.8482
3141,0.847992
3144,0.848019
3147,0.847694
3150,0.847643
3153,0.847863
3156,0.847824
3159,0.848168
3162,0.847882
3165,0.847698
3168,0.847741
3171,0.847871
3174,0.847929
3177,0.848227
3180,0.848302
3183,0.846742
3186,0.846844
3189,0.846765
3192,0.846491
3195,0.846812
3198,0.846961
3201,0.847032
3204,0.847044
3207,0.846989
3210,0.847008
3213,0.847079
3216,0.847616
3219,0.847381
3222,0.847326
3225,0.847651
3228,0.84762
3231,0.847588
3234,0.847773
3237,0.847906
3240,0.847608
3243,0.847506
3246,0.84731
3249,0.847232
3252,0.847334
3255,0.84733
3258,0.846366
3261,0.846381
3264,0.846084
3267,0.846213
3270,0.846491
3273,0.846668
3276,0.846652
3279,0.846491
3282,0.846468
3285,0.846491
3288,0.84646
3291,0.84664
3294,0.846448
3297,0.846652
3300,0.846656
3303,0.846436
3306,0.846315
3309,0.84615
3312,0.846111
3315,0.846189
3318,0.846001
3321,0.845907
3324,0.845974
3327,0.846009
3330,0.845982
3333,0.846358
3336,0.846052
3339,0.846479
3342,0.846758
3345,0.846722
3348,0.846566
3351,0.846523
3354,0.846452
3357,0.846679
3360,0.847353
3363,0.847224
3366,0.847342
3369,0.847247
3372,0.847369
3375,0.847208
3378,0.847024
3381,0.846444
3384,0.845539
3387,0.845606
3390,0.845378
3393,0.844986
3396,0.844967
3399,0.845225
3402,0.844798
3405,0.84541
3408,0.846111
3411,0.845751
3414,0.845594
3417,0.845347
3420,0.845472
3423,0.845801
3426,0.845939
3429,0.845253
3432,0.84577
3435,0.845351
3438,0.845186
3441,0.844802
3444,0.845108
3447,0.845331
3450,0.845558
3453,0.845884
3456,0.846577
3459,0.847055
3462,0.847153
3465,0.846973
3468,0.846887
3471,0.846691
3474,0.846683
3477,0.846581
3480,0.846487
3483,0.845316
3486,0.844971
3489,0.844869
3492,0.844214
3495,0.844489
3498,0.844869
3501,0.844555
3504,0.845308
3507,0.845562
3510,0.846236
3513,0.846648
3516,0.847357
3519,0.846664
3522,0.847436
3525,0.847808
3528,0.847667
3531,0.847773
3534,0.847984
3537,0.847494
3540,0.847169
3543,0.847291
3546,0.847369
3549,0.84724
3552,0.847298
3555,0.847314
3558,0.846875
3561,0.846926
3564,0.847106
3567,0.846981
3570,0.847075
3573,0.847322
3576,0.846867
3579,0.846867
3582,0.847204
3585,0.847106
3588,0.846946
3591,0.847369
3594,0.847228
3597,0.847271
3600,0.846715
3603,0.846577
3606,0.84666
3609,0.846852
3612,0.846852
3615,0.846479
3618,0.846354
3621,0.846534
3624,0.846601
3627,0.84657
3630,0.846609
3633,0.849207
3636,0.849003
3639,0.848537
3642,0.848466
3645,0.848505
3648,0.848259
3651,0.847961
3654,0.848235
3657,0.848184
3660,0.848078
3663,0.848157
3666,0.847921
3669,0.84782
3672,0.847682
3675,0.847592
3678,0.847655
3681,0.84789
3684,0.84769
3687,0.847682
3690,0.848004
3693,0.847722
3696,0.8476
3699,0.847197
3702,0.847146
3705,0.846695
3708,0.845523
3711,0.844955
3714,0.844826
3717,0.84483
3720,0.845026
3723,0.844896
3726,0.844747
3729,0.844947
3732,0.845045
3735,0.844857
3738,0.845594
3741,0.845778
3744,0.845845
3747,0.84588
3750,0.845406
3753,0.845911
3756,0.845778
3759,0.845703
3762,0.845645
3765,0.846119
3768,0.846236
3771,0.846268
3774,0.846174
3777,0.846013
3780,0.846142
3783,0.846217
3786,0.845978
3789,0.846236
3792,0.846091
3795,0.845903
3798,0.845899
3801,0.845876
3804,0.845602
3807,0.845637
3810,0.845935
3813,0.845954
3816,0.846178
3819,0.846041
3822,0.845864
3825,0.846452
3828,0.846538
3831,0.846691
3834,0.846805
3837,0.847365
3840,0.847001
3843,0.84724
3846,0.847412
3849,0.847537
3852,0.847436
3855,0.847287
3858,0.846444
3861,0.846201
3864,0.845829
3867,0.845684
3870,0.845598
3873,0.845672
3876,0.845613
3879,0.845833
3882,0.845758
3885,0.846099
3888,0.845868
3891,0.845045
3894,0.845308
3897,0.845762
3900,0.846056
3903,0.846342
3906,0.846405
3909,0.846562
3912,0.846844
3915,0.846867
3918,0.846695
3921,0.846887
3924,0.846997
3927,0.84662
3930,0.846154
3933,0.846534
3936,0.846479
3939,0.84624
3942,0.845841
3945,0.845555
3948,0.845504
3951,0.845531
3954,0.846041
3957,0.846009
3960,0.845982
3963,0.846064
3966,0.846346
3969,0.846601
3972,0.846848
3975,0.846573
3978,0.846456
3981,0.846342
3984,0.846526
3987,0.846511
3990,0.846828
3993,0.846726
3996,0.846836
3999,0.846495
4002,0.846609
4005,0.846836
4008,0.84686
4011,0.846852
4014,0.846636
4017,0.847083
4020,0.847392
4023,0.847537
4026,0.847424
4029,0.847099
4032,0.847106
4035,0.847032
4038,0.847157
4041,0.847173
4044,0.846938
4047,0.846577
4050,0.846291
4053,0.846033
4056,0.846366
4059,0.846456
4062,0.846276
4065,0.846005
4068,0.846299
4071,0.846358
4074,0.846385
4077,0.845794
4080,0.846323
4083,0.846276
4086,0.845778
4089,0.845982
4092,0.846052
4095,0.845684
4098,0.845433
4101,0.845006
4104,0.845037
4107,0.84461
4110,0.844183
4113,0.844963
4116,0.845954
4119,0.846037
4122,0.845696
4125,0.846017
4128,0.846068
4131,0.845731
4134,0.846029
4137,0.845962
4140,0.845935
4143,0.846452
4146,0.846236
4149,0.846534
4152,0.846432
4155,0.846762
4158,0.846413
4161,0.846272
4164,0.846656
4167,0.846566
4170,0.846542
4173,0.846679
4176,0.847878
4179,0.847357
4182,0.847573
4185,0.847918
4188,0.848631
4191,0.848384
4194,0.848944
4197,0.849097
4200,0.849477
4203,0.84914
4206,0.849156
4209,0.849183
4212,0.849802
4215,0.84974
4218,0.849728
4221,0.849759
4224,0.849947
4227,0.850155
4230,0.850281
4233,0.850026
4236,0.850269
4239,0.850249
4242,0.849936
4245,0.850104
4248,0.850159
4251,0.850445
4254,0.850817
4257,0.850516
4260,0.850669
4263,0.850857
4266,0.850829
4269,0.851335
4272,0.851507
4275,0.85186
4278,0.851809
4281,0.85175
4284,0.852173
4287,0.852146
4290,0.852075
4293,0.851319
4296,0.851147
4299,0.850915
4302,0.851554
4305,0.851064
4308,0.853082
4311,0.853815
4314,0.852945
4317,0.853329
4320,0.85396
4323,0.853525
4326,0.853114
4329,0.853498
4332,0.854423
4335,0.854548
4338,0.854795
4341,0.85704
4344,0.856315
4347,0.856672
4350,0.856743
4353,0.85668
4356,0.856484
4359,0.856668
4362,0.856762
4365,0.857099
4368,0.856837
4371,0.856304
4374,0.856817
4377,0.856527
4380,0.856547
4383,0.858584
4386,0.857848
4389,0.857358
4392,0.857844
4395,0.857867
4398,0.858106
4401,0.858929
4404,0.85947
4407,0.858859
4410,0.859768
4413,0.861704
4416,0.861649
4419,0.860873
4422,0.861817
4425,0.861762
4428,0.863005
4431,0.862754
4434,0.864831
4437,0.863734
4440,0.861904
4443,0.863001
4446,0.86489
4449,0.866132
4452,0.866434
4455,0.86572
4458,0.866994
4461,0.867554
4464,0.868381
4467,0.868707
4470,0.869071
4473,0.871548
4476,0.87279
4479,0.873284
4482,0.876493
4485,0.878868
4488,0.879103
4491,0.880537
4494,0.878229
4497,0.876701
4500,0.875643
4503,0.871928
4506,0.870654
4509,0.86989
4512,0.868287
4515,0.867594
4518,0.867425
4521,0.867476
4524,0.866645
4527,0.866626
4530,0.866661
4533,0.870458
4536,0.869765
4539,0.871599
4542,0.872343
4545,0.874381
4548,0.873448
4551,0.874624
4554,0.874514
4557,0.875176
4560,0.874902
4563,0.874847
4566,0.871602
4569,0.872527
4572,0.873934
4575,0.873856
4578,0.875611
4581,0.877324
4584,0.879322
4587,0.879032
4590,0.87788
4593,0.878253
4596,0.877919
4599,0.879499
4602,0.879377
4605,0.879844
4608,0.878789
4611,0.878006
4614,0.875635
4617,0.875
4620,0.874169
4623,0.873997
4626,0.874322
4629,0.873166
4632,0.874122
4635,0.873918
4638,0.87549
4641,0.876352
4644,0.87567
4647,0.876767
4650,0.875623
4653,0.875748
4656,0.877716
4659,0.878092
4662,0.879706
4665,0.880255
4668,0.880663
4671,0.882595
4674,0.883504
4677,0.882979
4680,0.884303
4683,0.882516
4686,0.880714
4689,0.879103
4692,0.875545
4695,0.875968
4698,0.876109
4701,0.874859
4704,0.875533
4707,0.876211
4710,0.877688
4713,0.877414
4716,0.877669
4719,0.876771
4722,0.876317
4725,0.877226
4728,0.878186
4731,0.877935
4734,0.877183
4737,0.876795
4740,0.879111
4743,0.879448
4746,0.880514
4749,0.882324
4752,0.884236
4755,0.884276
4758,0.885871
4761,0.883304
4764,0.883386
4767,0.88399
4770,0.882312
4773,0.882148
4776,0.881909
4779,0.878413
4782,0.872582
4785,0.872382
4788,0.868381
4791,0.86601
4794,0.862919
4797,0.861598
4800,0.858114
4803,0.857562
4806,0.857522
4809,0.858788
4812,0.858757
4815,0.858459
4818,0.86123
4821,0.861414
4824,0.86016
4827,0.858851
4830,0.858874
4833,0.863565
4836,0.862676
4839,0.862103
4842,0.86572
4845,0.86817
4848,0.86844
4851,0.867786
4854,0.865121
4857,0.865262
4860,0.862813
4863,0.860787
4866,0.861108
4869,0.866285
4872,0.86701
4875,0.867621
4878,0.866892
4881,0.867021
4884,0.866665
4887,0.867331
4890,0.865407
4893,0.865842
4896,0.863028
4899,0.863177
4902,0.862335
4905,0.861218
4908,0.862566
4911,0.86411
4914,0.866069
4917,0.867739
4920,0.867629
4923,0.868444
4926,0.868585
4929,0.866747
4932,0.867213
4935,0.866379
4938,0.86634
4941,0.866367
4944,0.865117
4947,0.863201
4950,0.860199
4953,0.861665
4956,0.860183
4959,0.859466
4962,0.855986
4965,0.856206
4968,0.855308
4971,0.852169
4974,0.850418
4977,0.848729
4980,0.850288
4983,0.852087
4986,0.855042
4989,0.857479
4992,0.856515
4995,0.854427
4998,0.856468
5001,0.856284
5004,0.857319
5007,0.85918
5010,0.858961
5013,0.860881
5016,0.861923
5019,0.863209
5022,0.864478
5025,0.863593
5028,0.86266
5031,0.85949
5034,0.856605
5037,0.856417
5040,0.854336
5043,0.850061
5046,0.845982
5049,0.842196
5052,0.840511
5055,0.837184
5058,0.832388
5061,0.835389
5064,0.835303
5067,0.837709
5070,0.836608
5073,0.836902
5076,0.840241
5079,0.84307
5082,0.844171
5085,0.841589
5088,0.837411
5091,0.836071
5094,0.837451
5097,0.837776
5100,0.833293
5103,0.831302
5106,0.831416
5109,0.831122
5112,0.829625
5115,0.832787
5118,0.835969
5121,0.84039
5124,0.843395
5127,0.844904
5130,0.846123
5133,0.844426
5136,0.845331
5139,0.846091
5142,0.839312
5145,0.838446
5148,0.835687
5151,0.834241
5154,0.833548
5157,0.833814
5160,0.835197
5163,0.835421
5166,0.833571
5169,0.836851
5172,0.83615
5175,0.841847
5178,0.848039
5181,0.84994
5184,0.852318
5187,0.855986
5190,0.858255
5193,0.856723
5196,0.850641
5199,0.845782
5202,0.832364
5205,0.823915
5208,0.799756
5211,0.8013
5214,0.798875
5217,0.795363
5220,0.789999
5223,0.780362
5226,0.779508
5229,0.777306
5232,0.763006
5235,0.761737
5238,0.760682
5241,0.766702
5244,0.717855
5247,0.71633
5250,0.715695
5253,0.715131
5256,0.711396
5259,0.668181
5262,0.662871
5265,0.653658
5268,0.648697
5271,0.64624
5274,0.642905
5277,0.636172
5280,0.631466
5283,0.620133
5286,0.612907
5289,0.610313
5292,0.598278
5295,0.589896
5298,0.58863
5301,0.603486
5304,0.611233
5307,0.617974
5310,0.625263
5313,0.63098
5316,0.643669
5319,0.654492
5322,0.659222
5325,0.663078
5328,0.680039
5331,0.689287
5334,0.694758
5337,0.69966
5340,0.705585
5343,0.706126
5346,0.702383
5349,0.697532
5352,0.695537
5355,0.684984
5358,0.685384
5361,0.687672
5364,0.68844
5367,0.684173
5370,0.681163
5373,0.67025
5376,0.66358
5379,0.661354
5382,0.652216
5385,0.643038
5388,0.638241
5391,0.632195
5394,0.625466
5397,0.626854
5400,0.621524
5403,0.624075
5406,0.624334
5409,0.62451
5412,0.626419
5415,0.628754
5418,0.631917
5421,0.63321
5424,0.633962
5427,0.632587
5430,0.631826
5433,0.619616
5436,0.623064
5439,0.623789
5442,0.622708
5445,0.6229
5448,0.620105
5451,0.619588
5454,0.614251
5457,0.606359
5460,0.602875
5463,0.600089
5466,0.590531
5469,0.585601
5472,0.584069
5475,0.578539
5478,0.573923
5481,0.566082
5484,0.555011
5487,0.551437
5490,0.544783
5493,0.545324
5496,0.544372
5499,0.540508
5502,0.532886
5505,0.528826
5508,0.511023
5511,0.518316
5514,0.520229
5517,0.523877
5520,0.526232
5523,0.526691
5526,0.529469
5529,0.52805
5532,0.527635
5535,0.52905
5538,0.533928
5541,0.533901
5544,0.538894
5547,0.541108
5550,0.541809
5553,0.541997
5556,0.540124
5559,0.538572
5562,0.533697
5565,0.522215
5568,0.518395
5571,0.510165
5574,0.508116
5577,0.503793
5580,0.497613
5583,0.491222
5586,0.490383
5589,0.489945
5592,0.484333
5595,0.479646
5598,0.466299
5601,0.458356
5604,0.454876
5607,0.449962
5610,0.448876
5613,0.448422
5616,0.453633
5619,0.459014
5622,0.462259
5625,0.469649
5628,0.477992
5631,0.479619
5634,0.489607
5637,0.496638
5640,0.498417
5643,0.502743
5646,0.513966
5649,0.502704
5652,0.492037
5655,0.494655
5658,0.48603
5661,0.492155
5664,0.497371
5667,0.502528
5670,0.508696
5673,0.517689
5676,0.519351
5679,0.531275
5682,0.542687
5685,0.54599
5688,0.545195
5691,0.539046
5694,0.526616
5697,0.523783
5700,0.526886
5703,0.530096
5706,0.545602
5709,0.558005
5712,0.566344
5715,0.581698
5718,0.617966
5721,0.629867
2,0.260933
5,0.256051
8,0.253343
11,0.249506
14,0.246085
17,0.245415
20,0.246356
23,0.25127
26,0.252708
29,0.260248
32,0.269457
35,0.274006
38,0.283842
41,0.292942
44,0.29579
47,0.302339
50,0.309404
53,0.310858
56,0.317391
59,0.316532
62,0.319926
65,0.324311
68,0.328986
71,0.330283
74,0.330942
77,0.329331
80,0.329386
83,0.325687
86,0.325028
89,0.324699
92,0.322238
95,0.322936
98,0.322124
101,0.321721
104,0.322994
107,0.323331
110,0.322301
113,0.324146
116,0.32564
119,0.324538
122,0.326051
125,0.325777
128,0.323273
131,0.322136
134,0.310047
137,0.309894
140,0.308483
143,0.307406
146,0.306026
149,0.305117
152,0.304721
155,0.302648
158,0.302096
161,0.30141
164,0.299972
167,0.29978
170,0.299517
173,0.29965
176,0.299713
179,0.29978
182,0.299427
185,0.299823
188,0.298561
191,0.297934
194,0.297766
197,0.29699
200,0.296845
203,0.296006
206,0.296206
209,0.290939
212,0.291496
215,0.292797
218,0.294309
221,0.295986
224,0.296453
227,0.298204
230,0.297793
233,0.297883
236,0.296073
239,0.29757
242,0.298882
245,0.300599
248,0.30351
251,0.304898
254,0.30978
257,0.316129
260,0.31886
263,0.327219
266,0.335401
269,0.337513
272,0.344955
275,0.350712
278,0.353502
281,0.361135
284,0.370345
287,0.373041
290,0.379926
293,0.384965
296,0.390773
299,0.395648
302,0.400656
305,0.403254
308,0.407894
311,0.409791
314,0.410214
317,0.40896
320,0.409262
323,0.408509
326,0.40769
329,0.405425
332,0.406738
335,0.40347
338,0.402137
341,0.400668
344,0.398846
347,0.398019
350,0.395087
353,0.393136
356,0.392219
359,0.383394
362,0.386611
365,0.391212
368,0.393473
371,0.399237
374,0.403595
377,0.406091
380,0.410574
383,0.414011
386,0.41572
389,0.418161
392,0.422574
395,0.423663
398,0.426461
401,0.427539
404,0.429102
407,0.431943
410,0.433264
413,0.432794
416,0.433989
419,0.432112
422,0.433287
425,0.431148
428,0.431163
431,0.430223
434,0.419874
437,0.420371
440,0.421065
443,0.419341
446,0.418859
449,0.417083
452,0.414305
455,0.412005
458,0.410288
461,0.408129
464,0.403599
467,0.400613
470,0.397603
473,0.393716
476,0.392748
479,0.389715
482,0.388531
485,0.387477
488,0.385624
491,0.383414
494,0.381791
497,0.380071
500,0.378288
503,0.377916
506,0.377292
509,0.370156
512,0.370505
515,0.369443
518,0.36717
521,0.366724
524,0.364705
527,0.364655
530,0.363949
533,0.364028
536,0.363632
539,0.362515
542,0.362002
545,0.360912
548,0.360238
551,0.360414
554,0.360097
557,0.359823
560,0.358365
563,0.357095
566,0.356982
569,0.35648
572,0.355927
575,0.355657
578,0.354458
581,0.353843
584,0.350418
587,0.350457
590,0.350857
593,0.350488
596,0.350159
599,0.350147
602,0.349955
605,0.350167
608,0.350151
611,0.350237
614,0.349567
617,0.349399
620,0.349332
623,0.349003
626,0.349297
629,0.349258
632,0.349818
635,0.349634
638,0.34965
641,0.349399
644,0.349458
647,0.349979
650,0.349583
653,0.349634
656,0.34961
659,0.349877
662,0.350147
665,0.350194
668,0.350598
671,0.35021
674,0.350398
677,0.349873
680,0.350335
683,0.350096
686,0.349947
689,0.349861
692,0.349998
695,0.349513
698,0.34994
701,0.349587
704,0.349947
707,0.350077
710,0.349783
713,0.349481
716,0.348356
719,0.348208
722,0.347702
725,0.348321
728,0.347753
731,0.348098
734,0.346856
737,0.347373
740,0.34751
743,0.347588
746,0.348325
749,0.349168
752,0.349219
755,0.34916
758,0.349148
761,0.34916
764,0.348944
767,0.349469
770,0.349846
773,0.349783
776,0.349501
779,0.349654
782,0.349544
785,0.348944
788,0.348819
791,0.348086
794,0.34778
797,0.347353
800,0.34731
803,0.347134
806,0.346762
809,0.342659
812,0.342302
815,0.34269
818,0.342643
821,0.342435
824,0.342043
827,0.341381
830,0.340903
833,0.340409
836,0.340076
839,0.340354
842,0.341291
845,0.341926
848,0.343446
851,0.344532
854,0.344575
857,0.34512
860,0.346162
863,0.346334
866,0.34664
869,0.345958
872,0.345374
875,0.345135
878,0.344077
881,0.343423
884,0.339849
887,0.339144
890,0.338885
893,0.337976
896,0.337094
899,0.336918
902,0.336232
905,0.336306
908,0.335809
911,0.335926
914,0.336056
917,0.336393
920,0.336628
923,0.336706
926,0.336506
929,0.336976
932,0.337333
935,0.337208
938,0.336843
941,0.337553
944,0.337815
947,0.337929
950,0.337897
953,0.337776
956,0.337458
959,0.340425
962,0.341052
965,0.340644
968,0.340648
971,0.340974
974,0.341177
977,0.34142
980,0.341589
983,0.34162
986,0.341593
989,0.341557
992,0.34171
995,0.342204
998,0.342216
1001,0.342361
1004,0.342451
1007,0.342518
1010,0.342666
1013,0.34249
1016,0.342553
1019,0.34296
1022,0.343203
1025,0.343607
1028,0.345359
1031,0.347584
1034,0.350089
1037,0.352659
1040,0.355308
1043,0.356762
1046,0.359686
1049,0.361582
1052,0.362491
1055,0.364776
1058,0.366802
1061,0.368138
1064,0.369647
1067,0.3717
1070,0.372519
1073,0.373981
1076,0.375482
1079,0.376038
1082,0.377406
1085,0.378225
1088,0.378519
1091,0.378503
1094,0.377947
1097,0.377151
1100,0.37714
1103,0.375768
1106,0.375043
1109,0.368601
1112,0.368859
1115,0.369157
1118,0.368573
1121,0.367703
1124,0.36719
1127,0.366653
1130,0.366144
1133,0.36487
1136,0.363973
1139,0.363154
1142,0.362468
1145,0.361845
1148,0.361304
1151,0.360916
1154,0.361284
1157,0.363283
1160,0.362958
1163,0.36556
1166,0.367421
1169,0.36844
1172,0.37259
1175,0.376325
1178,0.377618
1181,0.381062
1184,0.378217
1187,0.38004
1190,0.38428
1193,0.387007
1196,0.387842
1199,0.38968
1202,0.39149
1205,0.392595
1208,0.394903
1211,0.396063
1214,0.396961
1217,0.398626
1220,0.401032
1223,0.402
1226,0.406264
1229,0.409128
1232,0.410829
1235,0.412941
1238,0.416958
1241,0.418224
1244,0.422883
1247,0.425556
1250,0.427049
1253,0.430019
1256,0.432825
1259,0.431747
1262,0.437966
1265,0.440419
1268,0.441387
1271,0.448245
1274,0.453927
1277,0.455844
1280,0.461569
1283,0.46673
1286,0.469802
1289,0.475285
1292,0.480108
1295,0.483776
1298,0.489972
1301,0.495897
1304,0.497566
1307,0.502179
1310,0.507571
1313,0.509519
1316,0.514734
1319,0.517905
1322,0.521663
1325,0.525017
1328,0.527466
1331,0.528756
1334,0.538541
1337,0.540833
1340,0.541335
1343,0.544885
1346,0.547918
1349,0.54833
1352,0.552143
1355,0.553671
1358,0.553628
1361,0.556018
1364,0.558812
1367,0.559028
1370,0.560991
1373,0.564428
1376,0.565208
1379,0.567136
1382,0.569926
1385,0.571129
1388,0.572842
1391,0.575565
1394,0.576937
1397,0.5789
1400,0.579758
1403,0.580577
1406,0.58122
1409,0.595754
1412,0.59657
1415,0.596812
1418,0.597416
1421,0.597146
1424,0.5976
1427,0.597632
1430,0.598603
1433,0.599779
1436,0.601006
1439,0.600959
1442,0.602342
1445,0.601515
1448,0.601456
1451,0.602216
1454,0.602667
1457,0.60206
1460,0.60215
1463,0.602271
1466,0.602381
1469,0.602824
1472,0.603196
1475,0.603059
1478,0.6034
1481,0.60398
1484,0.602624
1487,0.602585
1490,0.603796
1493,0.603126
1496,0.603271
1499,0.603231
1502,0.602205
1505,0.602487
1508,0.602185
1511,0.602695
1514,0.602781
1517,0.601636
1520,0.600586
1523,0.600586
1526,0.599795
1529,0.59943
1532,0.599708
1535,0.600602
1538,0.600719
1541,0.60282
1544,0.60483
1547,0.60639
1550,0.614408
1553,0.621156
1556,0.625419
1559,0.644637
1562,0.646502
1565,0.650766
1568,0.656808
1571,0.665908
1574,0.670548
1577,0.673886
1580,0.677938
1583,0.681967
1586,0.682782
1589,0.685917
1592,0.688272
1595,0.689502
1598,0.688868
1601,0.69047
1604,0.691344
1607,0.691387
1610,0.691199
1613,0.692175
1616,0.692622
1619,0.693041
1622,0.693531
1625,0.695138
1628,0.695177
1631,0.695835
1634,0.70979
1637,0.709292
1640,0.708716
1643,0.707156
1646,0.706396
1649,0.706537
1652,0.70533
1655,0.706322
1658,0.70591
1661,0.704766
1664,0.703767
1667,0.702231
1670,0.701694
1673,0.701494
1676,0.699895
1679,0.699715
1682,0.700079
1685,0.699723
1688,0.699871
1691,0.699887
1694,0.700232
1697,0.700138
1700,0.700726
1703,0.700534
1706,0.701259
1709,0.695322
1712,0.69558
1715,0.694272
1718,0.695071
1721,0.695467
1724,0.694977
1727,0.694542
1730,0.694256
1733,0.694162
1736,0.693672
1739,0.693523
1742,0.693245
1745,0.692708
1748,0.692387
1751,0.692618
1754,0.691826
1757,0.691971
1760,0.692246
1763,0.692869
1766,0.693166
1769,0.693159
1772,0.693206
1775,0.693268
1778,0.696854
1781,0.698484
1784,0.717373
1787,0.721617
1790,0.724117
1793,0.730818
1796,0.732295
1799,0.735191
1802,0.736206
1805,0.73657
1808,0.737201
1811,0.738463
1814,0.739078
1817,0.739259
1820,0.742974
1823,0.748797
1826,0.750396
1829,0.756293
1832,0.757704
1835,0.759217
1838,0.760181
1841,0.761748
1844,0.762771
1847,0.763625
1850,0.764699
1853,0.764441
1856,0.763594
1859,0.784892
1862,0.784124
1865,0.78347
1868,0.783658
1871,0.783646
1874,0.783431
1877,0.783309
1880,0.785292
1883,0.784093
1886,0.784842
1889,0.785649
1892,0.790351
1895,0.791543
1898,0.796155
1901,0.798059
1904,0.797942
1907,0.800199
1910,0.801339
1913,0.801861
1916,0.804949
1919,0.805211
1922,0.805329
1925,0.806669
1928,0.806387
1931,0.806207
1934,0.817986
1937,0.818147
1940,0.818045
1943,0.817818
1946,0.817351
1949,0.817379
1952,0.817735
1955,0.817877
1958,0.817253
1961,0.822379
1964,0.825212
1967,0.825377
1970,0.824515
1973,0.825522
1976,0.823504
1979,0.823492
1982,0.823065
1985,0.821928
1988,0.824969
1991,0.824099
1994,0.821936
1997,0.822336
2000,0.821568
2003,0.820847
2006,0.820682
2009,0.820443
2012,0.819793
2015,0.819581
2018,0.819366
2021,0.818421
2024,0.817344
2027,0.818409
2030,0.818449
2033,0.818621
2036,0.818758
2039,0.817461
2042,0.817877
2045,0.817669
2048,0.816575
2051,0.81672
2054,0.815647
2057,0.814487
2060,0.813609
2063,0.812763
2066,0.812441
2069,0.810619
2072,0.809091
2075,0.81027
2078,0.809749
2081,0.810078
2084,0.815369
2087,0.813707
2090,0.813127
2093,0.81368
2096,0.81297
2099,0.811125
2102,0.810811
2105,0.813013
2108,0.812543
2111,0.81685
2114,0.816681
2117,0.819871
2120,0.819358
2123,0.82207
2126,0.82205
2129,0.824382
2132,0.825522
2135,0.826439
2138,0.826533
2141,0.827093
2144,0.827411
2147,0.827795
2150,0.828136
2153,0.828665
2156,0.829609
2159,0.837357
2162,0.837795
2165,0.838219
2168,0.838336
2171,0.838176
2174,0.838638
2177,0.838854
2180,0.838638
2183,0.838712
2186,0.838807
2189,0.838983
2192,0.839116
2195,0.839269
2198,0.839198
2201,0.838928
2204,0.839308
2207,0.839002
2210,0.838889
2213,0.838971
2216,0.838646
2219,0.838712
2222,0.838665
2225,0.838634
2228,0.838814
2231,0.838904
2234,0.8399
2237,0.840155
2240,0.840088
2243,0.83981
2246,0.839422
2249,0.839477
2252,0.840253
2255,0.840253
2258,0.839982
2261,0.840084
2264,0.840084
2267,0.840413
2270,0.840601
2273,0.840974
2276,0.841083
2279,0.84115
2282,0.841052
2285,0.840883
2288,0.841303
2291,0.841389
2294,0.841871
2297,0.841934
2300,0.842036
2303,0.842275
2306,0.84229
2309,0.846585
2312,0.846601
2315,0.846495
2318,0.846338
2321,0.846217
2324,0.846397
2327,0.846236
2330,0.846511
2333,0.846397
2336,0.846593
2339,0.846483
2342,0.846307
2345,0.846072
2348,0.845751
2351,0.845735
2354,0.845331
2357,0.845441
2360,0.845406
2363,0.845609
2366,0.84566
2369,0.845464
2372,0.845676
2375,0.845355
2378,0.844908
2381,0.84461
2384,0.84289
2387,0.842553
2390,0.842396
2393,0.842161
2396,0.842326
2399,0.842376
2402,0.841808
2405,0.841354
2408,0.841628
2411,0.841628
2414,0.841887
2417,0.841369
2420,0.841311
2423,0.841381
2426,0.840797
2429,0.840821
2432,0.839645
2435,0.839868
2438,0.84095
2441,0.841718
2444,0.842733
2447,0.843372
2450,0.843678
2453,0.843489
2456,0.843732
2459,0.8455
2462,0.845323
2465,0.845069
2468,0.845574
2471,0.845837
2474,0.846378
2477,0.846562
2480,0.847028
2483,0.847526
2486,0.847643
2489,0.847769
2492,0.847878
2495,0.847988
2498,0.848541
2501,0.848568
2504,0.848505
2507,0.848776
2510,0.84876
2513,0.848866
2516,0.84925
2519,0.849164
2522,0.849277
2525,0.84925
2528,0.84925
2531,0.849779
2534,0.850398
2537,0.85019
2540,0.850798
2543,0.851245
2546,0.85099
2549,0.8507
2552,0.850915
2555,0.85097
2558,0.850919
2561,0.850915
2564,0.851002
2567,0.85077
2570,0.850892
2573,0.850763
2576,0.850598
2579,0.850308
2582,0.850014
2585,0.850422
2588,0.850379
2591,0.850265
2594,0.850089
2597,0.850324
2600,0.850402
2603,0.850437
2606,0.850669
2609,0.84932
2612,0.849034
2615,0.848866
2618,0.848791
2621,0.848423
2624,0.848537
2627,0.848498
2630,0.848513
2633,0.848788
2636,0.848748
2639,0.849332
2642,0.84916
2645,0.849383
2648,0.849324
2651,0.849352
2654,0.849724
2657,0.849732
2660,0.849842
2663,0.850194
2666,0.850265
2669,0.850379
2672,0.850285
2675,0.850347
2678,0.850265
2681,0.850343
2684,0.850484
2687,0.850731
2690,0.850759
2693,0.850951
2696,0.851013
2699,0.850888
2702,0.850821
2705,0.850872
2708,0.85088
2711,0.850833
2714,0.851809
2717,0.85215
2720,0.852193
2723,0.852177
2726,0.852232
2729,0.852295
2732,0.852393
2735,0.852373
2738,0.852314
2741,0.852738
2744,0.852753
2747,0.852824
2750,0.852569
2753,0.851938
2756,0.851542
2759,0.851386
2762,0.85146
2765,0.851593
2768,0.851738
2771,0.851738
2774,0.851895
2777,0.851754
2780,0.851711
2783,0.851805
2786,0.851746
2789,0.850394
2792,0.850312
2795,0.850414
2798,0.850559
2801,0.85061
2804,0.850555
2807,0.850328
2810,0.850045
2813,0.849724
2816,0.849638
2819,0.849395
2822,0.849258
2825,0.848933
2828,0.848772
2831,0.848791
2834,0.848748
2837,0.848768
2840,0.848756
2843,0.848788
2846,0.848968
2849,0.848913
2852,0.848933
2855,0.848878
2858,0.848878
2861,0.848925
2864,0.850265
2867,0.849712
2870,0.849959
2873,0.849673
2876,0.849771
2879,0.849716
2882,0.850006
2885,0.850049
2888,0.850034
2891,0.850065
2894,0.850226
2897,0.85032
2900,0.850469
2903,0.850598
2906,0.850527
2909,0.850335
2912,0.850049
2915,0.850053
2918,0.849755
2921,0.849297
2924,0.849113
2927,0.849168
2930,0.848737
2933,0.848599
2936,0.848427
2939,0.84702
2942,0.846954
2945,0.847212
2948,0.847412
2951,0.848043
2954,0.848368
2957,0.848936
2960,0.848854
2963,0.848956
2966,0.84914
2969,0.84898
2972,0.848866
2975,0.848725
2978,0.848893
2981,0.848948
2984,0.848948
2987,0.848776
2990,0.848682
2993,0.848858
2996,0.849062
2999,0.849477
3002,0.849426
3005,0.849497
3008,0.849775
3011,0.849779
3014,0.850077
3017,0.849951
3020,0.849563
3023,0.849689
3026,0.849591
3029,0.849583
3032,0.84715
3035,0.84693
3038,0.846848
3041,0.847134
3044,0.846946
3047,0.847099
3050,0.847244
3053,0.847114
3056,0.84762
3059,0.847906
3062,0.848055
3065,0.847949
3068,0.847667
3071,0.847424
3074,0.846879
3077,0.846773
3080,0.84673
3083,0.846495
3086,0.846464
3089,0.84691
3092,0.84693
3095,0.846993
3098,0.846773
3101,0.846812
3104,0.846856
3107,0.848454
3110,0.848255
3113,0.848176
3116,0.847855
3119,0.847777
3122,0.847855
3125,0.84791
3128,0.848008
3131,0.84807
3134,0.848106
3137,0.8482
3140,0.847992
3143,0.848019
3146,0.847694
3149,0.847643
3152,0.847863
3155,0.847824
3158,0.848168
3161,0.847882
3164,0.847698
3167,0.847741
3170,0.847871
3173,0.847929
3176,0.848227
3179,0.848302
3182,0.846742
3185,0.846844
3188,0.846765
3191,0.846491
3194,0.846812
3197,0.846961
3200,0.847032
3203,0.847044
3206,0.846989
3209,0.847008
3212,0.847079
3215,0.847616
3218,0.847381
3221,0.847326
3224,0.847651
3227,0.84762
3230,0.847588
3233,0.847773
3236,0.847906
3239,0.847608
3242,0.847506
3245,0.84731
3248,0.847232
3251,0.847334
3254,0.84733
3257,0.846366
3260,0.846381
3263,0.846084
3266,0.846213
3269,0.846491
3272,0.846668
3275,0.846652
3278,0.846491
3281,0.846468
3284,0.846491
3287,0.84646
3290,0.84664
3293,0.846448
3296,0.846652
3299,0.846656
3302,0.846436
3305,0.846315
3308,0.84615
3311,0.846111
3314,0.846189
3317,0.846001
3320,0.845907
3323,0.845974
3326,0.846009
3329,0.845982
3332,0.846358
3335,0.846052
3338,0.846479
3341,0.846758
3344,0.846722
3347,0.846566
3350,0.846523
3353,0.846452
3356,0.846679
3359,0.847353
3362,0.847224
3365,0.847342
3368,0.847247
3371,0.847369
3374,0.847208
3377,0.847024
3380,0.846444
3383,0.845539
3386,0.845606
3389,0.845378
3392,0.844986
3395,0.844967
3398,0.845225
3401,0.844798
3404,0.84541
3407,0.846111
3410,0.845751
3413,0.845594
3416,0.845347
3419,0.845472
3422,0.845801
3425,0.845939
3428,0.845253
3431,0.84577
3434,0.845351
3437,0.845186
3440,0.844802
3443,0.845108
3446,0.845331
3449,0.845558
3452,0.845884
3455,0.846577
3458,0.847055
3461,0.847153
3464,0.846973
3467,0.846887
3470,0.846691
3473,0.846683
3476,0.846581
3479,0.846487
3482,0.845316
3485,0.844971
3488,0.844869
3491,0.844214
3494,0.844489
3497,0.844869
3500,0.844555
3503,0.845308
3506,0.845562
3509,0.846236
3512,0.846648
3515,0.847357
3518,0.846664
3521,0.847436
3524,0.847808
3527,0.847667
3530,0.847773
3533,0.847984
3536,0.847494
3539,0.847169
3542,0.847291
3545,0.847369
3548,0.84724
3551,0.847298
3554,0.847314
3557,0.846875
3560,0.846926
3563,0.847106
3566,0.846981
3569,0.847075
3572,0.847322
3575,0.846867
3578,0.846867
3581,0.847204
3584,0.847106
3587,0.846946
3590,0.847369
3593,0.847228
3596,0.847271
3599,0.846715
3602,0.846577
3605,0.84666
3608,0.846852
3611,0.846852
3614,0.846479
3617,0.846354
3620,0.846534
3623,0.846601
3626,0.84657
3629,0.846609
3632,0.849207
3635,0.849003
3638,0.848537
3641,0.848466
3644,0.848505
3647,0.848259
3650,0.847961
3653,0.848235
3656,0.848184
3659,0.848078
3662,0.848157
3665,0.847921
3668,0.84782
3671,0.847682
3674,0.847592
3677,0.847655
3680,0.84789
3683,0.84769
3686,0.847682
3689,0.848004
3692,0.847722
3695,0.8476
3698,0.847197
3701,0.847146
3704,0.846695
3707,0.845523
3710,0.844955
3713,0.844826
3716,0.84483
3719,0.845026
3722,0.844896
3725,0.844747
3728,0.844947
3731,0.845045
3734,0.844857
3737,0.845594
3740,0.845778
3743,0.845845
3746,0.84588
3749,0.845406
3752,0.845911
3755,0.845778
3758,0.845703
3761,0.845645
3764,0.846119
3767,0.846236
3770,0.846268
3773,0.846174
3776,0.846013
3779,0.846142
3782,0.846217
3785,0.845978
3788,0.846236
3791,0.846091
3794,0.845903
3797,0.845899
3800,0.845876
3803,0.845602
3806,0.845637
3809,0.845935
3812,0.845954
3815,0.846178
3818,0.846041
3821,0.845864
3824,0.846452
3827,0.846538
3830,0.846691
3833,0.846805
3836,0.847365
3839,0.847001
3842,0.84724
3845,0.847412
3848,0.847537
3851,0.847436
3854,0.847287
3857,0.846444
3860,0.846201
3863,0.845829
3866,0.845684
3869,0.845598
3872,0.845672
3875,0.845613
3878,0.845833
3881,0.845758
3884,0.846099
3887,0.845868
3890,0.845045
3893,0.845308
3896,0.845762
3899,0.846056
3902,0.846342
3905,0.846405
3908,0.846562
3911,0.846844
3914,0.846867
3917,0.846695
3920,0.846887
3923,0.846997
3926,0.84662
3929,0.846154
3932,0.846534
3935,0.846479
3938,0.84624
3941,0.845841
3944,0.845555
3947,0.845504
3950,0.845531
3953,0.846041
3956,0.846009
3959,0.845982
3962,0.846064
3965,0.846346
3968,0.846601
3971,0.846848
3974,0.846573
3977,0.846456
3980,0.846342
3983,0.846526
3986,0.846511
3989,0.846828
3992,0.846726
3995,0.846836
3998,0.846495
4001,0.846609
4004,0.846836
4007,0.84686
4010,0.846852
4013,0.846636
4016,0.847083
4019,0.847392
4022,0.847537
4025,0.847424
4028,0.847099
4031,0.847106
4034,0.847032
4037,0.847157
4040,0.847173
4043,0.846938
4046,0.846577
4049,0.846291
4052,0.846033
4055,0.846366
4058,0.846456
4061,0.846276
4064,0.846005
4067,0.846299
4070,0.846358
4073,0.846385
4076,0.845794
4079,0.846323
4082,0.846276
4085,0.845778
4088,0.845982
4091,0.846052
4094,0.845684
4097,0.845433
4100,0.845006
4103,0.845037
4106,0.84461
4109,0.844183
4112,0.844963
4115,0.845954
4118,0.846037
4121,0.845696
4124,0.846017
4127,0.846068
4130,0.845731
4133,0.846029
4136,0.845962
4139,0.845935
4142,0.846452
4145,0.846236
4148,0.846534
4151,0.846432
4154,0.846762
4157,0.846413
4160,0.846272
4163,0.846656
4166,0.846566
4169,0.846542
4172,0.846679
4175,0.847878
4178,0.847357
4181,0.847573
4184,0.847918
4187,0.848631
4190,0.848384
4193,0.848944
4196,0.849097
4199,0.849477
4202,0.84914
4205,0.849156
4208,0.849183
4211,0.849802
4214,0.84974
4217,0.849728
4220,0.849759
4223,0.849947
4226,0.850155
4229,0.850281
4232,0.850026
4235,0.850269
4238,0.850249
4241,0.849936
4244,0.850104
4247,0.850159
4250,0.850445
4253,0.850817
4256,0.850516
4259,0.850669
4262,0.850857
4265,0.850829
4268,0.851335
4271,0.851507
4274,0.85186
4277,0.851809
4280,0.85175
4283,0.852173
4286,0.852146
4289,0.852075
4292,0.851319
4295,0.851147
4298,0.850915
4301,0.851554
4304,0.851064
4307,0.853082
4310,0.853815
4313,0.852945
4316,0.853329
4319,0.85396
4322,0.853525
4325,0.853114
4328,0.853498
4331,0.854423
4334,0.854548
4337,0.854795
4340,0.85704
4343,0.856315
4346,0.856672
4349,0.856743
4352,0.85668
4355,0.856484
4358,0.856668
4361,0.856762
4364,0.857099
4367,0.856837
4370,0.856304
4373,0.856817
4376,0.856527
4379,0.856547
4382,0.858584
4385,0.857848
4388,0.857358
4391,0.857844
4394,0.857867
4397,0.858106
4400,0.858929
4403,0.85947
4406,0.858859
4409,0.859768
4412,0.861704
4415,0.861649
4418,0.860873
4421,0.861817
4424,0.861762
4427,0.863005
4430,0.862754
4433,0.864831
4436,0.863734
4439,0.861904
4442,0.863001
4445,0.86489
4448,0.866132
4451,0.866434
4454,0.86572
4457,0.866994
4460,0.867554
4463,0.868381
4466,0.868707
4469,0.869071
4472,0.871548
4475,0.87279
4478,0.873284
4481,0.876493
4484,0.878868
4487,0.879103
4490,0.880537
4493,0.878229
4496,0.876701
4499,0.875643
4502,0.871928
4505,0.870654
4508,0.86989
4511,0.868287
4514,0.867594
4517,0.867425
4520,0.867476
4523,0.866645
4526,0.866626
4529,0.866661
4532,0.870458
4535,0.869765
4538,0.871599
4541,0.872343
4544,0.874381
4547,0.873448
4550,0.874624
4553,0.874514
4556,0.875176
4559,0.874902
4562,0.874847
4565,0.871602
4568,0.872527
4571,0.873934
4574,0.873856
4577,0.875611
4580,0.877324
4583,0.879322
4586,0.879032
4589,0.87788
4592,0.878253
4595,0.877919
4598,0.879499
4601,0.879377
4604,0.879844
4607,0.878789
4610,0.878006
4613,0.875635
4616,0.875
4619,0.874169
4622,0.873997
4625,0.874322
4628,0.873166
4631,0.874122
4634,0.873918
4637,0.87549
4640,0.876352
4643,0.87567
4646,0.876767
4649,0.875623
4652,0.875748
4655,0.877716
4658,0.878092
4661,0.879706
4664,0.880255
4667,0.880663
4670,0.882595
4673,0.883504
4676,0.882979
4679,0.884303
4682,0.882516
4685,0.880714
4688,0.879103
4691,0.875545
4694,0.875968
4697,0.876109
4700,0.874859
4703,0.875533
4706,0.876211
4709,0.877688
4712,0.877414
4715,0.877669
4718,0.876771
4721,0.876317
4724,0.877226
4727,0.878186
4730,0.877935
4733,0.877183
4736,0.876795
4739,0.879111
4742,0.879448
4745,0.880514
4748,0.882324
4751,0.884236
4754,0.884276
4757,0.885871
4760,0.883304
4763,0.883386
4766,0.88399
4769,0.882312
4772,0.882148
4775,0.881909
4778,0.878413
4781,0.872582
4784,0.872382
4787,0.868381
4790,0.86601
4793,0.862919
4796,0.861598
4799,0.858114
4802,0.857562
4805,0.857522
4808,0.858788
4811,0.858757
4814,0.858459
4817,0.86123
4820,0.861414
4823,0.86016
4826,0.858851
4829,0.858874
4832,0.863565
4835,0.862676
4838,0.862103
4841,0.86572
4844,0.86817
4847,0.86844
4850,0.867786
4853,0.865121
4856,0.865262
4859,0.862813
4862,0.860787
4865,0.861108
4868,0.866285
4871,0.86701
4874,0.867621
4877,0.866892
4880,0.867021
4883,0.866665
4886,0.867331
4889,0.865407
4892,0.865842
4895,0.863028
4898,0.863177
4901,0.862335
4904,0.861218
4907,0.862566
4910,0.86411
4913,0.866069
4916,0.867739
4919,0.867629
4922,0.868444
4925,0.868585
4928,0.866747
4931,0.867213
4934,0.866379
4937,0.86634
4940,0.866367
4943,0.865117
4946,0.863201
4949,0.860199
4952,0.861665
4955,0.860183
4958,0.859466
4961,0.855986
4964,0.856206
4967,0.855308
4970,0.852169
4973,0.850418
4976,0.848729
4979,0.850288
4982,0.852087
4985,0.855042
4988,0.857479
4991,0.856515
4994,0.854427
4997,0.856468
5000,0.856284
5003,0.857319
5006,0.85918
5009,0.858961
5012,0.860881
5015,0.861923
5018,0.863209
5021,0.864478
5024,0.863593
5027,0.86266
5030,0.85949
5033,0.856605
5036,0.856417
5039,0.854336
5042,0.850061
5045,0.845982
5048,0.842196
5051,0.840511
5054,0.837184
5057,0.832388
5060,0.835389
5063,0.835303
5066,0.837709
5069,0.836608
5072,0.836902
5075,0.840241
5078,0.84307
5081,0.844171
5084,0.841589
5087,0.837411
5090,0.836071
5093,0.837451
5096,0.837776
5099,0.833293
5102,0.831302
5105,0.831416
5108,0.831122
5111,0.829625
5114,0.832787
5117,0.835969
5120,0.84039
5123,0.843395
5126,0.844904
5129,0.846123
5132,0.844426
5135,0.845331
5138,0.846091
5141,0.839312
5144,0.838446
5147,0.835687
5150,0.834241
5153,0.833548
5156,0.833814
5159,0.835197
5162,0.835421
5165,0.833571
5168,0.836851
5171,0.83615
5174,0.841847
5177,0.848039
5180,0.84994
5183,0.852318
5186,0.855986
5189,0.858255
5192,0.856723
5195,0.850641
5198,0.845782
5201,0.832364
5204,0.823915
5207,0.799756
5210,0.8013
5213,0.798875
5216,0.795363
5219,0.789999
5222,0.780362
5225,0.779508
5228,0.777306
5231,0.763006
5234,0.761737
5237,0.760682
5240,0.766702
5243,0.717855
5246,0.71633
5249,0.715695
5252,0.715131
5255,0.711396
5258,0.668181
5261,0.662871
5264,0.653658
5267,0.648697
5270,0.64624
5273,0.642905
5276,0.636172
5279,0.631466
5282,0.620133
5285,0.612907
5288,0.610313
5291,0.598278
5294,0.589896
5297,0.58863
5300,0.603486
5303,0.611233
5306,0.617974
5309,0.625263
5312,0.63098
5315,0.643669
5318,0.654492
5321,0.659222
5324,0.663078
5327,0.680039
5330,0.689287
5333,0.694758
5336,0.69966
5339,0.705585
5342,0.706126
5345,0.702383
5348,0.697532
5351,0.695537
5354,0.684984
5357,0.685384
5360,0.687672
5363,0.68844
5366,0.684173
5369,0.681163
5372,0.67025
5375,0.66358
5378,0.661354
5381,0.652216
5384,0.643038
5387,0.638241
5390,0.632195
5393,0.625466
5396,0.626854
5399,0.621524
5402,0.624075
5405,0.624334
5408,0.62451
5411,0.626419
5414,0.628754
5417,0.631917
5420,0.63321
5423,0.633962
5426,0.632587
5429,0.631826
5432,0.619616
5435,0.623064
5438,0.623789
5441,0.622708
5444,0.6229
5447,0.620105
5450,0.619588
5453,0.614251
5456,0.606359
5459,0.602875
5462,0.600089
5465,0.590531
5468,0.585601
5471,0.584069
5474,0.578539
5477,0.573923
5480,0.566082
5483,0.555011
5486,0.551437
5489,0.544783
5492,0.545324
5495,0.544372
5498,0.540508
5501,0.532886
5504,0.528826
5507,0.511023
5510,0.518316
5513,0.520229
5516,0.523877
5519,0.526232
5522,0.526691
5525,0.529469
5528,0.52805
5531,0.527635
5534,0.52905
5537,0.533928
5540,0.533901
5543,0.538894
5546,0.541108
5549,0.541809
5552,0.541997
5555,0.540124
5558,0.538572
5561,0.533697
5564,0.522215
5567,0.518395
5570,0.510165
5573,0.508116
5576,0.503793
5579,0.497613
5582,0.491222
5585,0.490383
5588,0.489945
5591,0.484333
5594,0.479646
5597,0.466299
5600,0.458356
5603,0.454876
5606,0.449962
5609,0.448876
5612,0.448422
5615,0.453633
5618,0.459014
5621,0.462259
5624,0.469649
5627,0.477992
5630,0.479619
5633,0.489607
5636,0.496638
5639,0.498417
5642,0.502743
5645,0.513966
5648,0.502704
5651,0.492037
5654,0.494655
5657,0.48603
5660,0.492155
5663,0.497371
5666,0.502528
5669,0.508696
5672,0.517689
5675,0.519351
5678,0.531275
5681,0.542687
5684,0.54599
5687,0.545195
5690,0.539046
5693,0.526616
5696,0.523783
5699,0.526886
5702,0.530096
5705,0.545602
5708,0.558005
5711,0.566344
5714,0.581698
5717,0.617966
5720,0.629867
1,0.260933
4,0.256051
7,0.253343
10,0.249506
13,0.246085
16,0.245415
19,0.246356
22,0.25127
25,0.252708
28,0.260248
31,0.269457
34,0.274006
37,0.283842
40,0.292942
43,0.29579
46,0.302339
49,0.309404
52,0.310858
55,0.317391
58,0.316532
61,0.319926
64,0.324311
67,0.328986
70,0.330283
73,0.330942
76,0.329331
79,0.329386
82,0.325687
85,0.325028
88,0.324699
91,0.322238
94,0.322936
97,0.322124
100,0.321721
103,0.322994
106,0.323331
109,0.322301
112,0.324146
115,0.32564
118,0.324538
121,0.326051
124,0.325777
127,0.323273
130,0.322136
133,0.310047
136,0.309894
139,0.308483
142,0.307406
145,0.306026
148,0.305117
151,0.304721
154,0.302648
157,0.302096
160,0.30141
163,0.299972
166,0.29978
169,0.299517
172,0.29965
175,0.299713
178,0.29978
181,0.299427
184,0.299823
187,0.298561
190,0.297934
193,0.297766
196,0.29699
199,0.296845
202,0.296006
205,0.296206
208,0.290939
211,0.291496
214,0.292797
217,0.294309
220,0.295986
223,0.296453
226,0.298204
229,0.297793
232,0.297883
235,0.296073
238,0.29757
241,0.298882
244,0.300599
247,0.30351
250,0.304898
253,0.30978
256,0.316129
259,0.31886
262,0.327219
265,0.335401
268,0.337513
271,0.344955
274,0.350712
277,0.353502
280,0.361135
283,0.370345
286,0.373041
289,0.379926
292,0.384965
295,0.390773
298,0.395648
301,0.400656
304,0.403254
307,0.407894
310,0.409791
313,0.410214
316,0.40896
319,0.409262
322,0.408509
325,0.40769
328,0.405425
331,0.406738
334,0.40347
337,0.402137
340,0.400668
343,0.398846
346,0.398019
349,0.395087
352,0.393136
355,0.392219
358,0.383394
361,0.386611
364,0.391212
367,0.393473
370,0.399237
373,0.403595
376,0.406091
379,0.410574
382,0.414011
385,0.41572
388,0.418161
391,0.422574
394,0.423663
397,0.426461
400,0.427539
403,0.429102
406,0.431943
409,0.433264
412,0.432794
415,0.433989
418,0.432112
421,0.433287
424,0.431148
427,0.431163
430,0.430223
433,0.419874
436,0.420371
439,0.421065
442,0.419341
445,0.418859
448,0.417083
451,0.414305
454,0.412005
457,0.410288
460,0.408129
463,0.403599
466,0.400613
469,0.397603
472,0.393716
475,0.392748
478,0.389715
481,0.388531
484,0.387477
487,0.385624
490,0.383414
493,0.381791
496,0.380071
499,0.378288
502,0.377916
505,0.377292
508,0.370156
511,0.370505
514,0.369443
517,0.36717
520,0.366724
523,0.364705
526,0.364655
529,0.363949
532,0.364028
535,0.363632
538,0.362515
541,0.362002
544,0.360912
547,0.360238
550,0.360414
553,0.360097
556,0.359823
559,0.358365
562,0.357095
565,0.356982
568,0.35648
571,0.355927
574,0.355657
577,0.354458
580,0.353843
583,0.350418
586,0.350457
589,0.350857
592,0.350488
595,0.350159
598,0.350147
601,0.349955
604,0.350167
607,0.350151
610,0.350237
613,0.349567
616,0.349399
619,0.349332
622,0.349003
625,0.349297
628,0.349258
631,0.349818
634,0.349634
637,0.34965
640,0.349399
643,0.349458
646,0.349979
649,0.349583
652,0.349634
655,0.34961
658,0.349877
661,0.350147
664,0.350194
667,0.350598
670,0.35021
673,0.350398
676,0.349873
679,0.350335
682,0.350096
685,0.349947
688,0.349861
691,0.349998
694,0.349513
697,0.34994
700,0.349587
703,0.349947
706,0.350077
709,0.349783
712,0.349481
715,0.348356
718,0.348208
721,0.347702
724,0.348321
727,0.347753
730,0.348098
733,0.346856
736,0.347373
739,0.34751
742,0.347588
745,0.348325
748,0.349168
751,0.349219
754,0.34916
757,0.349148
760,0.34916
763,0.348944
766,0.349469
769,0.349846
772,0.349783
775,0.349501
778,0.349654
781,0.349544
784,0.348944
787,0.348819
790,0.348086
793,0.34778
796,0.347353
799,0.34731
802,0.347134
805,0.346762
808,0.342659
811,0.342302
814,0.34269
817,0.342643
820,0.342435
823,0.342043
826,0.341381
829,0.340903
832,0.340409
835,0.340076
838,0.340354
841,0.341291
844,0.341926
847,0.343446
850,0.344532
853,0.344575
856,0.34512
859,0.346162
862,0.346334
865,0.34664
868,0.345958
871,0.345374
874,0.345135
877,0.344077
880,0.343423
883,0.339849
886,0.339144
889,0.338885
892,0.337976
895,0.337094
898,0.336918
901,0.336232
904,0.336306
907,0.335809
910,0.335926
913,0.336056
916,0.336393
919,0.336628
922,0.336706
925,0.336506
928,0.336976
931,0.337333
934,0.337208
937,0.336843
940,0.337553
943,0.337815
946,0.337929
949,0.337897
952,0.337776
955,0.337458
958,0.340425
961,0.341052
964,0.340644
967,0.340648
970,0.340974
973,0.341177
976,0.34142
979,0.341589
982,0.34162
985,0.341593
988,0.341557
991,0.34171
994,0.342204
997,0.342216
1000,0.342361
1003,0.342451
1006,0.342518
1009,0.342666
1012,0.34249
1015,0.342553
1018,0.34296
1021,0.343203
1024,0.343607
1027,0.345359
1030,0.347584
1033,0.350089
1036,0.352659
1039,0.355308
1042,0.356762
1045,0.359686
1048,0.361582
1051,0.362491
1054,0.364776
1057,0.366802
1060,0.368138
1063,0.369647
1066,0.3717
1069,0.372519
1072,0.373981
1075,0.375482
1078,0.376038
1081,0.377406
1084,0.378225
1087,0.378519
1090,0.378503
1093,0.377947
1096,0.377151
1099,0.37714
1102,0.375768
1105,0.375043
1108,0.368601
1111,0.368859
1114,0.369157
1117,0.368573
1120,0.367703
1123,0.36719
1126,0.366653
1129,0.366144
1132,0.36487
1135,0.363973
1138,0.363154
1141,0.362468
1144,0.361845
1147,0.361304
1150,0.360916
1153,0.361284
1156,0.363283
1159,0.362958
1162,0.36556
1165,0.367421
1168,0.36844
1171,0.37259
1174,0.376325
1177,0.377618
1180,0.381062
1183,0.378217
1186,0.38004
1189,0.38428
1192,0.387007
1195,0.387842
1198,0.38968
1201,0.39149
1204,0.392595
1207,0.394903
1210,0.396063
1213,0.396961
1216,0.398626
1219,0.401032
1222,0.402
1225,0.406264
1228,0.409128
1231,0.410829
1234,0.412941
1237,0.416958
1240,0.418224
1243,0.422883
1246,0.425556
1249,0.427049
1252,0.430019
1255,0.432825
1258,0.431747
1261,0.437966
1264,0.440419
1267,0.441387
1270,0.448245
1273,0.453927
1276,0.455844
1279,0.461569
1282,0.46673
1285,0.469802
1288,0.475285
1291,0.480108
1294,0.483776
1297,0.489972
1300,0.495897
1303,0.497566
1306,0.502179
1309,0.507571
1312,0.509519
1315,0.514734
1318,0.517905
1321,0.521663
1324,0.525017
1327,0.527466
1330,0.528756
1333,0.538541
1336,0.540833
1339,0.541335
1342,0.544885
1345,0.547918
1348,0.54833
1351,0.552143
1354,0.553671
1357,0.553628
1360,0.556018
1363,0.558812
1366,0.559028
1369,0.560991
1372,0.564428
1375,0.565208
1378,0.567136
1381,0.569926
1384,0.571129
1387,0.572842
1390,0.575565
1393,0.576937
1396,0.5789
1399,0.579758
1402,0.580577
1405,0.58122
1408,0.595754
1411,0.59657
1414,0.596812
1417,0.597416
1420,0.597146
1423,0.5976
1426,0.597632
1429,0.598603
1432,0.599779
1435,0.601006
1438,0.600959
1441,0.602342
1444,0.601515
1447,0.601456
1450,0.602216
1453,0.602667
1456,0.60206
1459,0.60215
1462,0.602271
1465,0.602381
1468,0.602824
1471,0.603196
1474,0.603059
1477,0.6034
1480,0.60398
1483,0.602624
1486,0.602585
1489,0.603796
1492,0.603126
1495,0.603271
1498,0.603231
1501,0.602205
1504,0.602487
1507,0.602185
1510,0.602695
1513,0.602781
1516,0.601636
1519,0.600586
1522,0.600586
1525,0.599795
1528,0.59943
1531,0.599708
1534,0.600602
1537,0.600719
1540,0.60282
1543,0.60483
1546,0.60639
1549,0.614408
1552,0.621156
1555,0.625419
1558,0.644637
1561,0.646502
1564,0.650766
1567,0.656808
1570,0.665908
1573,0.670548
1576,0.673886
1579,0.677938
1582,0.681967
1585,0.682782
1588,0.685917
1591,0.688272
1594,0.689502
1597,0.688868
1600,0.69047
1603,0.691344
1606,0.691387
1609,0.691199
1612,0.692175
1615,0.692622
1618,0.693041
1621,0.693531
1624,0.695138
1627,0.695177
1630,0.695835
1633,0.70979
1636,0.709292
1639,0.708716
1642,0.707156
1645,0.706396
1648,0.706537
1651,0.70533
1654,0.706322
1657,0.70591
1660,0.704766
1663,0.703767
1666,0.702231
1669,0.701694
1672,0.701494
1675,0.699895
1678,0.699715
1681,0.700079
1684,0.699723
1687,0.699871
1690,0.699887
1693,0.700232
1696,0.700138
1699,0.700726
1702,0.700534
1705,0.701259
1708,0.695322
1711,0.69558
1714,0.694272
1717,0.695071
1720,0.695467
1723,0.694977
1726,0.694542
1729,0.694256
1732,0.694162
1735,0.693672
1738,0.693523
1741,0.693245
1744,0.692708
1747,0.692387
1750,0.692618
1753,0.691826
1756,0.691971
1759,0.692246
1762,0.692869
1765,0.693166
1768,0.693159
1771,0.693206
1774,0.693268
1777,0.696854
1780,0.698484
1783,0.717373
1786,0.721617
1789,0.724117
1792,0.730818
1795,0.732295
1798,0.735191
1801,0.736206
1804,0.73657
1807,0.737201
1810,0.738463
1813,0.739078
1816,0.739259
1819,0.742974
1822,0.748797
1825,0.750396
1828,0.756293
1831,0.757704
1834,0.759217
1837,0.760181
1840,0.761748
1843,0.762771
1846,0.763625
1849,0.764699
1852,0.764441
1855,0.763594
1858,0.784892
1861,0.784124
1864,0.78347
1867,0.783658
1870,0.783646
1873,0.783431
1876,0.783309
1879,0.785292
1882,0.784093
1885,0.784842
1888,0.785649
1891,0.790351
1894,0.791543
1897,0.796155
1900,0.798059
1903,0.797942
1906,0.800199
1909,0.801339
1912,0.801861
1915,0.804949
1918,0.805211
1921,0.805329
1924,0.806669
1927,0.806387
1930,0.806207
1933,0.817986
1936,0.818147
1939,0.818045
1942,0.817818
1945,0.817351
1948,0.817379
1951,0.817735
1954,0.817877
1957,0.817253
1960,0.822379
1963,0.825212
1966,0.825377
1969,0.824515
1972,0.825522
1975,0.823504
1978,0.823492
1981,0.823065
1984,0.821928
1987,0.824969
1990,0.824099
1993,0.821936
1996,0.822336
1999,0.821568
2002,0.820847
2005,0.820682
2008,0.820443
2011,0.819793
2014,0.819581
2017,0.819366
2020,0.818421
2023,0.817344
2026,0.818409
2029,0.818449
2032,0.818621
2035,0.818758
2038,0.817461
2041,0.817877
2044,0.817669
2047,0.816575
2050,0.81672
2053,0.815647
2056,0.814487
2059,0.813609
2062,0.812763
2065,0.812441
2068,0.810619
2071,0.809091
2074,0.81027
2077,0.809749
2080,0.810078
2083,0.815369
2086,0.813707
2089,0.813127
2092,0.81368
2095,0.81297
2098,0.811125
2101,0.810811
2104,0.813013
2107,0.812543
2110,0.81685
2113,0.816681
2116,0.819871
2119,0.819358
2122,0.82207
2125,0.82205
2128,0.824382
2131,0.825522
2134,0.826439
2137,0.826533
2140,0.827093
2143,0.827411
2146,0.827795
2149,0.828136
2152,0.828665
2155,0.829609
2158,0.837357
2161,0.837795
2164,0.838219
2167,0.838336
2170,0.838176
2173,0.838638
2176,0.838854
2179,0.838638
2182,0.838712
2185,0.838807
2188,0.838983
2191,0.839116
2194,0.839269
2197,0.839198
2200,0.838928
2203,0.839308
2206,0.839002
2209,0.838889
2212,0.838971
2215,0.838646
2218,0.838712
2221,0.838665
2224,0.838634
2227,0.838814
2230,0.838904
2233,0.8399
2236,0.840155
2239,0.840088
2242,0.83981
2245,0.839422
2248,0.839477
2251,0.840253
2254,0.840253
2257,0.839982
2260,0.840084
2263,0.840084
2266,0.840413
2269,0.840601
2272,0.840974
2275,0.841083
2278,0.84115
2281,0.841052
2284,0.840883
2287,0.841303
2290,0.841389
2293,0.841871
2296,0.841934
2299,0.842036
2302,0.842275
2305,0.84229
2308,0.846585
2311,0.846601
2314,0.846495
2317,0.846338
2320,0.846217
2323,0.846397
2326,0.846236
2329,0.846511
2332,0.846397
2335,0.846593
2338,0.846483
2341,0.846307
2344,0.846072
2347,0.845751
2350,0.845735
2353,0.845331
2356,0.845441
2359,0.845406
2362,0.845609
2365,0.84566
2368,0.845464
2371,0.845676
2374,0.845355
2377,0.844908
2380,0.84461
2383,0.84289
2386,0.842553
2389,0.842396
2392,0.842161
2395,0.842326
2398,0.842376
2401,0.841808
2404,0.841354
2407,0.841628
2410,0.841628
2413,0.841887
2416,0.841369
2419,0.841311
2422,0.841381
2425,0.840797
2428,0.840821
2431,0.839645
2434,0.839868
2437,0.84095
2440,0.841718
2443,0.842733
2446,0.843372
2449,0.843678
2452,0.843489
2455,0.843732
2458,0.8455
2461,0.845323
2464,0.845069
2467,0.845574
2470,0.845837
2473,0.846378
2476,0.846562
2479,0.847028
2482,0.847526
2485,0.847643
2488,0.847769
2491,0.847878
2494,0.847988
2497,0.848541
2500,0.848568
2503,0.848505
2506,0.848776
2509,0.84876
2512,0.848866
2515,0.84925
2518,0.849164
2521,0.849277
2524,0.84925
2527,0.84925
2530,0.849779
2533,0.850398
2536,0.85019
2539,0.850798
2542,0.851245
2545,0.85099
2548,0.8507
2551,0.850915
2554,0.85097
2557,0.850919
2560,0.850915
2563,0.851002
2566,0.85077
2569,0.850892
2572,0.850763
2575,0.850598
2578,0.850308
2581,0.850014
2584,0.850422
2587,0.850379
2590,0.850265
2593,0.850089
2596,0.850324
2599,0.850402
2602,0.850437
2605,0.850669
2608,0.84932
2611,0.849034
2614,0.848866
2617,0.848791
2620,0.848423
2623,0.848537
2626,0.848498
2629,0.848513
2632,0.848788
2635,0.848748
2638,0.849332
2641,0.84916
2644,0.849383
2647,0.849324
2650,0.849352
2653,0.849724
2656,0.849732
2659,0.849842
2662,0.850194
2665,0.850265
2668,0.850379
2671,0.850285
2674,0.850347
2677,0.850265
2680,0.850343
2683,0.850484
2686,0.850731
2689,0.850759
2692,0.850951
2695,0.851013
2698,0.850888
2701,0.850821
2704,0.850872
2707,0.85088
2710,0.850833
2713,0.851809
2716,0.85215
2719,0.852193
2722,0.852177
2725,0.852232
2728,0.852295
2731,0.852393
2734,0.852373
2737,0.852314
2740,0.852738
2743,0.852753
2746,0.852824
2749,0.852569
2752,0.851938
2755,0.851542
2758,0.851386
2761,0.85146
2764,0.851593
2767,0.851738
2770,0.851738
2773,0.851895
2776,0.851754
2779,0.851711
2782,0.851805
2785,0.851746
2788,0.850394
2791,0.850312
2794,0.850414
2797,0.850559
2800,0.85061
2803,0.850555
2806,0.850328
2809,0.850045
2812,0.849724
2815,0.849638
2818,0.849395
2821,0.849258
2824,0.848933
2827,0.848772
2830,0.848791
2833,0.848748
2836,0.848768
2839,0.848756
2842,0.848788
2845,0.848968
2848,0.848913
2851,0.848933
2854,0.848878
2857,0.848878
2860,0.848925
2863,0.850265
2866,0.849712
2869,0.849959
2872,0.849673
2875,0.849771
2878,0.849716
2881,0.850006
2884,0.850049
2887,0.850034
2890,0.850065
2893,0.850226
2896,0.85032
2899,0.850469
2902,0.850598
2905,0.850527
2908,0.850335
2911,0.850049
2914,0.850053
2917,0.849755
2920,0.849297
2923,0.849113
2926,0.849168
2929,0.848737
2932,0.848599
2935,0.848427
2938,0.84702
2941,0.846954
2944,0.847212
2947,0.847412
2950,0.848043
2953,0.848368
2956,0.848936
2959,0.848854
2962,0.848956
2965,0.84914
2968,0.84898
2971,0.848866
2974,0.848725
2977,0.848893
2980,0.848948
2983,0.848948
2986,0.848776
2989,0.848682
2992,0.848858
2995,0.849062
2998,0.849477
3001,0.849426
3004,0.849497
3007,0.849775
3010,0.849779
3013,0.850077
3016,0.849951
3019,0.849563
3022,0.849689
3025,0.849591
3028,0.849583
3031,0.84715
3034,0.84693
3037,0.846848
3040,0.847134
3043,0.846946
3046,0.847099
3049,0.847244
3052,0.847114
3055,0.84762
3058,0.847906
3061,0.848055
3064,0.847949
3067,0.847667
3070,0.847424
3073,0.846879
3076,0.846773
3079,0.84673
3082,0.846495
3085,0.846464
3088,0.84691
3091,0.84693
3094,0.846993
3097,0.846773
3100,0.846812
3103,0.846856
3106,0.848454
3109,0.848255
3112,0.848176
3115,0.847855
3118,0.847777
3121,0.847855
3124,0.84791
3127,0.848008
3130,0.84807
3133,0.848106
3136,0.8482
3139,0.847992
3142,0.848019
3145,0.847694
3148,0.847643
3151,0.847863
3154,0.847824
3157,0.848168
3160,0.847882
3163,0.847698
3166,0.847741
3169,0.847871
3172,0.847929
3175,0.848227
3178,0.848302
3181,0.846742
3184,0.846844
3187,0.846765
3190,0.846491
3193,0.846812
3196,0.846961
3199,0.847032
3202,0.847044
3205,0.846989
3208,0.847008
3211,0.847079
3214,0.847616
3217,0.847381
3220,0.847326
3223,0.847651
3226,0.84762
3229,0.847588
3232,0.847773
3235,0.847906
3238,0.847608
3241,0.847506
3244,0.84731
3247,0.847232
3250,0.847334
3253,0.84733
3256,0.846366
3259,0.846381
3262,0.846084
3265,0.846213
3268,0.846491
3271,0.846668
3274,0.846652
3277,0.846491
3280,0.846468
3283,0.846491
3286,0.84646
3289,0.84664
3292,0.846448
3295,0.846652
3298,0.846656
3301,0.846436
3304,0.846315
3307,0.84615
3310,0.846111
3313,0.846189
3316,0.846001
3319,0.845907
3322,0.845974
3325,0.846009
3328,0.845982
3331,0.846358
3334,0.846052
3337,0.846479
3340,0.846758
3343,0.846722
3346,0.846566
3349,0.846523
3352,0.846452
3355,0.846679
3358,0.847353
3361,0.847224
3364,0.847342
3367,0.847247
3370,0.847369
3373,0.847208
3376,0.847024
3379,0.846444
3382,0.845539
3385,0.845606
3388,0.845378
3391,0.844986
3394,0.844967
3397,0.845225
3400,0.844798
3403,0.84541
3406,0.846111
3409,0.845751
3412,0.845594
3415,0.845347
3418,0.845472
3421,0.845801
3424,0.845939
3427,0.845253
3430,0.84577
3433,0.845351
3436,0.845186
3439,0.844802
3442,0.845108
3445,0.845331
3448,0.845558
3451,0.845884
3454,0.846577
3457,0.847055
3460,0.847153
3463,0.846973
3466,0.846887
3469,0.846691
3472,0.846683
3475,0.846581
3478,0.846487
3481,0.845316
3484,0.844971
3487,0.844869
3490,0.844214
3493,0.844489
3496,0.844869
3499,0.844555
3502,0.845308
3505,0.845562
3508,0.846236
3511,0.846648
3514,0.847357
3517,0.846664
3520,0.847436
3523,0.847808
3526,0.847667
3529,0.847773
3532,0.847984
3535,0.847494
3538,0.847169
3541,0.847291
3544,0.847369
3547,0.84724
3550,0.847298
3553,0.847314
3556,0.846875
3559,0.846926
3562,0.847106
3565,0.846981
3568,0.847075
3571,0.847322
3574,0.846867
3577,0.846867
3580,0.847204
3583,0.847106
3586,0.846946
3589,0.847369
3592,0.847228
3595,0.847271
3598,0.846715
3601,0.846577
3604,0.84666
3607,0.846852
3610,0.846852
3613,0.846479
3616,0.846354
3619,0.846534
3622,0.846601
3625,0.84657
3628,0.846609
3631,0.849207
3634,0.849003
3637,0.848537
3640,0.848466
3643,0.848505
3646,0.848259
3649,0.847961
3652,0.848235
3655,0.848184
3658,0.848078
3661,0.848157
3664,0.847921
3667,0.84782
3670,0.847682
3673,0.847592
3676,0.847655
3679,0.84789
3682,0.84769
3685,0.847682
3688,0.848004
3691,0.847722
3694,0.8476
3697,0.847197
3700,0.847146
3703,0.846695
3706,0.845523
3709,0.844955
3712,0.844826
3715,0.84483
3718,0.845026
3721,0.844896
3724,0.844747
3727,0.844947
3730,0.845045
3733,0.844857
3736,0.845594
3739,0.845778
3742,0.845845
3745,0.84588
3748,0.845406
3751,0.845911
3754,0.845778
3757,0.845703
3760,0.845645
3763,0.846119
3766,0.846236
3769,0.846268
3772,0.846174
3775,0.846013
3778,0.846142
3781,0.846217
3784,0.845978
3787,0.846236
3790,0.846091
3793,0.845903
3796,0.845899
3799,0.845876
3802,0.845602
3805,0.845637
3808,0.845935
3811,0.845954
3814,0.846178
3817,0.846041
3820,0.845864
3823,0.846452
3826,0.846538
3829,0.846691
3832,0.846805
3835,0.847365
3838,0.847001
3841,0.84724
3844,0.847412
3847,0.847537
3850,0.847436
3853,0.847287
3856,0.846444
3859,0.846201
3862,0.845829
3865,0.845684
3868,0.845598
3871,0.845672
3874,0.845613
3877,0.845833
3880,0.845758
3883,0.846099
3886,0.845868
3889,0.845045
3892,0.845308
3895,0.845762
3898,0.846056
3901,0.846342
3904,0.846405
3907,0.846562
3910,0.846844
3913,0.846867
3916,0.846695
3919,0.846887
3922,0.846997
3925,0.84662
3928,0.846154
3931,0.846534
3934,0.846479
3937,0.84624
3940,0.845841
3943,0.845555
3946,0.845504
3949,0.845531
3952,0.846041
3955,0.846009
3958,0.845982
3961,0.846064
3964,0.846346
3967,0.846601
3970,0.846848
3973,0.846573
3976,0.846456
3979,0.846342
3982,0.846526
3985,0.846511
3988,0.846828
3991,0.846726
3994,0.846836
3997,0.846495
4000,0.846609
4003,0.846836
4006,0.84686
4009,0.846852
4012,0.846636
4015,0.847083
4018,0.847392
4021,0.847537
4024,0.847424
4027,0.847099
4030,0.847106
4033,0.847032
4036,0.847157
4039,0.847173
4042,0.846938
4045,0.846577
4048,0.846291
4051,0.846033
4054,0.846366
4057,0.846456
4060,0.846276
4063,0.846005
4066,0.846299
4069,0.846358
4072,0.846385
4075,0.845794
4078,0.846323
4081,0.846276
4084,0.845778
4087,0.845982
4090,0.846052
4093,0.845684
4096,0.845433
4099,0.845006
4102,0.845037
4105,0.84461
4108,0.844183
4111,0.844963
4114,0.845954
4117,0.846037
4120,0.845696
4123,0.846017
4126,0.846068
4129,0.845731
4132,0.846029
4135,0.845962
4138,0.845935
4141,0.846452
4144,0.846236
4147,0.846534
4150,0.846432
4153,0.846762
4156,0.846413
4159,0.846272
4162,0.846656
4165,0.846566
4168,0.846542
4171,0.846679
4174,0.847878
4177,0.847357
4180,0.847573
4183,0.847918
4186,0.848631
4189,0.848384
4192,0.848944
4195,0.849097
4198,0.849477
4201,0.84914
4204,0.849156
4207,0.849183
4210,0.849802
4213,0.84974
4216,0.849728
4219,0.849759
4222,0.849947
4225,0.850155
4228,0.850281
4231,0.850026
4234,0.850269
4237,0.850249
4240,0.849936
4243,0.850104
4246,0.850159
4249,0.850445
4252,0.850817
4255,0.850516
4258,0.850669
4261,0.850857
4264,0.850829
4267,0.851335
4270,0.851507
4273,0.85186
4276,0.851809
4279,0.85175
4282,0.852173
4285,0.852146
4288,0.852075
4291,0.851319
4294,0.851147
4297,0.850915
4300,0.851554
4303,0.851064
4306,0.853082
4309,0.853815
4312,0.852945
4315,0.853329
4318,0.85396
4321,0.853525
4324,0.853114
4327,0.853498
4330,0.854423
4333,0.854548
4336,0.854795
4339,0.85704
4342,0.856315
4345,0.856672
4348,0.856743
4351,0.85668
4354,0.856484
4357,0.856668
4360,0.856762
4363,0.857099
4366,0.856837
4369,0.856304
4372,0.856817
4375,0.856527
4378,0.856547
4381,0.858584
4384,0.857848
4387,0.857358
4390,0.857844
4393,0.857867
4396,0.858106
4399,0.858929
4402,0.85947
4405,0.858859
4408,0.859768
4411,0.861704
4414,0.861649
4417,0.860873
4420,0.861817
4423,0.861762
4426,0.863005
4429,0.862754
4432,0.864831
4435,0.863734
4438,0.861904
4441,0.863001
4444,0.86489
4447,0.866132
4450,0.866434
4453,0.86572
4456,0.866994
4459,0.867554
4462,0.868381
4465,0.868707
4468,0.869071
4471,0.871548
4474,0.87279
4477,0.873284
4480,0.876493
4483,0.878868
4486,0.879103
4489,0.880537
4492,0.878229
4495,0.876701
4498,0.875643
4501,0.871928
4504,0.870654
4507,0.86989
4510,0.868287
4513,0.867594
4516,0.867425
4519,0.867476
4522,0.866645
4525,0.866626
4528,0.866661
4531,0.870458
4534,0.869765
4537,0.871599
4540,0.872343
4543,0.874381
4546,0.873448
4549,0.874624
4552,0.874514
4555,0.875176
4558,0.874902
4561,0.874847
4564,0.871602
4567,0.872527
4570,0.873934
4573,0.873856
4576,0.875611
4579,0.877324
4582,0.879322
4585,0.879032
4588,0.87788
4591,0.878253
4594,0.877919
4597,0.879499
4600,0.879377
4603,0.879844
4606,0.878789
4609,0.878006
4612,0.875635
4615,0.875
4618,0.874169
4621,0.873997
4624,0.874322
4627,0.873166
4630,0.874122
4633,0.873918
4636,0.87549
4639,0.876352
4642,0.87567
4645,0.876767
4648,0.875623
4651,0.875748
4654,0.877716
4657,0.878092
4660,0.879706
4663,0.880255
4666,0.880663
4669,0.882595
4672,0.883504
4675,0.882979
4678,0.884303
4681,0.882516
4684,0.880714
4687,0.879103
4690,0.875545
4693,0.875968
4696,0.876109
4699,0.874859
4702,0.875533
4705,0.876211
4708,0.877688
4711,0.877414
4714,0.877669
4717,0.876771
4720,0.876317
4723,0.877226
4726,0.878186
4729,0.877935
4732,0.877183
4735,0.876795
4738,0.879111
4741,0.879448
4744,0.880514
4747,0.882324
4750,0.884236
4753,0.884276
4756,0.885871
4759,0.883304
4762,0.883386
4765,0.88399
4768,0.882312
4771,0.882148
4774,0.881909
4777,0.878413
4780,0.872582
4783,0.872382
4786,0.868381
4789,0.86601
4792,0.862919
4795,0.861598
4798,0.858114
4801,0.857562
4804,0.857522
4807,0.858788
4810,0.858757
4813,0.858459
4816,0.86123
4819,0.861414
4822,0.86016
4825,0.858851
4828,0.858874
4831,0.863565
4834,0.862676
4837,0.862103
4840,0.86572
4843,0.86817
4846,0.86844
4849,0.867786
4852,0.865121
4855,0.865262
4858,0.862813
4861,0.860787
4864,0.861108
4867,0.866285
4870,0.86701
4873,0.867621
4876,0.866892
4879,0.867021
4882,0.866665
4885,0.867331
4888,0.865407
4891,0.865842
4894,0.863028
4897,0.863177
4900,0.862335
4903,0.861218
4906,0.862566
4909,0.86411
4912,0.866069
4915,0.867739
4918,0.867629
4921,0.868444
4924,0.868585
4927,0.866747
4930,0.867213
4933,0.866379
4936,0.86634
4939,0.866367
4942,0.865117
4945,0.863201
4948,0.860199
4951,0.861665
4954,0.860183
4957,0.859466
4960,0.855986
4963,0.856206
4966,0.855308
4969,0.852169
4972,0.850418
4975,0.848729
4978,0.850288
4981,0.852087
4984,0.855042
4987,0.857479
4990,0.856515
4993,0.854427
4996,0.856468
4999,0.856284
5002,0.857319
5005,0.85918
5008,0.858961
5011,0.860881
5014,0.861923
5017,0.863209
5020,0.864478
5023,0.863593
5026,0.86266
5029,0.85949
5032,0.856605
5035,0.856417
5038,0.854336
5041,0.850061
5044,0.845982
5047,0.842196
5050,0.840511
5053,0.837184
5056,0.832388
5059,0.835389
5062,0.835303
5065,0.837709
5068,0.836608
5071,0.836902
5074,0.840241
5077,0.84307
5080,0.844171
5083,0.841589
5086,0.837411
5089,0.836071
5092,0.837451
5095,0.837776
5098,0.833293
5101,0.831302
5104,0.831416
5107,0.831122
5110,0.829625
5113,0.832787
5116,0.835969
5119,0.84039
5122,0.843395
5125,0.844904
5128,0.846123
5131,0.844426
5134,0.845331
5137,0.846091
5140,0.839312
5143,0.838446
5146,0.835687
5149,0.834241
5152,0.833548
5155,0.833814
5158,0.835197
5161,0.835421
5164,0.833571
5167,0.836851
5170,0.83615
5173,0.841847
5176,0.848039
5179,0.84994
5182,0.852318
5185,0.855986
5188,0.858255
5191,0.856723
5194,0.850641
5197,0.845782
5200,0.832364
5203,0.823915
5206,0.799756
5209,0.8013
5212,0.798875
5215,0.795363
5218,0.789999
5221,0.780362
5224,0.779508
5227,0.777306
5230,0.763006
5233,0.761737
5236,0.760682
5239,0.766702
5242,0.717855
5245,0.71633
5248,0.715695
5251,0.715131
5254,0.711396
5257,0.668181
5260,0.662871
5263,0.653658
5266,0.648697
5269,0.64624
5272,0.642905
5275,0.636172
5278,0.631466
5281,0.620133
5284,0.612907
5287,0.610313
5290,0.598278
5293,0.589896
5296,0.58863
5299,0.603486
5302,0.611233
5305,0.617974
5308,0.625263
5311,0.63098
5314,0.643669
5317,0.654492
5320,0.659222
5323,0.663078
5326,0.680039
5329,0.689287
5332,0.694758
5335,0.69966
5338,0.705585
5341,0.706126
5344,0.702383
5347,0.697532
5350,0.695537
5353,0.684984
5356,0.685384
5359,0.687672
5362,0.68844
5365,0.684173
5368,0.681163
5371,0.67025
5374,0.66358
5377,0.661354
5380,0.652216
5383,0.643038
5386,0.638241
5389,0.632195
5392,0.625466
5395,0.626854
5398,0.621524
5401,0.624075
5404,0.624334
5407,0.62451
5410,0.626419
5413,0.628754
5416,0.631917
5419,0.63321
5422,0.633962
5425,0.632587
5428,0.631826
5431,0.619616
5434,0.623064
5437,0.623789
5440,0.622708
5443,0.6229
5446,0.620105
5449,0.619588
5452,0.614251
5455,0.606359
5458,0.602875
5461,0.600089
5464,0.590531
5467,0.585601
5470,0.584069
5473,0.578539
5476,0.573923
5479,0.566082
5482,0.555011
5485,0.551437
5488,0.544783
5491,0.545324
5494,0.544372
5497,0.540508
5500,0.532886
5503,0.528826
5506,0.511023
5509,0.518316
5512,0.520229
5515,0.523877
5518,0.526232
5521,0.526691
5524,0.529469
5527,0.52805
5530,0.527635
5533,0.52905
5536,0.533928
5539,0.533901
5542,0.538894
5545,0.541108
5548,0.541809
5551,0.541997
5554,0.540124
5557,0.538572
5560,0.533697
5563,0.522215
5566,0.518395
5569,0.510165
5572,0.508116
5575,0.503793
5578,0.497613
5581,0.491222
5584,0.490383
5587,0.489945
5590,0.484333
5593,0.479646
5596,0.466299
5599,0.458356
5602,0.454876
5605,0.449962
5608,0.448876
5611,0.448422
5614,0.453633
5617,0.459014
5620,0.462259
5623,0.469649
5626,0.477992
5629,0.479619
5632,0.489607
5635,0.496638
5638,0.498417
5641,0.502743
5644,0.513966
5647,0.502704
5650,0.492037
5653,0.494655
5656,0.48603
5659,0.492155
5662,0.497371
5665,0.502528
5668,0.508696
5671,0.517689
5674,0.519351
5677,0.531275
5680,0.542687
5683,0.54599
5686,0.545195
5689,0.539046
5692,0.526616
5695,0.523783
5698,0.526886
5701,0.530096
5704,0.545602
5707,0.558005
5710,0.566344
5713,0.581698
5716,0.617966
5719,0.629867
5722,0.652749
