framenum,queue density
1,0.258802
2,0.253984
3,0.251458
4,0.247526
5,0.24487
6,0.243854
7,0.243854
8,0.249349
9,0.251745
10,0.257995
11,0.266901
12,0.271927
13,0.282786
14,0.291719
15,0.29401
16,0.300651
17,0.308021
18,0.309635
19,0.316432
20,0.31612
21,0.319583
22,0.322995
23,0.328594
24,0.328698
25,0.330521
26,0.32776
27,0.328437
28,0.324245
29,0.323724
30,0.324167
31,0.321458
32,0.322318
33,0.320833
34,0.321016
35,0.32224
36,0.321536
37,0.320964
38,0.322083
39,0.323698
40,0.32276
41,0.323802
42,0.323802
43,0.321432
44,0.321146
45,0.309375
46,0.307552
47,0.307969
48,0.304818
49,0.305234
50,0.304792
51,0.30237
52,0.300651
53,0.299609
54,0.300495
55,0.297734
56,0.297552
57,0.298724
58,0.297161
59,0.297734
60,0.297031
61,0.298073
62,0.297187
63,0.296693
64,0.295729
65,0.296172
66,0.295156
67,0.29526
68,0.294167
69,0.293932
70,0.289349
71,0.288828
72,0.290286
73,0.292005
74,0.293854
75,0.293776
76,0.295885
77,0.29612
78,0.295885
79,0.294297
80,0.295625
81,0.296927
82,0.298281
83,0.301146
84,0.303047
85,0.307604
86,0.31474
87,0.317812
88,0.32638
89,0.335078
90,0.336432
91,0.343646
92,0.349818
93,0.353672
94,0.360391
95,0.370339
96,0.372917
97,0.380729
98,0.385547
99,0.390469
100,0.39612
101,0.400469
102,0.403854
103,0.407344
104,0.409922
105,0.410208
106,0.408281
107,0.408672
108,0.406641
109,0.406484
110,0.40513
111,0.404792
112,0.402161
113,0.40013
114,0.398516
115,0.397214
116,0.396016
117,0.391771
118,0.391276
119,0.389661
120,0.381563
121,0.384818
122,0.389818
123,0.39276
124,0.39849
125,0.40263
126,0.40474
127,0.409479
128,0.412552
129,0.415703
130,0.416901
131,0.421458
132,0.423359
133,0.42638
134,0.425469
135,0.428385
136,0.431016
137,0.431406
138,0.430729
139,0.433307
140,0.431563
141,0.432656
142,0.429557
143,0.429974
144,0.429245
145,0.417109
146,0.418125
147,0.419036
148,0.416276
149,0.416927
150,0.414661
151,0.412031
152,0.410911
153,0.409089
154,0.406172
155,0.402708
156,0.399896
157,0.396406
158,0.391615
159,0.389688
160,0.386745
161,0.386068
162,0.384245
163,0.382057
164,0.380859
165,0.379844
166,0.377943
167,0.375911
168,0.376198
169,0.374557
170,0.369583
171,0.36974
172,0.368151
173,0.36625
174,0.366536
175,0.364531
176,0.364505
177,0.362995
178,0.36362
179,0.363464
180,0.362214
181,0.361927
182,0.359219
183,0.359115
184,0.357812
185,0.358229
186,0.35651
187,0.35651
188,0.355182
189,0.354245
190,0.353307
191,0.354297
192,0.35375
193,0.352682
194,0.351771
195,0.349479
196,0.348698
197,0.34888
198,0.348646
199,0.348125
200,0.348464
201,0.347943
202,0.348307
203,0.347813
204,0.347578
205,0.347005
206,0.346901
207,0.346589
208,0.346458
209,0.346927
210,0.346849
211,0.347865
212,0.348099
213,0.347292
214,0.347396
215,0.347109
216,0.347813
217,0.346745
218,0.346693
219,0.346641
220,0.347187
221,0.34724
222,0.346641
223,0.347057
224,0.346302
225,0.346328
226,0.345807
227,0.34599
228,0.345781
229,0.345599
230,0.345859
231,0.345885
232,0.345938
233,0.346068
234,0.346094
235,0.346432
236,0.346745
237,0.346536
238,0.346042
239,0.345
240,0.344687
241,0.344792
242,0.344974
243,0.344557
244,0.344661
245,0.344974
246,0.345365
247,0.345964
248,0.345547
249,0.345781
250,0.346432
251,0.346953
252,0.346719
253,0.347005
254,0.347057
255,0.346432
256,0.347109
257,0.347422
258,0.34737
259,0.347005
260,0.346849
261,0.347682
262,0.346328
263,0.346094
264,0.344896
265,0.345078
266,0.344427
267,0.344089
268,0.343932
269,0.343854
270,0.340547
271,0.340573
272,0.340703
273,0.340781
274,0.340651
275,0.339557
276,0.339375
277,0.33862
278,0.338047
279,0.337526
280,0.338177
281,0.339375
282,0.340156
283,0.341875
284,0.342604
285,0.342135
286,0.343333
287,0.344036
288,0.344453
289,0.344401
290,0.344193
291,0.343646
292,0.343047
293,0.342344
294,0.341849
295,0.336875
296,0.336302
297,0.336068
298,0.33513
299,0.33401
300,0.333594
301,0.333047
302,0.333177
303,0.332734
304,0.332891
305,0.333151
306,0.333281
307,0.33349
308,0.33349
309,0.333281
310,0.333437
311,0.334427
312,0.334401
313,0.333724
314,0.334193
315,0.334167
316,0.334427
317,0.334688
318,0.334766
319,0.334167
320,0.338203
321,0.33862
322,0.33849
323,0.338385
324,0.33849
325,0.338776
326,0.339141
327,0.33974
328,0.339453
329,0.339375
330,0.339401
331,0.339427
332,0.339714
333,0.339531
334,0.33987
335,0.339818
336,0.339844
337,0.340052
338,0.339766
339,0.339687
340,0.340625
341,0.340964
342,0.341042
343,0.342813
344,0.344974
345,0.348307
346,0.351146
347,0.353229
348,0.354219
349,0.357526
350,0.359063
351,0.360521
352,0.363073
353,0.36474
354,0.365807
355,0.366719
356,0.368724
357,0.369297
358,0.371276
359,0.372422
360,0.373437
361,0.37474
362,0.375391
363,0.375885
364,0.375599
365,0.375312
366,0.373958
367,0.374401
368,0.373177
369,0.372526
370,0.365651
371,0.365729
372,0.36599
373,0.364948
374,0.364401
375,0.363698
376,0.363438
377,0.363203
378,0.361667
379,0.360677
380,0.359922
381,0.359401
382,0.358021
383,0.357578
384,0.357292
385,0.35776
386,0.359583
387,0.359375
388,0.361901
389,0.364271
390,0.365547
391,0.369818
392,0.373724
393,0.37474
394,0.379271
395,0.376927
396,0.378984
397,0.383646
398,0.385495
399,0.385885
400,0.386901
401,0.388958
402,0.389557
403,0.392552
404,0.394245
405,0.394427
406,0.396849
407,0.399141
408,0.399505
409,0.403516
410,0.406641
411,0.408281
412,0.410781
413,0.414974
414,0.416849
415,0.421875
416,0.422995
417,0.424948
418,0.428568
419,0.43099
420,0.431797
421,0.43612
422,0.440078
423,0.440156
424,0.447656
425,0.452188
426,0.454375
427,0.459714
428,0.464844
429,0.467057
430,0.474219
431,0.478177
432,0.481458
433,0.489193
434,0.49375
435,0.495755
436,0.499089
437,0.505443
438,0.50737
439,0.511328
440,0.515911
441,0.518542
442,0.523021
443,0.524609
444,0.525781
445,0.536406
446,0.538698
447,0.539219
448,0.542604
449,0.545339
450,0.546094
451,0.549557
452,0.551146
453,0.550859
454,0.553516
455,0.555781
456,0.557734
457,0.559427
458,0.562396
459,0.56349
460,0.565365
461,0.568932
462,0.569271
463,0.570104
464,0.573359
465,0.575182
466,0.576667
467,0.57651
468,0.578724
469,0.579167
470,0.594609
471,0.595365
472,0.596536
473,0.596641
474,0.596771
475,0.596823
476,0.597057
477,0.597734
478,0.598646
479,0.600391
480,0.599792
481,0.600911
482,0.600052
483,0.599948
484,0.600625
485,0.600677
486,0.600156
487,0.600833
488,0.600234
489,0.600313
490,0.600964
491,0.601927
492,0.601693
493,0.601927
494,0.603464
495,0.601615
496,0.601667
497,0.602266
498,0.602943
499,0.602682
500,0.601562
501,0.600234
502,0.599896
503,0.600313
504,0.600703
505,0.600703
506,0.599896
507,0.59888
508,0.59862
509,0.597135
510,0.598203
511,0.597083
512,0.598177
513,0.598307
514,0.600703
515,0.603021
516,0.60487
517,0.61349
518,0.619844
519,0.624531
520,0.642188
521,0.645026
522,0.649557
523,0.655521
524,0.665391
525,0.669766
526,0.672995
527,0.676484
528,0.681693
529,0.6825
530,0.68526
531,0.688229
532,0.688906
533,0.68724
534,0.688984
535,0.69026
536,0.691224
537,0.690964
538,0.692552
539,0.693828
540,0.693125
541,0.694219
542,0.694948
543,0.695052
544,0.695495
545,0.708698
546,0.709193
547,0.709609
548,0.707995
549,0.707292
550,0.708411
551,0.705964
552,0.706016
553,0.705781
554,0.704323
555,0.704792
556,0.702448
557,0.700859
558,0.701562
559,0.70138
560,0.701589
561,0.701484
562,0.702083
563,0.702266
564,0.700807
565,0.70099
566,0.700313
567,0.701406
568,0.700313
569,0.702266
570,0.696224
571,0.697344
572,0.694583
573,0.695625
574,0.696979
575,0.695937
576,0.694922
577,0.694714
578,0.694609
579,0.694453
580,0.69388
581,0.693672
582,0.692839
583,0.693151
584,0.693125
585,0.692552
586,0.691823
587,0.691693
588,0.691823
589,0.691328
590,0.692422
591,0.693047
592,0.692526
593,0.695182
594,0.697109
595,0.716016
596,0.719219
597,0.721927
598,0.728828
599,0.729453
600,0.732448
601,0.734141
602,0.734688
603,0.735938
604,0.735651
605,0.736953
606,0.73651
607,0.740833
608,0.748125
609,0.748828
610,0.756224
611,0.756927
612,0.758698
613,0.759531
614,0.760625
615,0.76151
616,0.763125
617,0.763828
618,0.763333
619,0.762344
620,0.784714
621,0.783203
622,0.78349
623,0.783385
624,0.78237
625,0.782135
626,0.782396
627,0.783932
628,0.783125
629,0.783255
630,0.784062
631,0.789167
632,0.790677
633,0.795417
634,0.797214
635,0.797786
636,0.800208
637,0.800521
638,0.800833
639,0.804974
640,0.804063
641,0.804609
642,0.806589
643,0.805964
644,0.804609
645,0.815885
646,0.815495
647,0.815521
648,0.815547
649,0.815625
650,0.815807
651,0.81513
652,0.814792
653,0.81474
654,0.820286
655,0.823854
656,0.824427
657,0.822422
658,0.824609
659,0.823203
660,0.823021
661,0.822682
662,0.821198
663,0.825469
664,0.824531
665,0.822708
666,0.822969
667,0.821276
668,0.82
669,0.821068
670,0.818932
671,0.819818
672,0.817865
673,0.816693
674,0.816641
675,0.815859
676,0.816562
677,0.817187
678,0.816328
679,0.81888
680,0.817917
681,0.818099
682,0.816667
683,0.816068
684,0.814792
685,0.814844
686,0.813281
687,0.812995
688,0.810964
689,0.81125
690,0.809688
691,0.808099
692,0.809688
693,0.808828
694,0.808542
695,0.814818
696,0.812292
697,0.812161
698,0.812161
699,0.811771
700,0.810859
701,0.810391
702,0.812292
703,0.812031
704,0.815521
705,0.814609
706,0.818359
707,0.817943
708,0.81987
709,0.820026
710,0.822448
711,0.824036
712,0.824219
713,0.824818
714,0.825234
715,0.825443
716,0.826328
717,0.826693
718,0.826901
719,0.828307
720,0.837187
721,0.838646
722,0.837344
723,0.837604
724,0.838021
725,0.838828
726,0.839141
727,0.838229
728,0.837344
729,0.837839
730,0.837812
731,0.837995
732,0.83901
733,0.839271
734,0.839453
735,0.839505
736,0.839036
737,0.838672
738,0.838646
739,0.838307
740,0.838359
741,0.838229
742,0.837969
743,0.838307
744,0.838203
745,0.839141
746,0.84
747,0.839844
748,0.840026
749,0.840026
750,0.839948
751,0.84112
752,0.840313
753,0.84026
754,0.840208
755,0.840078
756,0.840286
757,0.839896
758,0.840573
759,0.840547
760,0.840547
761,0.840156
762,0.839922
763,0.840339
764,0.840417
765,0.840208
766,0.840651
767,0.840703
768,0.840625
769,0.840729
770,0.845339
771,0.845052
772,0.845495
773,0.845677
774,0.845313
775,0.845286
776,0.845286
777,0.845286
778,0.844896
779,0.844688
780,0.844661
781,0.844896
782,0.844974
783,0.844661
784,0.844505
785,0.844583
786,0.844896
787,0.844714
788,0.84513
789,0.84487
790,0.844453
791,0.845026
792,0.844609
793,0.844271
794,0.843568
795,0.84151
796,0.841536
797,0.841693
798,0.841276
799,0.841406
800,0.841276
801,0.840182
802,0.840573
803,0.841328
804,0.840911
805,0.840313
806,0.839766
807,0.839271
808,0.838776
809,0.837917
810,0.838021
811,0.837396
812,0.837318
813,0.83849
814,0.839323
815,0.839453
816,0.840156
817,0.840521
818,0.840469
819,0.840781
820,0.843542
821,0.843437
822,0.843255
823,0.843828
824,0.843646
825,0.84401
826,0.844688
827,0.84526
828,0.845807
829,0.846276
830,0.846406
831,0.846354
832,0.846875
833,0.847109
834,0.847083
835,0.847187
836,0.847318
837,0.847214
838,0.847005
839,0.847604
840,0.847344
841,0.847344
842,0.847474
843,0.847187
844,0.84776
845,0.848984
846,0.849323
847,0.84974
848,0.849948
849,0.850078
850,0.849974
851,0.849609
852,0.849531
853,0.849141
854,0.849063
855,0.849089
856,0.848698
857,0.849115
858,0.848776
859,0.848932
860,0.848698
861,0.848542
862,0.84862
863,0.848281
864,0.847995
865,0.847943
866,0.84776
867,0.847708
868,0.847891
869,0.848099
870,0.846875
871,0.846458
872,0.846302
873,0.846562
874,0.846536
875,0.846849
876,0.846406
877,0.846562
878,0.847057
879,0.847135
880,0.848021
881,0.848411
882,0.848854
883,0.84862
884,0.848307
885,0.84862
886,0.848672
887,0.849115
888,0.849531
889,0.849063
890,0.849297
891,0.849297
892,0.849245
893,0.849609
894,0.849427
895,0.849896
896,0.84974
897,0.849661
898,0.850052
899,0.849714
900,0.849635
901,0.849714
902,0.849661
903,0.849401
904,0.849479
905,0.850104
906,0.850052
907,0.850365
908,0.850443
909,0.850885
910,0.850729
911,0.850755
912,0.85112
913,0.85099
914,0.851615
915,0.851615
916,0.851458
917,0.85112
918,0.850182
919,0.850052
920,0.849792
921,0.850182
922,0.850156
923,0.850286
924,0.850365
925,0.850443
926,0.850156
927,0.850208
928,0.850339
929,0.85026
930,0.850104
931,0.849688
932,0.84974
933,0.849635
934,0.849661
935,0.84974
936,0.849714
937,0.849271
938,0.849245
939,0.849583
940,0.849271
941,0.84901
942,0.848698
943,0.848672
944,0.848411
945,0.848333
946,0.848151
947,0.848021
948,0.848281
949,0.848177
950,0.848099
951,0.847969
952,0.847917
953,0.848073
954,0.848021
955,0.84888
956,0.848568
957,0.848698
958,0.848568
959,0.848307
960,0.84849
961,0.849297
962,0.849245
963,0.849193
964,0.849375
965,0.849193
966,0.849427
967,0.849635
968,0.849661
969,0.849661
970,0.849583
971,0.849401
972,0.849609
973,0.849245
974,0.848594
975,0.848203
976,0.848281
977,0.847891
978,0.847969
979,0.847734
980,0.845573
981,0.845677
982,0.845729
983,0.846458
984,0.847031
985,0.847161
986,0.847812
987,0.847839
988,0.848047
989,0.848047
990,0.848151
991,0.847812
992,0.847708
993,0.847943
994,0.847969
995,0.848255
996,0.848151
997,0.848073
998,0.848125
999,0.848151
1000,0.848333
1001,0.848333
1002,0.847943
1003,0.848151
1004,0.848307
1005,0.849115
1006,0.849427
1007,0.849271
1008,0.849479
1009,0.848932
1010,0.848958
1011,0.847422
1012,0.847292
1013,0.846979
1014,0.846953
1015,0.847005
1016,0.846901
1017,0.846901
1018,0.846771
1019,0.847109
1020,0.846849
1021,0.847109
1022,0.847422
1023,0.846615
1024,0.846536
1025,0.846354
1026,0.845625
1027,0.845729
1028,0.845729
1029,0.846172
1030,0.846354
1031,0.846354
1032,0.846719
1033,0.846458
1034,0.846172
1035,0.846484
1036,0.847604
1037,0.847292
1038,0.847161
1039,0.847187
1040,0.846823
1041,0.846901
1042,0.846875
1043,0.846823
1044,0.847031
1045,0.847214
1046,0.847057
1047,0.847057
1048,0.846953
1049,0.846719
1050,0.846458
1051,0.84651
1052,0.846667
1053,0.846901
1054,0.846406
1055,0.846797
1056,0.846771
1057,0.846823
1058,0.847005
1059,0.847266
1060,0.847187
1061,0.846797
1062,0.846953
1063,0.84724
1064,0.846745
1065,0.847161
1066,0.84724
1067,0.847031
1068,0.847161
1069,0.847292
1070,0.847474
1071,0.847552
1072,0.847812
1073,0.847161
1074,0.847396
1075,0.847396
1076,0.847292
1077,0.84724
1078,0.847292
1079,0.84724
1080,0.846927
1081,0.846693
1082,0.846771
1083,0.846901
1084,0.846901
1085,0.847344
1086,0.845234
1087,0.845339
1088,0.84526
1089,0.845182
1090,0.845625
1091,0.846198
1092,0.846562
1093,0.846328
1094,0.846458
1095,0.846172
1096,0.845755
1097,0.846406
1098,0.846458
1099,0.846641
1100,0.846641
1101,0.845781
1102,0.84612
1103,0.846042
1104,0.845703
1105,0.845521
1106,0.845781
1107,0.846224
1108,0.845677
1109,0.845964
1110,0.845911
1111,0.845
1112,0.845078
1113,0.845703
1114,0.845573
1115,0.845599
1116,0.845833
1117,0.845651
1118,0.845677
1119,0.845755
1120,0.846198
1121,0.845885
1122,0.845938
1123,0.846484
1124,0.846562
1125,0.84651
1126,0.845729
1127,0.845417
1128,0.844818
1129,0.844323
1130,0.843411
1131,0.843125
1132,0.842943
1133,0.843385
1134,0.842656
1135,0.843516
1136,0.844688
1137,0.844818
1138,0.84487
1139,0.844479
1140,0.844401
1141,0.844896
1142,0.845078
1143,0.844219
1144,0.844531
1145,0.844583
1146,0.844063
1147,0.843932
1148,0.844245
1149,0.84474
1150,0.845286
1151,0.844844
1152,0.845833
1153,0.846745
1154,0.846667
1155,0.846484
1156,0.846589
1157,0.846172
1158,0.846198
1159,0.846068
1160,0.845781
1161,0.84401
1162,0.843776
1163,0.843307
1164,0.842318
1165,0.842943
1166,0.84388
1167,0.843281
1168,0.844036
1169,0.844714
1170,0.845807
1171,0.846198
1172,0.846484
1173,0.845729
1174,0.846458
1175,0.846875
1176,0.84724
1177,0.847005
1178,0.846823
1179,0.846198
1180,0.84625
1181,0.846068
1182,0.846745
1183,0.845885
1184,0.846198
1185,0.846042
1186,0.84651
1187,0.846094
1188,0.846615
1189,0.84724
1190,0.846693
1191,0.84724
1192,0.846953
1193,0.847161
1194,0.84737
1195,0.846719
1196,0.846667
1197,0.846979
1198,0.846276
1199,0.84651
1200,0.84625
1201,0.846094
1202,0.845781
1203,0.846667
1204,0.846276
1205,0.845911
1206,0.846042
1207,0.846016
1208,0.846302
1209,0.846615
1210,0.846406
1211,0.846771
1212,0.84724
1213,0.846536
1214,0.846484
1215,0.846276
1216,0.846146
1217,0.846094
1218,0.84651
1219,0.84638
1220,0.84651
1221,0.846953
1222,0.846667
1223,0.846458
1224,0.846406
1225,0.846328
1226,0.846641
1227,0.846667
1228,0.846641
1229,0.846953
1230,0.846901
1231,0.8475
1232,0.846771
1233,0.846458
1234,0.846458
1235,0.845807
1236,0.845391
1237,0.844531
1238,0.844375
1239,0.843828
1240,0.843906
1241,0.84388
1242,0.84401
1243,0.844557
1244,0.844766
1245,0.844557
1246,0.845599
1247,0.845859
1248,0.846146
1249,0.845469
1250,0.845286
1251,0.845729
1252,0.845755
1253,0.84612
1254,0.84612
1255,0.846406
1256,0.84612
1257,0.846458
1258,0.84651
1259,0.846693
1260,0.846589
1261,0.844688
1262,0.844609
1263,0.844818
1264,0.844557
1265,0.844818
1266,0.844505
1267,0.844349
1268,0.844349
1269,0.844375
1270,0.844714
1271,0.844896
1272,0.84474
1273,0.844948
1274,0.844557
1275,0.844844
1276,0.844609
1277,0.84513
1278,0.845443
1279,0.846276
1280,0.845599
1281,0.846198
1282,0.84638
1283,0.846458
1284,0.846771
1285,0.846953
1286,0.845859
1287,0.845547
1288,0.844896
1289,0.844583
1290,0.844375
1291,0.844557
1292,0.844245
1293,0.844323
1294,0.844427
1295,0.844766
1296,0.844635
1297,0.844063
1298,0.844141
1299,0.844688
1300,0.845365
1301,0.845286
1302,0.845573
1303,0.845703
1304,0.84599
1305,0.845964
1306,0.84625
1307,0.846198
1308,0.846302
1309,0.845885
1310,0.844974
1311,0.845677
1312,0.846042
1313,0.845729
1314,0.84526
1315,0.845208
1316,0.844974
1317,0.844844
1318,0.845521
1319,0.845547
1320,0.845339
1321,0.846068
1322,0.845885
1323,0.84638
1324,0.846536
1325,0.845911
1326,0.846224
1327,0.846719
1328,0.847187
1329,0.847057
1330,0.847214
1331,0.847083
1332,0.847083
1333,0.846745
1334,0.846849
1335,0.847031
1336,0.846198
1337,0.846068
1338,0.845495
1339,0.845651
1340,0.845911
1341,0.846328
1342,0.846016
1343,0.845781
1344,0.845807
1345,0.845651
1346,0.846224
1347,0.845729
1348,0.84625
1349,0.845339
1350,0.844792
1351,0.844844
1352,0.845234
1353,0.845313
1354,0.84513
1355,0.844635
1356,0.845495
1357,0.845313
1358,0.846042
1359,0.84513
1360,0.845365
1361,0.844531
1362,0.844766
1363,0.844896
1364,0.845833
1365,0.845208
1366,0.844922
1367,0.84526
1368,0.845339
1369,0.84474
1370,0.844115
1371,0.844948
1372,0.84526
1373,0.845313
1374,0.845182
1375,0.845078
1376,0.844792
1377,0.844557
1378,0.844688
1379,0.844922
1380,0.84487
1381,0.845651
1382,0.845547
1383,0.845677
1384,0.845469
1385,0.845781
1386,0.845911
1387,0.845964
1388,0.84625
1389,0.846406
1390,0.845469
1391,0.845885
1392,0.847266
1393,0.846927
1394,0.846562
1395,0.847031
1396,0.847865
1397,0.8475
1398,0.847656
1399,0.84763
1400,0.847734
1401,0.847214
1402,0.847344
1403,0.847344
1404,0.848385
1405,0.84849
1406,0.848411
1407,0.848021
1408,0.848229
1409,0.848255
1410,0.848307
1411,0.849167
1412,0.849896
1413,0.849323
1414,0.848437
1415,0.848932
1416,0.849063
1417,0.85
1418,0.850807
1419,0.850052
1420,0.850234
1421,0.849844
1422,0.850495
1423,0.850521
1424,0.851172
1425,0.851198
1426,0.851719
1427,0.851641
1428,0.853281
1429,0.851797
1430,0.851719
1431,0.850807
1432,0.851224
1433,0.84974
1434,0.850599
1435,0.849974
1436,0.851875
1437,0.851823
1438,0.851693
1439,0.851432
1440,0.853151
1441,0.852995
1442,0.853125
1443,0.853203
1444,0.854453
1445,0.853464
1446,0.854792
1447,0.857839
1448,0.8575
1449,0.857526
1450,0.857552
1451,0.857474
1452,0.856354
1453,0.857552
1454,0.855521
1455,0.854792
1456,0.855182
1457,0.857083
1458,0.856094
1459,0.858724
1460,0.856068
1461,0.857578
1462,0.858646
1463,0.858437
1464,0.857943
1465,0.857448
1466,0.856563
1467,0.857083
1468,0.859922
1469,0.857005
1470,0.859297
1471,0.858646
1472,0.861615
1473,0.861146
1474,0.862214
1475,0.862266
1476,0.862057
1477,0.86276
1478,0.863724
1479,0.862135
1480,0.862995
1481,0.863359
1482,0.863594
1483,0.864557
1484,0.866458
1485,0.864948
1486,0.866615
1487,0.867188
1488,0.868255
1489,0.868958
1490,0.867161
1491,0.87125
1492,0.871172
1493,0.871146
1494,0.874427
1495,0.876875
1496,0.87901
1497,0.87875
1498,0.879141
1499,0.874167
1500,0.874714
1501,0.87138
1502,0.869687
1503,0.867995
1504,0.868255
1505,0.867083
1506,0.867422
1507,0.867448
1508,0.866927
1509,0.867109
1510,0.868594
1511,0.869271
1512,0.868333
1513,0.869245
1514,0.873125
1515,0.873672
1516,0.872917
1517,0.874609
1518,0.875521
1519,0.874661
1520,0.87487
1521,0.873307
1522,0.87026
1523,0.871953
1524,0.87474
1525,0.872917
1526,0.875417
1527,0.877995
1528,0.879089
1529,0.878568
1530,0.877839
1531,0.879583
1532,0.878672
1533,0.880313
1534,0.88
1535,0.881146
1536,0.878672
1537,0.877005
1538,0.875859
1539,0.87513
1540,0.873802
1541,0.875104
1542,0.874245
1543,0.871823
1544,0.873229
1545,0.874609
1546,0.876589
1547,0.876484
1548,0.87487
1549,0.875052
1550,0.874661
1551,0.876016
1552,0.875599
1553,0.878516
1554,0.879896
1555,0.880365
1556,0.877578
1557,0.882734
1558,0.8825
1559,0.881927
1560,0.883151
1561,0.881016
1562,0.880807
1563,0.877448
1564,0.876276
1565,0.875521
1566,0.873958
1567,0.87375
1568,0.874792
1569,0.875651
1570,0.875911
1571,0.875052
1572,0.875938
1573,0.874896
1574,0.874323
1575,0.876693
1576,0.87638
1577,0.875625
1578,0.875156
1579,0.87513
1580,0.875807
1581,0.878047
1582,0.878229
1583,0.880156
1584,0.879818
1585,0.880755
1586,0.884922
1587,0.880755
1588,0.88138
1589,0.881484
1590,0.881406
1591,0.880573
1592,0.880625
1593,0.875755
1594,0.87112
1595,0.871953
1596,0.866667
1597,0.863437
1598,0.863333
1599,0.861823
1600,0.857135
1601,0.856797
1602,0.856667
1603,0.856979
1604,0.856771
1605,0.859089
1606,0.860781
1607,0.860781
1608,0.859453
1609,0.857656
1610,0.858672
1611,0.863021
1612,0.861146
1613,0.860755
1614,0.862396
1615,0.869948
1616,0.868333
1617,0.867266
1618,0.865234
1619,0.863151
1620,0.862083
1621,0.858255
1622,0.862396
1623,0.86651
1624,0.863932
1625,0.868854
1626,0.866953
1627,0.867969
1628,0.868099
1629,0.866797
1630,0.86487
1631,0.864661
1632,0.864036
1633,0.863255
1634,0.862214
1635,0.861224
1636,0.862422
1637,0.86526
1638,0.86487
1639,0.868255
1640,0.868411
1641,0.870495
1642,0.870625
1643,0.867266
1644,0.867448
1645,0.866979
1646,0.867266
1647,0.866615
1648,0.866719
1649,0.863958
1650,0.860234
1651,0.859141
1652,0.858516
1653,0.858203
1654,0.854427
1655,0.854896
1656,0.85487
1657,0.852552
1658,0.85013
1659,0.847865
1660,0.850547
1661,0.85349
1662,0.854375
1663,0.856771
1664,0.855938
1665,0.855208
1666,0.856927
1667,0.856224
1668,0.858125
1669,0.860078
1670,0.859609
1671,0.859609
1672,0.86263
1673,0.864271
1674,0.866042
1675,0.864401
1676,0.863698
1677,0.861823
1678,0.85763
1679,0.857578
1680,0.856042
1681,0.850599
1682,0.84487
1683,0.841484
1684,0.840234
1685,0.837891
1686,0.83388
1687,0.834271
1688,0.833646
1689,0.838333
1690,0.835911
1691,0.837448
1692,0.84125
1693,0.842552
1694,0.842786
1695,0.842734
1696,0.83849
1697,0.837057
1698,0.837552
1699,0.840026
1700,0.835156
1701,0.831146
1702,0.831458
1703,0.831458
1704,0.82987
1705,0.831484
1706,0.834922
1707,0.841224
1708,0.842552
1709,0.844974
1710,0.845
1711,0.844453
1712,0.845833
1713,0.845599
1714,0.840677
1715,0.838125
1716,0.836589
1717,0.836875
1718,0.834036
1719,0.833542
1720,0.833932
1721,0.833516
1722,0.832656
1723,0.837682
1724,0.836302
1725,0.841589
1726,0.849505
1727,0.852526
1728,0.85224
1729,0.856484
1730,0.856797
1731,0.857604
1732,0.850339
1733,0.843776
1734,0.830078
1735,0.825104
1736,0.799818
1737,0.801146
1738,0.799505
1739,0.796641
1740,0.79
1741,0.780755
1742,0.779479
1743,0.77763
1744,0.762891
1745,0.762109
1746,0.760078
1747,0.765573
1748,0.718646
1749,0.716198
1750,0.715365
1751,0.712083
1752,0.712214
1753,0.669531
1754,0.663594
1755,0.654115
1756,0.648542
1757,0.645755
1758,0.642917
1759,0.636432
1760,0.630026
1761,0.619948
1762,0.613411
1763,0.609714
1764,0.596562
1765,0.589167
1766,0.588776
1767,0.601745
1768,0.607344
1769,0.617109
1770,0.625495
1771,0.629844
1772,0.642266
1773,0.654974
1774,0.657214
1775,0.661979
1776,0.679974
1777,0.690599
1778,0.69263
1779,0.699271
1780,0.703828
1781,0.705469
1782,0.703021
1783,0.696823
1784,0.695495
1785,0.685391
1786,0.684479
1787,0.686198
1788,0.688542
1789,0.685052
1790,0.680755
1791,0.669219
1792,0.663802
1793,0.659922
1794,0.653854
1795,0.643464
1796,0.636823
1797,0.633047
1798,0.62487
1799,0.628307
1800,0.620208
1801,0.625182
1802,0.625052
1803,0.625365
1804,0.625052
1805,0.62763
1806,0.629427
1807,0.633047
1808,0.633281
1809,0.630781
1810,0.633385
1811,0.618698
1812,0.621953
1813,0.624792
1814,0.625885
1815,0.62474
1816,0.622292
1817,0.62263
1818,0.616328
1819,0.604948
1820,0.60151
1821,0.602734
1822,0.591719
1823,0.58474
1824,0.584479
1825,0.578177
1826,0.574427
1827,0.56625
1828,0.55349
1829,0.551719
1830,0.544115
1831,0.545286
1832,0.542578
1833,0.539896
1834,0.531771
1835,0.526927
1836,0.508776
1837,0.519062
1838,0.521615
1839,0.523698
1840,0.526771
1841,0.527891
1842,0.529687
1843,0.52651
1844,0.526719
1845,0.527708
1846,0.533307
1847,0.531641
1848,0.536276
1849,0.540807
1850,0.541094
1851,0.540807
1852,0.537448
1853,0.536146
1854,0.531068
1855,0.520417
1856,0.516979
1857,0.509297
1858,0.507552
1859,0.502865
1860,0.496823
1861,0.490234
1862,0.489531
1863,0.489844
1864,0.482917
1865,0.478776
1866,0.465807
1867,0.457448
1868,0.453594
1869,0.449062
1870,0.447995
1871,0.447813
1872,0.451536
1873,0.458724
1874,0.462187
1875,0.469661
1876,0.479193
1877,0.481094
1878,0.490833
1879,0.497188
1880,0.499844
1881,0.502448
1882,0.513984
1883,0.502422
1884,0.491927
1885,0.495339
1886,0.486589
1887,0.493594
1888,0.498411
1889,0.503776
1890,0.507943
1891,0.517318
1892,0.519375
1893,0.529505
1894,0.542083
1895,0.544792
1896,0.543516
1897,0.537552
1898,0.525208
1899,0.522135
1900,0.525703
1901,0.529792
1902,0.544948
1903,0.558568
1904,0.565286
1905,0.581042
1906,0.619167
1907,0.629479
1908,0.653255
1909,0.673802
1910,0.679063
1911,0.687266
1912,0.69263
1913,0.69599
1914,0.707943
1915,0.715078
1916,0.720286
1917,0.728437
1918,0.740443
1919,0.745156
1920,0.74724
1921,0.754896
1922,0.754167
1923,0.755078
1924,0.755729
1925,0.721198
1926,0.708021
1927,0.699219
1928,0.690807
1929,0.674766
1930,0.652188
1931,0.642526
1932,0.624349
1933,0.542917
1934,0.529635
1935,0.511146
1936,0.47138
1937,0.46987
1938,0.456875
1939,0.444089
1940,0.432839
1941,0.421615
1942,0.417474
1943,0.42776
1944,0.423516
1945,0.419375
1946,0.417943
1947,0.403099
1948,0.392786
1949,0.391875
1950,0.379063
1951,0.374479
1952,0.370547
1953,0.363984
1954,0.360052
1955,0.361302
1956,0.356302
1957,0.349557
1958,0.344531
1959,0.338646
1960,0.334036
1961,0.333464
1962,0.330599
1963,0.327448
1964,0.325859
1965,0.320365
1966,0.314115
1967,0.313047
1968,0.307422
1969,0.302031
1970,0.29763
1971,0.289036
1972,0.277995
1973,0.271589
1974,0.253125
1975,0.241693
1976,0.236615
1977,0.228411
1978,0.222682
1979,0.219609
1980,0.215208
1981,0.210833
1982,0.208359
1983,0.204193
1984,0.200755
1985,0.198307
1986,0.173281
1987,0.172109
1988,0.172708
1989,0.172109
1990,0.172187
1991,0.172161
1992,0.172448
1993,0.171849
1994,0.172031
1995,0.171589
1996,0.171953
1997,0.170573
1998,0.168177
1999,0.167786
2000,0.166406
2001,0.164583
2002,0.170313
2003,0.174792
2004,0.182474
2005,0.194453
2006,0.202734
2007,0.213229
2008,0.227318
2009,0.234896
2010,0.254036
2011,0.266224
2012,0.272969
2013,0.30763
2014,0.325651
2015,0.356432
2016,0.382682
2017,0.402083
2018,0.429036
2019,0.456276
2020,0.470052
2021,0.471823
2022,0.48237
2023,0.500651
2024,0.513906
2025,0.542917
2026,0.575469
2027,0.592396
2028,0.621406
2029,0.652734
2030,0.663854
2031,0.683203
2032,0.682813
2033,0.682708
2034,0.683542
2035,0.681562
2036,0.692266
2037,0.700078
2038,0.687839
2039,0.695208
2040,0.697266
2041,0.696432
2042,0.659635
2043,0.639245
2044,0.580208
2045,0.565495
2046,0.533307
2047,0.510443
2048,0.496953
2049,0.476406
2050,0.454948
2051,0.444089
2052,0.432969
2053,0.409896
2054,0.403099
2055,0.386016
2056,0.376406
2057,0.368333
2058,0.350781
2059,0.335599
2060,0.326797
2061,0.296823
2062,0.287031
2063,0.282109
2064,0.280052
2065,0.276823
2066,0.273958
2067,0.26987
2068,0.269427
2069,0.269297
2070,0.269583
2071,0.272708
2072,0.271823
2073,0.271771
2074,0.265807
2075,0.262656
2076,0.256927
2077,0.245469
2078,0.241667
2079,0.224427
2080,0.213099
2081,0.207292
2082,0.196328
2083,0.187448
2084,0.18349
2085,0.178568
2086,0.166719
2087,0.166823
2088,0.167057
2089,0.166563
2090,0.166458
2091,0.166302
2092,0.166094
2093,0.166667
2094,0.166745
2095,0.16724
2096,0.167813
2097,0.168073
2098,0.167995
2099,0.168125
2100,0.169974
2101,0.173437
2102,0.176094
2103,0.181276
2104,0.187057
2105,0.191146
2106,0.198151
2107,0.206849
2108,0.210703
2109,0.221224
2110,0.235208
2111,0.241563
2112,0.266146
2113,0.292578
2114,0.299583
2115,0.33875
2116,0.358568
2117,0.387786
2118,0.429245
2119,0.482474
2120,0.499349
2121,0.539323
2122,0.564245
2123,0.610026
2124,0.654635
2125,0.676406
2126,0.699479
2127,0.733073
2128,0.779193
2129,0.796745
2130,0.811979
2131,0.827214
2132,0.838568
2133,0.850755
2134,0.8575
2135,0.861146
2136,0.886667
2137,0.891979
2138,0.891432
2139,0.893203
2140,0.893177
2141,0.892552
2142,0.890729
2143,0.888151
2144,0.886094
2145,0.887318
2146,0.885182
2147,0.884583
2148,0.88612
2149,0.890781
2150,0.888594
2151,0.888255
2152,0.85888
2153,0.856068
2154,0.814635
2155,0.784115
2156,0.777708
2157,0.738672
2158,0.712109
2159,0.703021
2160,0.692187
2161,0.645703
2162,0.648568
2163,0.648203
2164,0.648594
2165,0.650208
2166,0.651068
2167,0.64862
2168,0.647422
2169,0.646146
2170,0.645312
2171,0.643125
2172,0.637839
2173,0.639167
2174,0.636745
2175,0.634062
2176,0.58612
2177,0.570964
2178,0.551068
2179,0.523828
2180,0.486615
2181,0.446823
2182,0.419609
2183,0.409297
2184,0.393333
2185,0.364036
2186,0.315052
2187,0.306276
2188,0.301328
2189,0.298021
2190,0.288385
2191,0.276328
2192,0.272396
2193,0.265885
2194,0.255156
2195,0.250443
2196,0.243307
2197,0.234271
2198,0.23112
2199,0.224115
2200,0.217083
2201,0.214635
2202,0.206406
2203,0.201276
2204,0.198151
2205,0.19599
2206,0.193828
2207,0.19276
2208,0.192057
2209,0.189453
2210,0.187943
2211,0.17638
2212,0.171484
2213,0.170443
2214,0.167656
2215,0.166536
2216,0.165182
2217,0.164297
2218,0.161745
2219,0.161641
2220,0.162266
2221,0.161198
2222,0.162057
2223,0.161901
2224,0.160625
2225,0.161432
2226,0.160781
2227,0.161068
2228,0.160625
2229,0.16151
2230,0.160026
2231,0.160417
2232,0.160755
2233,0.161198
2234,0.161302
2235,0.161823
2236,0.161328
2237,0.160703
2238,0.16237
2239,0.162188
2240,0.163229
2241,0.163568
2242,0.162552
2243,0.162344
2244,0.161536
2245,0.163125
2246,0.164401
2247,0.165365
2248,0.165625
2249,0.16487
2250,0.164844
2251,0.164948
2252,0.164661
2253,0.16638
2254,0.166667
2255,0.16638
2256,0.165625
2257,0.165
2258,0.165911
2259,0.167578
2260,0.16763
2261,0.166953
2262,0.166068
2263,0.167708
2264,0.167969
2265,0.168125
2266,0.169401
2267,0.170286
2268,0.173411
2269,0.182344
2270,0.18487
2271,0.196328
2272,0.205937
2273,0.210104
2274,0.218542
2275,0.229844
2276,0.234193
2277,0.247969
2278,0.257969
2279,0.262839
2280,0.272604
2281,0.279687
2282,0.2825
2283,0.287995
2284,0.293724
2285,0.296641
2286,0.29138
2287,0.297187
2288,0.300625
2289,0.30112
2290,0.302734
2291,0.30224
2292,0.302057
2293,0.301068
2294,0.295495
2295,0.287135
2296,0.281849
2297,0.278099
2298,0.271745
2299,0.267031
2300,0.270208
2301,0.273177
2302,0.276146
2303,0.278359
2304,0.280365
2305,0.288099
2306,0.289141
2307,0.288073
2308,0.288359
2309,0.287031
2310,0.283542
2311,0.279323
2312,0.27862
2313,0.275052
2314,0.27513
2315,0.27737
2316,0.270495
2317,0.269818
2318,0.269766
2319,0.268568
2320,0.268698
2321,0.266484
2322,0.262734
2323,0.256719
2324,0.254401
2325,0.250208
2326,0.24888
2327,0.247917
2328,0.239453
2329,0.235599
2330,0.232786
2331,0.22651
2332,0.217682
2333,0.214661
2334,0.20724
2335,0.19901
2336,0.194036
2337,0.190182
2338,0.186927
2339,0.182552
2340,0.181458
2341,0.182031
2342,0.181094
2343,0.177604
2344,0.177969
2345,0.178359
2346,0.176693
2347,0.175104
2348,0.174271
2349,0.174271
2350,0.175833
2351,0.178125
2352,0.181302
2353,0.186953
2354,0.191406
2355,0.195234
2356,0.200026
2357,0.203255
2358,0.204609
2359,0.205339
2360,0.205417
2361,0.195729
2362,0.190859
2363,0.187786
2364,0.184297
2365,0.183438
2366,0.178828
2367,0.178359
2368,0.17612
2369,0.17599
2370,0.173802
2371,0.16987
2372,0.169063
2373,0.167266
2374,0.166484
2375,0.166641
2376,0.165625
2377,0.166068
2378,0.164661
2379,0.162969
2380,0.161198
2381,0.160781
2382,0.161068
2383,0.161589
2384,0.164089
2385,0.173646
2386,0.179844
2387,0.186667
2388,0.198516
2389,0.222422
2390,0.231432
2391,0.250339
2392,0.284062
2393,0.297161
2394,0.316797
2395,0.361302
2396,0.370729
2397,0.394922
2398,0.414818
2399,0.424583
2400,0.431797
2401,0.437786
2402,0.439974
2403,0.443516
2404,0.440547
2405,0.437786
2406,0.438984
2407,0.437786
2408,0.436823
2409,0.432917
2410,0.391615
2411,0.362318
2412,0.359531
2413,0.359766
2414,0.341536
2415,0.315807
2416,0.304583
2417,0.297396
2418,0.291901
2419,0.268385
2420,0.259167
2421,0.246042
2422,0.229766
2423,0.223151
2424,0.212891
2425,0.201693
2426,0.196615
2427,0.189219
2428,0.180885
2429,0.176589
2430,0.170547
2431,0.164818
2432,0.162786
2433,0.159375
2434,0.165677
2435,0.169036
2436,0.175313
2437,0.189193
2438,0.195104
2439,0.206641
2440,0.217083
2441,0.22362
2442,0.232318
2443,0.239323
2444,0.241641
2445,0.24138
2446,0.241146
2447,0.238464
2448,0.230495
2449,0.22362
2450,0.221797
2451,0.213906
2452,0.204063
2453,0.198359
2454,0.186094
2455,0.183333
2456,0.184297
2457,0.185078
2458,0.191406
2459,0.19224
2460,0.195286
2461,0.193438
2462,0.196693
2463,0.19513
2464,0.190339
2465,0.18849
2466,0.186953
2467,0.183698
2468,0.183151
2469,0.18375
2470,0.18276
2471,0.18099
2472,0.175104
2473,0.170755
2474,0.169453
2475,0.167318
2476,0.164792
2477,0.164089
2478,0.164427
2479,0.16763
2480,0.170078
2481,0.174557
2482,0.181458
2483,0.186146
2484,0.19112
2485,0.19112
2486,0.190026
2487,0.191172
2488,0.18513
2489,0.182839
2490,0.178385
2491,0.178255
2492,0.176667
2493,0.176693
2494,0.175781
2495,0.175313
2496,0.173724
2497,0.171172
2498,0.170286
2499,0.168542
2500,0.167318
2501,0.166771
2502,0.16526
2503,0.165859
2504,0.167448
2505,0.167786
2506,0.167161
2507,0.166354
2508,0.167943
2509,0.171979
2510,0.174766
2511,0.179635
2512,0.188255
2513,0.19474
2514,0.208255
2515,0.223438
2516,0.230781
2517,0.242786
2518,0.252448
2519,0.25763
2520,0.273385
2521,0.282708
2522,0.287656
2523,0.311224
2524,0.324062
2525,0.329661
2526,0.340729
2527,0.348307
2528,0.352943
2529,0.35513
2530,0.353906
2531,0.356094
2532,0.35362
2533,0.351432
2534,0.348698
2535,0.340026
2536,0.332135
2537,0.32974
2538,0.327708
2539,0.318854
2540,0.317474
2541,0.300911
2542,0.29224
2543,0.286615
2544,0.27763
2545,0.27526
2546,0.263437
2547,0.242734
2548,0.23651
2549,0.236823
2550,0.233151
2551,0.233281
2552,0.234036
2553,0.234115
2554,0.233281
2555,0.23362
2556,0.236224
2557,0.229245
2558,0.226042
2559,0.218854
2560,0.210078
2561,0.192943
2562,0.18651
2563,0.179245
2564,0.176302
2565,0.170234
2566,0.163802
2567,0.161615
2568,0.157109
2569,0.151901
2570,0.149375
2571,0.146823
2572,0.144818
2573,0.144245
2574,0.143099
2575,0.14276
2576,0.143021
2577,0.142786
2578,0.14276
2579,0.14276
2580,0.142786
2581,0.142839
2582,0.142969
2583,0.142708
2584,0.142786
2585,0.142865
2586,0.142031
2587,0.14224
2588,0.142474
2589,0.14224
2590,0.14224
2591,0.142578
2592,0.142708
2593,0.142813
2594,0.142734
2595,0.142682
2596,0.14263
2597,0.143047
2598,0.143177
2599,0.142891
2600,0.142656
2601,0.142682
2602,0.142682
2603,0.142813
2604,0.142422
2605,0.143229
2606,0.143229
2607,0.143464
2608,0.14349
2609,0.143411
2610,0.143307
2611,0.140391
2612,0.140677
2613,0.140885
2614,0.140651
2615,0.140677
2616,0.140807
2617,0.140625
2618,0.140703
2619,0.140547
2620,0.140417
2621,0.140495
2622,0.140859
2623,0.140677
2624,0.140729
2625,0.142292
2626,0.149401
2627,0.154401
2628,0.164896
2629,0.175755
2630,0.180495
2631,0.190182
2632,0.199844
2633,0.20401
2634,0.211667
2635,0.215286
2636,0.215625
2637,0.219115
2638,0.219401
2639,0.222005
2640,0.225807
2641,0.238984
2642,0.244974
2643,0.257865
2644,0.272969
2645,0.281068
2646,0.306068
2647,0.3275
2648,0.335547
2649,0.357109
2650,0.369948
2651,0.377708
2652,0.413724
2653,0.436589
2654,0.445885
2655,0.458646
2656,0.475521
2657,0.484115
2658,0.504375
2659,0.511849
2660,0.511745
2661,0.516641
2662,0.521875
2663,0.529193
2664,0.524583
2665,0.516823
2666,0.512578
2667,0.509036
2668,0.502865
2669,0.499844
2670,0.496875
2671,0.500573
2672,0.499531
2673,0.48362
2674,0.477135
2675,0.483568
2676,0.460104
2677,0.44776
2678,0.44474
2679,0.437344
2680,0.433854
2681,0.417005
2682,0.404609
2683,0.394688
2684,0.391719
2685,0.388464
2686,0.360911
2687,0.361589
2688,0.36526
2689,0.365339
2690,0.371536
2691,0.374479
2692,0.376849
2693,0.37875
2694,0.381589
2695,0.383411
2696,0.382474
2697,0.375365
2698,0.368646
2699,0.363568
2700,0.352396
2701,0.34375
2702,0.3375
2703,0.327057
2704,0.31737
2705,0.313542
2706,0.304141
2707,0.293802
2708,0.289089
2709,0.28224
2710,0.279609
2711,0.272474
2712,0.2725
2713,0.273646
2714,0.274167
2715,0.274089
2716,0.275026
2717,0.274922
2718,0.274635
2719,0.275625
2720,0.270234
2721,0.264583
2722,0.259766
2723,0.255521
2724,0.251641
2725,0.249453
2726,0.246458
2727,0.244635
2728,0.243854
2729,0.245104
2730,0.246667
2731,0.250547
2732,0.253177
2733,0.258646
2734,0.262266
2735,0.257786
2736,0.247839
2737,0.253047
2738,0.254844
2739,0.258542
2740,0.265729
2741,0.267396
2742,0.272214
2743,0.27349
2744,0.274661
2745,0.275573
2746,0.276901
2747,0.276771
2748,0.276354
2749,0.279401
2750,0.278906
2751,0.278099
2752,0.27737
2753,0.279714
2754,0.27487
2755,0.277839
2756,0.278021
2757,0.276406
2758,0.275391
2759,0.278672
2760,0.275651
2761,0.270234
2762,0.270182
2763,0.270234
2764,0.26901
2765,0.270208
2766,0.26901
2767,0.267422
2768,0.267422
2769,0.26776
2770,0.266198
2771,0.267266
2772,0.266849
2773,0.267448
2774,0.267109
2775,0.264818
2776,0.263646
2777,0.264844
2778,0.263073
2779,0.262552
2780,0.263151
2781,0.261042
2782,0.260807
2783,0.260417
2784,0.259557
2785,0.257839
2786,0.253125
2787,0.250625
2788,0.249896
2789,0.249688
2790,0.249505
2791,0.249271
2792,0.249505
2793,0.248073
2794,0.247578
2795,0.246562
2796,0.244792
2797,0.245703
2798,0.245339
2799,0.244036
2800,0.24349
2801,0.242318
2802,0.241823
2803,0.241432
2804,0.240703
2805,0.23987
2806,0.24099
2807,0.240625
2808,0.242682
2809,0.241745
2810,0.240417
2811,0.239583
2812,0.240677
2813,0.241016
2814,0.24112
2815,0.240781
2816,0.240703
2817,0.241146
2818,0.240729
2819,0.240286
2820,0.23974
2821,0.240026
2822,0.239896
2823,0.240104
2824,0.240078
2825,0.240365
2826,0.240286
2827,0.239896
2828,0.239766
2829,0.239948
2830,0.239687
2831,0.239635
2832,0.24
2833,0.239036
2834,0.23901
2835,0.238724
2836,0.239375
2837,0.238984
2838,0.23888
2839,0.238307
2840,0.238333
2841,0.23849
2842,0.238724
2843,0.238828
2844,0.238542
2845,0.239323
2846,0.239687
2847,0.239219
2848,0.239115
2849,0.239245
2850,0.239557
2851,0.24
2852,0.239687
2853,0.240547
2854,0.240339
2855,0.24
2856,0.239687
2857,0.239297
2858,0.239766
2859,0.239974
2860,0.239974
2861,0.238099
2862,0.238151
2863,0.238464
2864,0.23862
2865,0.239505
2866,0.239583
2867,0.239297
2868,0.240495
2869,0.240078
2870,0.240391
2871,0.240391
2872,0.240573
2873,0.24013
2874,0.24
2875,0.239531
2876,0.239297
2877,0.238802
2878,0.238359
2879,0.238646
2880,0.240833
2881,0.24599
2882,0.248724
2883,0.254349
2884,0.258802
2885,0.259896
2886,0.263307
2887,0.265781
2888,0.265286
2889,0.266693
2890,0.266927
2891,0.268203
2892,0.267734
2893,0.266771
2894,0.266641
2895,0.26224
2896,0.261094
2897,0.262161
2898,0.260547
2899,0.259062
2900,0.259427
2901,0.258073
2902,0.2575
2903,0.256406
2904,0.255599
2905,0.254167
2906,0.254531
2907,0.253906
2908,0.254635
2909,0.254661
2910,0.255026
2911,0.252865
2912,0.252552
2913,0.252526
2914,0.253099
2915,0.252292
2916,0.2525
2917,0.252943
2918,0.252943
2919,0.251849
2920,0.251719
2921,0.251432
2922,0.252292
2923,0.252865
2924,0.252526
2925,0.252578
2926,0.252266
2927,0.251719
2928,0.252292
2929,0.252526
2930,0.253307
2931,0.255312
2932,0.256849
2933,0.257188
2934,0.256823
2935,0.256693
2936,0.255339
2937,0.25349
2938,0.253047
2939,0.253073
2940,0.253542
2941,0.254427
2942,0.254349
2943,0.254323
2944,0.255339
2945,0.255703
2946,0.257474
2947,0.260859
2948,0.262005
2949,0.265052
2950,0.269714
2951,0.272214
2952,0.277135
2953,0.281536
2954,0.282578
2955,0.290339
2956,0.298203
2957,0.301276
2958,0.322396
2959,0.334818
2960,0.35974
2961,0.413099
2962,0.419375
2963,0.422995
2964,0.453333
2965,0.473151
2966,0.483776
2967,0.49526
2968,0.546589
2969,0.560859
2970,0.572448
2971,0.589063
2972,0.599974
2973,0.621849
2974,0.650026
2975,0.662266
2976,0.673438
2977,0.682734
2978,0.6875
2979,0.694479
2980,0.69849
2981,0.699766
2982,0.710391
2983,0.739792
2984,0.751172
2985,0.759193
2986,0.805573
2987,0.808021
2988,0.808698
2989,0.810234
2990,0.817344
2991,0.829661
2992,0.837187
2993,0.843672
2994,0.845547
2995,0.849297
2996,0.849245
2997,0.84901
2998,0.858203
2999,0.860026
3000,0.861979
3001,0.86474
3002,0.866563
3003,0.869115
3004,0.871875
3005,0.870729
3006,0.873177
3007,0.873359
3008,0.875052
3009,0.873151
3010,0.870156
3011,0.879453
3012,0.87724
3013,0.875104
3014,0.873099
3015,0.873281
3016,0.87375
3017,0.874635
3018,0.875417
3019,0.875313
3020,0.876797
3021,0.876484
3022,0.875677
3023,0.877656
3024,0.875573
3025,0.876042
3026,0.87763
3027,0.878464
3028,0.87862
3029,0.878333
3030,0.879922
3031,0.881719
3032,0.882682
3033,0.881797
3034,0.880755
3035,0.881432
3036,0.889401
3037,0.889427
3038,0.889792
3039,0.891979
3040,0.891797
3041,0.890781
3042,0.890286
3043,0.890365
3044,0.890234
3045,0.890286
3046,0.891016
3047,0.89125
3048,0.890391
3049,0.891771
3050,0.890078
3051,0.889583
3052,0.88875
3053,0.888984
3054,0.889375
3055,0.88888
3056,0.888594
3057,0.889245
3058,0.888099
3059,0.887734
3060,0.88625
3061,0.888307
3062,0.888594
3063,0.889271
3064,0.888542
3065,0.886927
3066,0.886068
3067,0.883229
3068,0.880286
3069,0.879531
3070,0.878906
3071,0.877839
3072,0.879193
3073,0.877708
3074,0.877526
3075,0.875391
3076,0.874635
3077,0.875313
3078,0.874297
3079,0.871901
3080,0.87349
3081,0.872995
3082,0.873776
3083,0.872005
3084,0.87362
3085,0.872943
3086,0.879141
3087,0.878724
3088,0.876302
3089,0.876406
3090,0.874948
3091,0.875703
3092,0.874531
3093,0.87625
3094,0.877943
3095,0.877057
3096,0.876458
3097,0.87526
3098,0.87487
3099,0.874635
3100,0.87599
3101,0.875677
3102,0.875703
3103,0.875677
3104,0.874896
3105,0.874271
3106,0.873854
3107,0.874219
3108,0.871979
3109,0.872839
3110,0.872188
3111,0.874219
3112,0.873802
3113,0.872057
3114,0.873724
3115,0.871953
3116,0.871224
3117,0.87125
3118,0.872214
3119,0.871094
3120,0.871458
3121,0.871745
3122,0.871406
3123,0.870286
3124,0.869714
3125,0.869844
3126,0.869922
3127,0.870599
3128,0.871484
3129,0.872057
3130,0.872266
3131,0.871849
3132,0.872474
3133,0.87263
3134,0.872188
3135,0.870339
3136,0.872266
3137,0.870911
3138,0.869687
3139,0.869375
3140,0.867266
3141,0.866797
3142,0.86724
3143,0.867188
3144,0.866302
3145,0.865859
3146,0.865365
3147,0.865182
3148,0.864427
3149,0.86401
3150,0.863151
3151,0.862292
3152,0.861875
3153,0.861797
3154,0.861068
3155,0.860781
3156,0.860807
3157,0.860495
3158,0.858854
3159,0.860182
3160,0.860078
3161,0.860651
3162,0.861563
3163,0.861068
3164,0.861536
3165,0.860964
3166,0.861484
3167,0.86138
3168,0.860807
3169,0.861016
3170,0.859766
3171,0.860417
3172,0.859557
3173,0.858568
3174,0.859375
3175,0.859141
3176,0.858594
3177,0.859349
3178,0.858906
3179,0.858411
3180,0.859115
3181,0.859531
3182,0.858281
3183,0.856719
3184,0.855964
3185,0.856094
3186,0.855417
3187,0.855755
3188,0.855469
3189,0.856693
3190,0.855859
3191,0.855365
3192,0.855026
3193,0.852969
3194,0.853151
3195,0.852786
3196,0.8525
3197,0.852604
3198,0.853568
3199,0.852083
3200,0.852552
3201,0.852083
3202,0.852031
3203,0.851745
3204,0.851667
3205,0.852344
3206,0.85125
3207,0.850417
3208,0.851146
3209,0.850078
3210,0.850104
3211,0.851562
3212,0.851354
3213,0.851302
3214,0.851458
3215,0.850885
3216,0.850911
3217,0.850417
3218,0.84974
3219,0.849818
3220,0.849115
3221,0.848958
3222,0.849297
3223,0.849375
3224,0.849167
3225,0.849036
3226,0.848698
3227,0.84875
3228,0.848802
3229,0.848594
3230,0.848542
3231,0.848229
3232,0.847969
3233,0.848125
3234,0.847943
3235,0.847734
3236,0.847995
3237,0.847396
3238,0.847786
3239,0.847917
3240,0.847786
3241,0.847943
3242,0.84737
3243,0.84737
3244,0.8475
3245,0.847161
3246,0.847031
3247,0.846198
3248,0.846094
3249,0.845859
3250,0.846432
3251,0.846667
3252,0.847057
3253,0.846667
3254,0.846745
3255,0.846901
3256,0.84724
3257,0.847031
3258,0.846901
3259,0.846406
3260,0.846536
3261,0.848594
3262,0.848464
3263,0.848047
3264,0.847943
3265,0.847865
3266,0.847943
3267,0.848203
3268,0.848047
3269,0.847812
3270,0.847474
3271,0.847344
3272,0.847083
3273,0.846823
3274,0.846667
3275,0.846979
3276,0.847786
3277,0.848542
3278,0.847734
3279,0.848151
3280,0.848464
3281,0.849063
3282,0.849245
3283,0.849401
3284,0.849349
3285,0.849063
3286,0.852578
3287,0.851719
3288,0.851953
3289,0.852031
3290,0.852292
3291,0.851901
3292,0.852214
3293,0.852057
3294,0.851719
3295,0.85151
3296,0.851589
3297,0.851328
3298,0.851406
3299,0.85125
3300,0.851042
3301,0.851042
3302,0.851146
3303,0.85125
3304,0.851927
3305,0.851927
3306,0.851172
3307,0.850703
3308,0.850547
3309,0.850781
3310,0.850521
3311,0.851823
3312,0.851719
3313,0.850833
3314,0.849818
3315,0.850573
3316,0.851146
3317,0.851589
3318,0.851302
3319,0.851849
3320,0.851536
3321,0.852214
3322,0.852057
3323,0.851771
3324,0.85224
3325,0.852161
3326,0.852969
3327,0.853073
3328,0.853802
3329,0.85362
3330,0.853854
3331,0.853568
3332,0.853281
3333,0.853203
3334,0.854219
3335,0.853828
3336,0.854245
3337,0.854401
3338,0.854089
3339,0.853437
3340,0.854141
3341,0.854219
3342,0.854427
3343,0.854062
3344,0.853281
3345,0.852969
3346,0.852786
3347,0.852057
3348,0.851979
3349,0.851693
3350,0.851589
3351,0.851276
3352,0.851354
3353,0.851589
3354,0.852917
3355,0.853359
3356,0.852943
3357,0.852839
3358,0.853229
3359,0.852786
3360,0.853229
3361,0.85474
3362,0.854323
3363,0.854375
3364,0.854427
3365,0.854427
3366,0.85526
3367,0.854688
3368,0.854688
3369,0.85513
3370,0.854531
3371,0.854193
3372,0.854479
3373,0.854844
3374,0.855182
3375,0.855052
3376,0.854948
3377,0.855026
3378,0.855104
3379,0.854714
3380,0.85526
3381,0.854974
3382,0.854714
3383,0.854583
3384,0.854349
3385,0.854531
3386,0.854453
3387,0.854661
3388,0.854479
3389,0.854583
3390,0.854896
3391,0.85513
3392,0.855
3393,0.854583
3394,0.854792
3395,0.854115
3396,0.853516
3397,0.853073
3398,0.853047
3399,0.85276
3400,0.852865
3401,0.852995
3402,0.852943
3403,0.852995
3404,0.853359
3405,0.853464
3406,0.853333
3407,0.853177
3408,0.853229
3409,0.853307
3410,0.853125
3411,0.854609
3412,0.854115
3413,0.853776
3414,0.853984
3415,0.854089
3416,0.854115
3417,0.854141
3418,0.854089
3419,0.85388
3420,0.853958
3421,0.854089
3422,0.853828
3423,0.853411
3424,0.853464
3425,0.853672
3426,0.853802
3427,0.85362
3428,0.853984
3429,0.853906
3430,0.853932
3431,0.853724
3432,0.853568
3433,0.854505
3434,0.854479
3435,0.854323
3436,0.861563
3437,0.860729
3438,0.860781
3439,0.861016
3440,0.860573
3441,0.860365
3442,0.860417
3443,0.859896
3444,0.860104
3445,0.859896
3446,0.859844
3447,0.860104
3448,0.860469
3449,0.860313
3450,0.860625
3451,0.860417
3452,0.860521
3453,0.860573
3454,0.860703
3455,0.860625
3456,0.860495
3457,0.860234
3458,0.860156
3459,0.860052
3460,0.860313
3461,0.86237
3462,0.86224
3463,0.862292
3464,0.862135
3465,0.861979
3466,0.861875
3467,0.861354
3468,0.862031
3469,0.861276
3470,0.861224
3471,0.861276
3472,0.861224
3473,0.86099
3474,0.860755
3475,0.860625
3476,0.860651
3477,0.860703
3478,0.861068
3479,0.86112
3480,0.861042
3481,0.86112
3482,0.860807
3483,0.86099
3484,0.86099
3485,0.860781
3486,0.861146
3487,0.860911
3488,0.860625
3489,0.86112
3490,0.860547
3491,0.860833
3492,0.860938
3493,0.860677
3494,0.860651
3495,0.860625
3496,0.860286
3497,0.859974
3498,0.859922
3499,0.859635
3500,0.859635
3501,0.859531
3502,0.859375
3503,0.859609
3504,0.859427
3505,0.859271
3506,0.859401
3507,0.859479
3508,0.859531
3509,0.859505
3510,0.859349
3511,0.861458
3512,0.861328
3513,0.861094
3514,0.861068
3515,0.860573
3516,0.860625
3517,0.860286
3518,0.859766
3519,0.860078
3520,0.860234
3521,0.860625
3522,0.860286
3523,0.860182
3524,0.860339
3525,0.860573
3526,0.860313
3527,0.860469
3528,0.860781
3529,0.860677
3530,0.860729
3531,0.860521
3532,0.860521
3533,0.860651
3534,0.860443
3535,0.860417
3536,0.858099
3537,0.857682
3538,0.857943
3539,0.858021
3540,0.857943
3541,0.857578
3542,0.857396
3543,0.857187
3544,0.857396
3545,0.85724
3546,0.857448
3547,0.857839
3548,0.857917
3549,0.857734
3550,0.857396
3551,0.857214
3552,0.857474
3553,0.857161
3554,0.857214
3555,0.8575
3556,0.857161
3557,0.857161
3558,0.857109
3559,0.856927
3560,0.857109
3561,0.857786
3562,0.857578
3563,0.857656
3564,0.857656
3565,0.857734
3566,0.857891
3567,0.858021
3568,0.858099
3569,0.858464
3570,0.860703
3571,0.860391
3572,0.861042
3573,0.86099
3574,0.860729
3575,0.860964
3576,0.860885
3577,0.860339
3578,0.860625
3579,0.860443
3580,0.860365
3581,0.86013
3582,0.859714
3583,0.859844
3584,0.859714
3585,0.86
3586,0.859635
3587,0.859557
3588,0.859375
3589,0.859635
3590,0.859297
3591,0.859427
3592,0.859062
3593,0.859036
3594,0.859245
3595,0.859271
3596,0.858828
3597,0.85888
3598,0.85901
3599,0.859141
3600,0.859141
3601,0.859661
3602,0.860026
3603,0.860078
3604,0.859714
3605,0.860182
3606,0.859766
3607,0.85974
3608,0.859844
3609,0.859635
3610,0.85987
3611,0.860104
3612,0.860547
3613,0.860443
3614,0.861354
3615,0.861589
3616,0.862005
3617,0.862005
3618,0.861979
3619,0.862161
3620,0.864661
3621,0.865
3622,0.865104
3623,0.86513
3624,0.864531
3625,0.864922
3626,0.864583
3627,0.865469
3628,0.865651
3629,0.865521
3630,0.864974
3631,0.864922
3632,0.864453
3633,0.864661
3634,0.86349
3635,0.863516
3636,0.862891
3637,0.862917
3638,0.862266
3639,0.861927
3640,0.861589
3641,0.861354
3642,0.860391
3643,0.860156
3644,0.860104
3645,0.860156
3646,0.859609
3647,0.859453
3648,0.859635
3649,0.859531
3650,0.858724
3651,0.858646
3652,0.858437
3653,0.85888
3654,0.85901
3655,0.858828
3656,0.858854
3657,0.85901
3658,0.858724
3659,0.859115
3660,0.859245
3661,0.859141
3662,0.858932
3663,0.859167
3664,0.859505
3665,0.859635
3666,0.859609
3667,0.859557
3668,0.859557
3669,0.859427
3670,0.859557
3671,0.859688
3672,0.858776
3673,0.85862
3674,0.858359
3675,0.857865
3676,0.857969
3677,0.85888
3678,0.859271
3679,0.860182
3680,0.860286
3681,0.860781
3682,0.860885
3683,0.860781
3684,0.860755
3685,0.860859
3686,0.860625
3687,0.861042
3688,0.86099
3689,0.861146
3690,0.86099
3691,0.86125
3692,0.860911
3693,0.860859
3694,0.860911
3695,0.861797
3696,0.861979
3697,0.861328
3698,0.86026
3699,0.860911
3700,0.861094
3701,0.860521
3702,0.861563
3703,0.861432
3704,0.861276
3705,0.861641
3706,0.86112
3707,0.861354
3708,0.86112
3709,0.860599
3710,0.860964
3711,0.860651
3712,0.860703
3713,0.860313
3714,0.860078
3715,0.860026
3716,0.85901
3717,0.859323
3718,0.859271
3719,0.858802
3720,0.857396
3721,0.856797
3722,0.856615
3723,0.856615
3724,0.85625
3725,0.856953
3726,0.855625
3727,0.855599
3728,0.856042
3729,0.856563
3730,0.856667
3731,0.856198
3732,0.856432
3733,0.856693
3734,0.856276
3735,0.85612
3736,0.856302
3737,0.855729
3738,0.855182
3739,0.855339
3740,0.85487
3741,0.855365
3742,0.855443
3743,0.854714
3744,0.855078
3745,0.854375
3746,0.85388
3747,0.855677
3748,0.854609
3749,0.853932
3750,0.854948
3751,0.853802
3752,0.853437
3753,0.853099
3754,0.852865
3755,0.85375
3756,0.853099
3757,0.852214
3758,0.852005
3759,0.852057
3760,0.851953
3761,0.851484
3762,0.850495
3763,0.850365
3764,0.849922
3765,0.849844
3766,0.849245
3767,0.84776
3768,0.848542
3769,0.848568
3770,0.851562
3771,0.852734
3772,0.851146
3773,0.852917
3774,0.853073
3775,0.853437
3776,0.853229
3777,0.853047
3778,0.85263
3779,0.853073
3780,0.852786
3781,0.852057
3782,0.851901
3783,0.852292
3784,0.851458
3785,0.851797
3786,0.851771
3787,0.851615
3788,0.851354
3789,0.850755
3790,0.850573
3791,0.850599
3792,0.850885
3793,0.850286
3794,0.850495
3795,0.854089
3796,0.85388
3797,0.853594
3798,0.85276
3799,0.852318
3800,0.851797
3801,0.85138
3802,0.852318
3803,0.851198
3804,0.850286
3805,0.850234
3806,0.849792
3807,0.849375
3808,0.849219
3809,0.849219
3810,0.847969
3811,0.849063
3812,0.849375
3813,0.849896
3814,0.851016
3815,0.850495
3816,0.851354
3817,0.850443
3818,0.850547
3819,0.850677
3820,0.860339
3821,0.860339
3822,0.86026
3823,0.860104
3824,0.859609
3825,0.858516
3826,0.858802
3827,0.859062
3828,0.859219
3829,0.859193
3830,0.858932
3831,0.858828
3832,0.859896
3833,0.860182
3834,0.859714
3835,0.859453
3836,0.859688
3837,0.859609
3838,0.85974
3839,0.859688
3840,0.86
3841,0.859844
3842,0.859661
3843,0.859896
3844,0.860339
3845,0.857995
3846,0.857839
3847,0.857917
3848,0.857995
3849,0.858125
3850,0.858437
3851,0.858672
3852,0.858359
3853,0.858411
3854,0.858229
3855,0.85776
3856,0.858177
3857,0.857552
3858,0.857083
3859,0.856823
3860,0.85737
3861,0.857656
3862,0.857396
3863,0.857083
3864,0.857292
3865,0.857318
3866,0.857656
3867,0.857734
3868,0.85763
3869,0.857786
3870,0.859896
3871,0.859427
3872,0.860313
3873,0.860313
3874,0.860026
3875,0.859635
3876,0.860521
3877,0.860182
3878,0.860417
3879,0.860182
3880,0.860208
3881,0.860573
3882,0.860677
3883,0.86
3884,0.859792
3885,0.859609
3886,0.859479
3887,0.858776
3888,0.859141
3889,0.858984
3890,0.859141
3891,0.858568
3892,0.858776
3893,0.858672
3894,0.858542
3895,0.860208
3896,0.859453
3897,0.858724
3898,0.859245
3899,0.858776
3900,0.857656
3901,0.855521
3902,0.855938
3903,0.85724
3904,0.856849
3905,0.858776
3906,0.859375
3907,0.859036
3908,0.858073
3909,0.858281
3910,0.857786
3911,0.858411
3912,0.858281
3913,0.858307
3914,0.857839
3915,0.858229
3916,0.858333
3917,0.858073
3918,0.857474
3919,0.857318
3920,0.859688
3921,0.859115
3922,0.859245
3923,0.859141
3924,0.859531
3925,0.858906
3926,0.858958
3927,0.85888
3928,0.858776
3929,0.858984
3930,0.858542
3931,0.858594
3932,0.857161
3933,0.858828
3934,0.858333
3935,0.858177
3936,0.858932
3937,0.858437
3938,0.858698
3939,0.858672
3940,0.858542
3941,0.858776
3942,0.857943
3943,0.858385
3944,0.858646
3945,0.860443
3946,0.860781
3947,0.860625
3948,0.860885
3949,0.860807
3950,0.861068
3951,0.860859
3952,0.860859
3953,0.860313
3954,0.860365
3955,0.860677
3956,0.860547
3957,0.860391
3958,0.860052
3959,0.859922
3960,0.859844
3961,0.859557
3962,0.858776
3963,0.858333
3964,0.85875
3965,0.858021
3966,0.858255
3967,0.859036
3968,0.858672
3969,0.85849
3970,0.861328
3971,0.860417
3972,0.860677
3973,0.860729
3974,0.861068
3975,0.861146
3976,0.86112
3977,0.860938
3978,0.860729
3979,0.860651
3980,0.860833
3981,0.860417
3982,0.85888
3983,0.859141
3984,0.855964
3985,0.855755
3986,0.854245
3987,0.85612
3988,0.855677
3989,0.857604
3990,0.859036
3991,0.859401
3992,0.859661
3993,0.859688
3994,0.859766
3995,0.860182
3996,0.860156
3997,0.859896
3998,0.859714
3999,0.859401
4000,0.859557
4001,0.85974
4002,0.85974
4003,0.859609
4004,0.859635
4005,0.859167
4006,0.859245
4007,0.858984
4008,0.858906
4009,0.859193
4010,0.858932
4011,0.858724
4012,0.85888
4013,0.858906
4014,0.858958
4015,0.858776
4016,0.858906
4017,0.858958
4018,0.858542
4019,0.858672
4020,0.860339
4021,0.860443
4022,0.859375
4023,0.86
4024,0.859505
4025,0.858255
4026,0.859167
4027,0.859245
4028,0.858047
4029,0.857031
4030,0.85776
4031,0.857005
4032,0.856693
4033,0.857292
4034,0.857135
4035,0.858099
4036,0.858698
4037,0.857969
4038,0.858958
4039,0.858151
4040,0.857812
4041,0.859167
4042,0.858776
4043,0.858359
4044,0.858932
4045,0.860286
4046,0.860182
4047,0.860234
4048,0.859896
4049,0.859453
4050,0.859661
4051,0.85987
4052,0.860026
4053,0.85974
4054,0.859115
4055,0.859089
4056,0.859375
4057,0.859479
4058,0.85974
4059,0.859349
4060,0.859479
4061,0.85987
4062,0.859844
4063,0.859948
4064,0.860026
4065,0.859948
4066,0.859818
4067,0.859688
4068,0.86
4069,0.859688
4070,0.859948
4071,0.859479
4072,0.859141
4073,0.859115
4074,0.85888
4075,0.858984
4076,0.858828
4077,0.858984
4078,0.85862
4079,0.858568
4080,0.858047
4081,0.857812
4082,0.857734
4083,0.858073
4084,0.857969
4085,0.857786
4086,0.857812
4087,0.857917
4088,0.858203
4089,0.85849
4090,0.858542
4091,0.858229
4092,0.858203
4093,0.858359
4094,0.858411
4095,0.861224
4096,0.860677
4097,0.860703
4098,0.860547
4099,0.860547
4100,0.860521
4101,0.859714
4102,0.859427
4103,0.859167
4104,0.859479
4105,0.858333
4106,0.858177
4107,0.857995
4108,0.858307
4109,0.858073
4110,0.857995
4111,0.857995
4112,0.857552
4113,0.857839
4114,0.857135
4115,0.856641
4116,0.856823
4117,0.856667
4118,0.856745
4119,0.856641
4120,0.858568
4121,0.858099
4122,0.858516
4123,0.858151
4124,0.857865
4125,0.857187
4126,0.857161
4127,0.857604
4128,0.857318
4129,0.85737
4130,0.857526
4131,0.856693
4132,0.856354
4133,0.85651
4134,0.856563
4135,0.856979
4136,0.856615
4137,0.856432
4138,0.856797
4139,0.856797
4140,0.856146
4141,0.857057
4142,0.856563
4143,0.856875
4144,0.857448
4145,0.857422
4146,0.857005
4147,0.857995
4148,0.856589
4149,0.856484
4150,0.85638
4151,0.856901
4152,0.85638
4153,0.857214
4154,0.856042
4155,0.85625
4156,0.856641
4157,0.855755
4158,0.855729
4159,0.854531
4160,0.854479
4161,0.854167
4162,0.852786
4163,0.852057
4164,0.852318
4165,0.851667
4166,0.851667
4167,0.851927
4168,0.852005
4169,0.850964
4170,0.851068
4171,0.848906
4172,0.849896
4173,0.850078
4174,0.849818
4175,0.849063
4176,0.84901
4177,0.847812
4178,0.84862
4179,0.848906
4180,0.848203
4181,0.848958
4182,0.848958
4183,0.850313
4184,0.854531
4185,0.855156
4186,0.856849
4187,0.856354
4188,0.855885
4189,0.857474
4190,0.86138
4191,0.862865
4192,0.862161
4193,0.864062
4194,0.863437
4195,0.864635
4196,0.867135
4197,0.867344
4198,0.87013
4199,0.869375
4200,0.869922
4201,0.871198
4202,0.871094
4203,0.870417
4204,0.868385
4205,0.865469
4206,0.865286
4207,0.864271
4208,0.864089
4209,0.863099
4210,0.862917
4211,0.861797
4212,0.862161
4213,0.861667
4214,0.863125
4215,0.862266
4216,0.861823
4217,0.860573
4218,0.863776
4219,0.866536
4220,0.866172
4221,0.866458
4222,0.870547
4223,0.871979
4224,0.874844
4225,0.875495
4226,0.879115
4227,0.879896
4228,0.879453
4229,0.880417
4230,0.882891
4231,0.88487
4232,0.890104
4233,0.891406
4234,0.896484
4235,0.895964
4236,0.897839
4237,0.897318
4238,0.899349
4239,0.901198
4240,0.898203
4241,0.898828
4242,0.897266
4243,0.897813
4244,0.902422
4245,0.905156
4246,0.904375
4247,0.900807
4248,0.897995
4249,0.896693
4250,0.893177
4251,0.888516
4252,0.88849
4253,0.886406
4254,0.887266
4255,0.881589
4256,0.87737
4257,0.87763
4258,0.876771
4259,0.875729
4260,0.876432
4261,0.874453
4262,0.87487
4263,0.872839
4264,0.874896
4265,0.874245
4266,0.872865
4267,0.87388
4268,0.879297
4269,0.880104
4270,0.874427
4271,0.87388
4272,0.879167
4273,0.88026
4274,0.884349
4275,0.884766
4276,0.887474
4277,0.888047
4278,0.888646
4279,0.885391
4280,0.888984
4281,0.891589
4282,0.894062
4283,0.896354
4284,0.898385
4285,0.904687
4286,0.907708
4287,0.905911
4288,0.908646
4289,0.911042
4290,0.911693
4291,0.914557
4292,0.915521
4293,0.912734
4294,0.910469
4295,0.905521
4296,0.906224
4297,0.90388
4298,0.900937
4299,0.899948
4300,0.897188
4301,0.895365
4302,0.896693
4303,0.89237
4304,0.892943
4305,0.891719
4306,0.887995
4307,0.887005
4308,0.888047
4309,0.88526
4310,0.886719
4311,0.889323
4312,0.891745
4313,0.891068
4314,0.892057
4315,0.892057
4316,0.888099
4317,0.888151
4318,0.882578
4319,0.878151
4320,0.872786
4321,0.873802
4322,0.870625
4323,0.86875
4324,0.864089
4325,0.86362
4326,0.860964
4327,0.865755
4328,0.862734
4329,0.864323
4330,0.867005
4331,0.868385
4332,0.867682
4333,0.869141
4334,0.866875
4335,0.867604
4336,0.866901
4337,0.860313
4338,0.85612
4339,0.851615
4340,0.847708
4341,0.848776
4342,0.846042
4343,0.845911
4344,0.845182
4345,0.8375
4346,0.833281
4347,0.833281
4348,0.829479
4349,0.826094
4350,0.824688
4351,0.82513
4352,0.827708
4353,0.823984
4354,0.824896
4355,0.824609
4356,0.820391
4357,0.823073
4358,0.818594
4359,0.821328
4360,0.824479
4361,0.826068
4362,0.825573
4363,0.829583
4364,0.833021
4365,0.833073
4366,0.838464
4367,0.842318
4368,0.84224
4369,0.843906
4370,0.847734
4371,0.844557
4372,0.851172
4373,0.855677
4374,0.854661
4375,0.858906
4376,0.860313
4377,0.860469
4378,0.859531
4379,0.853516
4380,0.854062
4381,0.858281
4382,0.859401
4383,0.857943
4384,0.860052
4385,0.861536
4386,0.860339
4387,0.863021
4388,0.864505
4389,0.863281
4390,0.868047
4391,0.867552
4392,0.869062
4393,0.868385
4394,0.854375
4395,0.856797
4396,0.856875
4397,0.854714
4398,0.853698
4399,0.855208
4400,0.856589
4401,0.854115
4402,0.847943
4403,0.846172
4404,0.843385
4405,0.841979
4406,0.837344
4407,0.834453
4408,0.826146
4409,0.800156
4410,0.792995
4411,0.783047
4412,0.773906
4413,0.76987
4414,0.777448
4415,0.778932
4416,0.782083
4417,0.794245
4418,0.802839
4419,0.807396
4420,0.821797
4421,0.837734
4422,0.839375
4423,0.843906
4424,0.848854
4425,0.846771
4426,0.842526
4427,0.841146
4428,0.839531
4429,0.839063
4430,0.831432
4431,0.831562
4432,0.827161
4433,0.82625
4434,0.826667
4435,0.829141
4436,0.821224
4437,0.82224
4438,0.815911
4439,0.810964
4440,0.808411
4441,0.804661
4442,0.804141
4443,0.80237
4444,0.800859
4445,0.798359
4446,0.798203
4447,0.793854
4448,0.791406
4449,0.790937
4450,0.791146
4451,0.788099
4452,0.784687
4453,0.775964
4454,0.766667
4455,0.763359
4456,0.760469
4457,0.756615
4458,0.750859
4459,0.744167
4460,0.736797
4461,0.732526
4462,0.73362
4463,0.734766
4464,0.731328
4465,0.729245
4466,0.725547
4467,0.72849
4468,0.731589
4469,0.738307
4470,0.730182
4471,0.73401
4472,0.733333
4473,0.73487
4474,0.73849
4475,0.739453
4476,0.740781
4477,0.744193
4478,0.744766
4479,0.738333
4480,0.733802
4481,0.736771
4482,0.73474
4483,0.727109
4484,0.731484
4485,0.732995
4486,0.736849
4487,0.730807
4488,0.730026
4489,0.734818
4490,0.738724
4491,0.74388
4492,0.746016
4493,0.753984
4494,0.75388
4495,0.749635
4496,0.761224
4497,0.765417
4498,0.769974
4499,0.776927
4500,0.780859
4501,0.781094
4502,0.788542
4503,0.787318
4504,0.799479
4505,0.814609
4506,0.820885
4507,0.841849
4508,0.84599
4509,0.84599
4510,0.857891
4511,0.860052
4512,0.86112
4513,0.873672
4514,0.875547
4515,0.878568
4516,0.890781
4517,0.896016
4518,0.896302
4519,0.896458
4520,0.904661
4521,0.90474
4522,0.904323
4523,0.899922
4524,0.898411
4525,0.898125
4526,0.895417
4527,0.892188
4528,0.891615
4529,0.898047
4530,0.900156
4531,0.900547
4532,0.897969
4533,0.895521
4534,0.895156
4535,0.892995
4536,0.894089
4537,0.897161
4538,0.897969
4539,0.896615
4540,0.899297
4541,0.897292
4542,0.899401
4543,0.902057
4544,0.901172
4545,0.905078
4546,0.900937
4547,0.893958
4548,0.89026
4549,0.88875
4550,0.886094
4551,0.883437
4552,0.878646
4553,0.871042
4554,0.868646
4555,0.865781
4556,0.858802
4557,0.857422
4558,0.850365
4559,0.848646
4560,0.850417
4561,0.843932
4562,0.840703
4563,0.840417
4564,0.839714
4565,0.83651
4566,0.83526
4567,0.835599
4568,0.840078
4569,0.841432
4570,0.848854
4571,0.84974
4572,0.846693
4573,0.848281
4574,0.847786
4575,0.84388
4576,0.842161
4577,0.83625
4578,0.834948
4579,0.82599
4580,0.822682
4581,0.819818
4582,0.814948
4583,0.812943
4584,0.81
4585,0.80862
4586,0.806823
4587,0.806328
4588,0.805495
4589,0.805703
4590,0.810625
4591,0.81349
4592,0.818203
4593,0.822292
4594,0.825651
4595,0.833984
4596,0.839193
4597,0.842865
4598,0.845104
4599,0.846354
4600,0.841146
4601,0.840234
4602,0.836771
4603,0.828021
4604,0.825052
4605,0.821927
4606,0.813099
4607,0.813047
4608,0.810104
4609,0.8075
4610,0.811589
4611,0.814922
4612,0.819531
4613,0.823047
4614,0.826432
4615,0.831693
4616,0.83349
4617,0.834245
4618,0.832344
4619,0.832292
4620,0.829896
4621,0.83224
4622,0.835365
4623,0.835339
4624,0.823542
4625,0.821641
4626,0.817813
4627,0.813255
4628,0.807005
4629,0.806328
4630,0.799896
4631,0.794167
4632,0.789766
4633,0.787188
4634,0.777109
4635,0.777891
4636,0.770964
4637,0.772083
4638,0.768932
4639,0.77375
4640,0.778385
4641,0.780286
4642,0.780365
4643,0.783307
4644,0.783568
4645,0.791953
4646,0.797266
4647,0.796979
4648,0.801302
4649,0.80099
4650,0.800833
4651,0.806276
4652,0.805859
4653,0.803307
4654,0.809115
4655,0.814557
4656,0.816536
4657,0.81888
4658,0.825182
4659,0.827005
4660,0.831823
4661,0.838125
4662,0.837839
4663,0.839688
4664,0.844063
4665,0.843385
4666,0.847448
4667,0.849609
4668,0.848724
4669,0.846615
4670,0.837734
4671,0.837552
4672,0.834792
4673,0.827292
4674,0.825417
4675,0.819453
4676,0.80875
4677,0.80375
4678,0.799479
4679,0.796328
4680,0.780365
4681,0.764583
4682,0.755573
4683,0.749557
4684,0.744141
4685,0.721068
4686,0.714948
4687,0.704922
4688,0.695443
4689,0.693594
4690,0.687682
4691,0.685156
4692,0.684323
4693,0.683151
4694,0.686198
4695,0.683385
4696,0.682474
4697,0.688385
4698,0.685026
4699,0.689766
4700,0.691719
4701,0.691927
4702,0.697474
4703,0.701719
4704,0.70362
4705,0.711536
4706,0.713021
4707,0.717083
4708,0.723516
4709,0.726276
4710,0.727839
4711,0.742161
4712,0.751484
4713,0.753542
4714,0.777005
4715,0.783568
4716,0.779766
4717,0.780911
4718,0.786146
4719,0.788411
4720,0.813594
4721,0.813906
4722,0.811172
4723,0.808802
4724,0.809896
4725,0.809974
4726,0.812318
4727,0.819609
4728,0.819766
4729,0.827214
4730,0.827057
4731,0.824036
4732,0.829297
4733,0.836667
4734,0.835547
4735,0.840964
4736,0.844922
4737,0.846198
4738,0.855495
4739,0.856875
4740,0.85888
4741,0.860625
4742,0.861484
4743,0.862839
4744,0.862187
4745,0.86138
4746,0.83849
4747,0.82224
4748,0.816667
4749,0.80901
4750,0.734948
4751,0.718203
4752,0.71362
4753,0.691224
4754,0.632812
4755,0.617943
4756,0.591432
4757,0.55974
4758,0.550547
4759,0.532292
4760,0.470625
4761,0.457266
4762,0.438802
4763,0.427943
4764,0.421068
4765,0.410026
4766,0.396146
4767,0.388802
4768,0.375286
4769,0.37151
4770,0.349349
4771,0.343333
4772,0.337344
4773,0.33612
4774,0.333385
4775,0.326562
4776,0.323698
4777,0.315833
4778,0.308984
4779,0.305885
4780,0.301979
4781,0.297396
4782,0.295469
4783,0.289583
4784,0.284922
4785,0.281146
4786,0.272292
4787,0.264219
4788,0.259818
4789,0.251354
4790,0.241016
4791,0.23612
4792,0.22849
4793,0.218464
4794,0.214948
4795,0.207057
4796,0.202526
4797,0.200365
4798,0.196484
4799,0.192734
4800,0.190911
4801,0.187734
4802,0.186302
4803,0.185755
4804,0.186224
4805,0.186849
4806,0.18724
4807,0.187214
4808,0.187109
4809,0.186901
4810,0.185365
4811,0.183411
4812,0.181354
4813,0.177969
4814,0.176328
4815,0.17349
4816,0.172526
4817,0.171458
4818,0.170286
4819,0.169323
4820,0.156458
4821,0.15599
4822,0.156745
4823,0.156146
4824,0.156198
4825,0.156172
4826,0.155938
4827,0.156068
4828,0.156354
4829,0.15599
4830,0.155755
4831,0.155625
4832,0.155703
4833,0.155365
4834,0.154193
4835,0.153984
4836,0.15375
4837,0.153698
4838,0.153802
4839,0.153203
4840,0.153542
4841,0.153385
4842,0.153516
4843,0.153411
4844,0.153411
4845,0.153411
4846,0.15349
4847,0.153698
4848,0.153698
4849,0.15388
4850,0.153646
4851,0.153802
4852,0.15388
4853,0.154167
4854,0.154167
4855,0.154583
4856,0.154245
4857,0.154297
4858,0.154531
4859,0.154271
4860,0.154505
4861,0.154792
4862,0.154557
4863,0.154245
4864,0.154167
4865,0.153984
4866,0.15388
4867,0.153776
4868,0.153932
4869,0.153932
4870,0.15362
4871,0.153594
4872,0.154115
4873,0.153932
4874,0.153828
4875,0.154141
4876,0.154167
4877,0.154245
4878,0.153932
4879,0.153698
4880,0.153568
4881,0.153411
4882,0.153281
4883,0.153229
4884,0.151536
4885,0.151589
4886,0.152109
4887,0.15263
4888,0.152292
4889,0.151823
4890,0.151901
4891,0.15237
4892,0.152292
4893,0.152474
4894,0.152578
4895,0.152474
4896,0.152578
4897,0.15224
4898,0.151901
4899,0.151771
4900,0.151589
4901,0.151667
4902,0.151719
4903,0.151823
4904,0.151979
4905,0.151693
4906,0.151667
4907,0.151823
4908,0.151615
4909,0.151745
4910,0.151953
4911,0.152031
4912,0.152422
4913,0.15224
4914,0.152161
4915,0.152292
4916,0.152266
4917,0.154766
4918,0.163776
4919,0.169687
4920,0.183073
4921,0.196667
4922,0.203698
4923,0.218516
4924,0.232552
4925,0.237266
4926,0.245078
4927,0.252474
4928,0.257422
4929,0.263203
4930,0.264193
4931,0.264167
4932,0.265339
4933,0.287891
4934,0.296927
4935,0.308724
4936,0.335547
4937,0.344245
4938,0.354271
4939,0.399818
4940,0.407682
4941,0.4325
4942,0.446979
4943,0.454974
4944,0.462604
4945,0.470807
4946,0.473464
4947,0.479297
4948,0.485677
4949,0.486458
4950,0.479974
4951,0.467943
4952,0.463411
4953,0.455729
4954,0.446276
4955,0.443828
4956,0.422995
4957,0.405755
4958,0.399948
4959,0.36237
4960,0.34987
4961,0.340547
4962,0.327786
4963,0.318542
4964,0.311224
4965,0.28987
4966,0.265469
4967,0.25651
4968,0.248438
4969,0.246797
4970,0.246198
4971,0.249349
4972,0.254063
4973,0.259531
4974,0.270286
4975,0.279401
4976,0.285703
4977,0.29737
4978,0.307109
4979,0.308724
4980,0.315312
4981,0.317214
4982,0.315807
4983,0.312474
4984,0.305807
4985,0.308542
4986,0.308568
4987,0.304141
4988,0.302995
4989,0.29862
4990,0.28901
4991,0.284896
4992,0.273802
4993,0.273854
4994,0.269948
4995,0.262578
4996,0.2575
4997,0.254609
4998,0.245599
4999,0.245521
5000,0.244818
5001,0.243646
5002,0.23724
5003,0.240573
5004,0.242318
5005,0.240182
5006,0.237187
5007,0.237057
5008,0.240313
5009,0.236615
5010,0.234479
5011,0.229818
5012,0.230182
5013,0.224271
5014,0.219792
5015,0.219922
5016,0.217057
5017,0.213047
5018,0.21112
5019,0.207318
5020,0.200573
5021,0.199036
5022,0.197708
5023,0.195703
5024,0.197734
5025,0.200964
5026,0.205495
5027,0.207682
5028,0.209401
5029,0.207005
5030,0.20625
5031,0.203542
5032,0.19901
5033,0.194375
5034,0.18112
5035,0.181562
5036,0.180885
5037,0.179818
5038,0.179063
5039,0.179063
5040,0.1775
5041,0.175964
5042,0.173464
5043,0.171953
5044,0.170156
5045,0.168437
5046,0.16987
5047,0.172604
5048,0.175234
5049,0.181172
5050,0.186562
5051,0.191042
5052,0.196745
5053,0.203021
5054,0.207474
5055,0.218802
5056,0.229167
5057,0.234635
5058,0.244531
5059,0.270781
5060,0.275208
5061,0.2875
5062,0.301068
5063,0.322318
5064,0.346927
5065,0.364193
5066,0.371406
5067,0.380104
5068,0.392083
5069,0.397995
5070,0.409141
5071,0.425521
5072,0.433984
5073,0.449661
5074,0.469896
5075,0.479167
5076,0.49974
5077,0.515703
5078,0.521797
5079,0.533646
5080,0.542682
5081,0.548073
5082,0.557604
5083,0.562865
5084,0.567682
5085,0.571198
5086,0.557708
5087,0.557318
5088,0.547943
5089,0.50013
5090,0.482734
5091,0.459922
5092,0.385417
5093,0.376615
5094,0.359505
5095,0.345807
5096,0.340078
5097,0.329531
5098,0.321589
5099,0.318099
5100,0.306198
5101,0.294635
5102,0.287109
5103,0.27099
5104,0.253177
5105,0.244609
5106,0.224297
5107,0.215495
5108,0.208464
5109,0.190938
5110,0.19125
5111,0.191641
5112,0.193177
5113,0.19599
5114,0.198411
5115,0.201302
5116,0.205833
5117,0.206875
5118,0.207917
5119,0.20487
5120,0.20526
5121,0.20151
5122,0.192344
5123,0.187292
5124,0.177005
5125,0.164818
5126,0.159427
5127,0.149974
5128,0.14388
5129,0.141094
5130,0.135391
5131,0.13
5132,0.129583
5133,0.129297
5134,0.127708
5135,0.128438
5136,0.128542
5137,0.12849
5138,0.128568
5139,0.128516
5140,0.12875
5141,0.128854
5142,0.129089
5143,0.128906
5144,0.129297
5145,0.129141
5146,0.129349
5147,0.129349
5148,0.129453
5149,0.129557
5150,0.129635
5151,0.129479
5152,0.129688
5153,0.129766
5154,0.129661
5155,0.129661
5156,0.129583
5157,0.12974
5158,0.129818
5159,0.130208
5160,0.129974
5161,0.130391
5162,0.130026
5163,0.130078
5164,0.130078
5165,0.130234
5166,0.130625
5167,0.130703
5168,0.130495
5169,0.130651
5170,0.130469
5171,0.130573
5172,0.130469
5173,0.130807
5174,0.130573
5175,0.130651
5176,0.130651
5177,0.130781
5178,0.130885
5179,0.131016
5180,0.131042
5181,0.130911
5182,0.130833
5183,0.130781
5184,0.129453
5185,0.129609
5186,0.130052
5187,0.13013
5188,0.130104
5189,0.129896
5190,0.129948
5191,0.130026
5192,0.130234
5193,0.130078
5194,0.130078
5195,0.130599
5196,0.130208
5197,0.131016
5198,0.131146
5199,0.130547
5200,0.130703
5201,0.130625
5202,0.130677
5203,0.130729
5204,0.130755
5205,0.130781
5206,0.130938
5207,0.131172
5208,0.131068
5209,0.131094
5210,0.13112
5211,0.130807
5212,0.130651
5213,0.130547
5214,0.130521
5215,0.130443
5216,0.130521
5217,0.130547
5218,0.130417
5219,0.130417
5220,0.130703
5221,0.130599
5222,0.130911
5223,0.131042
5224,0.130677
5225,0.130911
5226,0.131146
5227,0.13112
5228,0.131146
5229,0.131224
5230,0.131276
5231,0.130781
5232,0.130911
5233,0.130651
5234,0.130469
5235,0.130495
5236,0.130286
5237,0.130443
5238,0.130469
5239,0.130391
5240,0.130156
5241,0.130208
5242,0.13026
5243,0.130182
5244,0.130078
5245,0.128359
5246,0.12849
5247,0.128672
5248,0.128359
5249,0.128229
5250,0.128333
5251,0.128542
5252,0.128464
5253,0.128333
5254,0.128359
5255,0.12849
5256,0.128516
5257,0.128828
5258,0.133724
5259,0.138359
5260,0.147917
5261,0.158776
5262,0.163698
5263,0.17362
5264,0.182448
5265,0.188177
5266,0.197474
5267,0.213255
5268,0.216745
5269,0.231979
5270,0.252161
5271,0.255469
5272,0.266458
5273,0.273464
5274,0.277344
5275,0.286172
5276,0.292161
5277,0.296094
5278,0.300573
5279,0.30526
5280,0.306536
5281,0.306979
5282,0.306901
5283,0.305495
5284,0.30375
5285,0.302318
5286,0.301094
5287,0.300651
5288,0.29651
5289,0.295052
5290,0.296849
5291,0.300078
5292,0.302214
5293,0.307656
5294,0.313464
5295,0.312214
5296,0.322917
5297,0.34763
5298,0.353854
5299,0.373984
5300,0.389661
5301,0.397135
5302,0.412526
5303,0.448776
5304,0.455859
5305,0.474948
5306,0.488932
5307,0.497135
5308,0.509505
5309,0.524766
5310,0.529453
5311,0.54013
5312,0.549557
5313,0.556406
5314,0.56737
5315,0.57474
5316,0.577604
5317,0.58388
5318,0.589323
5319,0.596146
5320,0.610938
5321,0.61638
5322,0.616771
5323,0.618802
5324,0.617891
5325,0.616042
5326,0.616615
5327,0.612891
5328,0.61388
5329,0.61151
5330,0.60625
5331,0.60612
5332,0.601302
5333,0.596849
5334,0.591615
5335,0.587656
5336,0.584297
5337,0.580833
5338,0.580391
5339,0.576146
5340,0.575078
5341,0.57237
5342,0.572318
5343,0.569792
5344,0.570911
5345,0.539844
5346,0.543307
5347,0.551042
5348,0.553411
5349,0.55237
5350,0.553672
5351,0.554661
5352,0.555911
5353,0.559974
5354,0.563516
5355,0.564661
5356,0.569323
5357,0.57026
5358,0.569714
5359,0.571536
5360,0.575156
5361,0.577031
5362,0.576797
5363,0.541276
5364,0.540339
5365,0.53888
5366,0.539062
5367,0.537188
5368,0.513281
5369,0.502995
5370,0.488984
5371,0.492708
5372,0.497656
5373,0.498359
5374,0.496979
5375,0.497344
5376,0.495964
5377,0.492708
5378,0.490938
5379,0.490729
5380,0.489792
5381,0.485599
5382,0.48263
5383,0.47651
5384,0.46776
5385,0.46263
5386,0.45888
5387,0.455625
5388,0.451068
5389,0.44901
5390,0.44724
5391,0.446641
5392,0.444063
5393,0.439766
5394,0.439479
5395,0.435677
5396,0.4375
5397,0.441719
5398,0.44737
5399,0.455677
5400,0.455677
5401,0.45987
5402,0.461953
5403,0.464792
5404,0.471745
5405,0.47401
5406,0.475234
5407,0.479896
5408,0.484323
5409,0.485234
5410,0.489479
5411,0.488958
5412,0.490625
5413,0.493698
5414,0.495417
5415,0.495469
5416,0.497266
5417,0.500938
5418,0.502083
5419,0.508359
5420,0.503568
5421,0.506536
5422,0.507734
5423,0.515417
5424,0.517135
5425,0.522734
5426,0.528385
5427,0.529297
5428,0.535755
5429,0.538724
5430,0.538281
5431,0.539583
5432,0.542682
5433,0.544505
5434,0.547943
5435,0.548099
5436,0.548854
5437,0.549193
5438,0.550911
5439,0.553854
5440,0.556979
5441,0.558516
5442,0.55875
5443,0.564193
5444,0.566302
5445,0.565312
5446,0.566615
5447,0.570208
5448,0.571901
5449,0.574505
5450,0.579401
5451,0.581979
5452,0.583906
5453,0.588333
5454,0.588542
5455,0.588984
5456,0.591823
5457,0.593776
5458,0.594714
5459,0.59474
5460,0.594271
5461,0.595104
5462,0.599661
5463,0.599896
5464,0.605703
5465,0.611146
5466,0.614167
5467,0.616302
5468,0.616797
5469,0.619609
5470,0.637839
5471,0.63875
5472,0.640078
5473,0.639583
5474,0.639974
5475,0.640625
5476,0.640807
5477,0.642604
5478,0.642865
5479,0.643177
5480,0.643594
5481,0.644687
5482,0.646276
5483,0.646016
5484,0.646979
5485,0.648464
5486,0.648802
5487,0.649766
5488,0.648958
5489,0.649271
5490,0.648698
5491,0.648828
5492,0.649609
5493,0.650026
5494,0.650729
5495,0.67224
5496,0.673385
5497,0.675052
5498,0.678229
5499,0.687969
5500,0.700755
5501,0.709688
5502,0.720365
5503,0.734167
5504,0.742917
5505,0.743854
5506,0.749271
5507,0.765547
5508,0.77112
5509,0.775286
5510,0.77776
5511,0.781146
5512,0.791406
5513,0.791484
5514,0.793646
5515,0.796458
5516,0.799792
5517,0.80138
5518,0.800599
5519,0.803307
5520,0.822917
5521,0.823802
5522,0.820625
5523,0.81987
5524,0.821016
5525,0.821042
5526,0.819974
5527,0.822083
5528,0.821849
5529,0.823542
5530,0.823073
5531,0.824609
5532,0.826667
5533,0.827865
5534,0.828359
5535,0.828281
5536,0.828099
5537,0.828099
5538,0.827969
5539,0.826797
5540,0.825469
5541,0.824141
5542,0.823698
5543,0.825807
5544,0.82526
5545,0.83237
5546,0.831068
5547,0.832422
5548,0.831432
5549,0.831146
5550,0.832031
5551,0.831641
5552,0.832266
5553,0.832057
5554,0.83237
5555,0.830911
5556,0.829974
5557,0.830365
5558,0.829844
5559,0.829453
5560,0.829688
5561,0.829323
5562,0.829349
5563,0.829609
5564,0.82862
5565,0.828021
5566,0.827109
5567,0.827214
5568,0.828125
5569,0.82763
5570,0.822578
5571,0.823281
5572,0.82151
5573,0.818203
5574,0.817005
5575,0.818177
5576,0.816224
5577,0.816484
5578,0.815495
5579,0.815599
5580,0.814635
5581,0.814792
5582,0.814688
5583,0.813568
5584,0.813672
5585,0.814583
5586,0.815
5587,0.817396
5588,0.817682
5589,0.818203
5590,0.819922
5591,0.820208
5592,0.821484
5593,0.821901
5594,0.822396
5595,0.823516
5596,0.823255
5597,0.821823
5598,0.821849
5599,0.822474
5600,0.820859
5601,0.821927
5602,0.821745
5603,0.820495
5604,0.820937
5605,0.821172
5606,0.821224
5607,0.819948
5608,0.819453
5609,0.820078
5610,0.819323
5611,0.819688
5612,0.81776
5613,0.818333
5614,0.818021
5615,0.81763
5616,0.817005
5617,0.81651
5618,0.815339
5619,0.815391
5620,0.811667
5621,0.810964
5622,0.810521
5623,0.809297
5624,0.810156
5625,0.81013
5626,0.810286
5627,0.80901
5628,0.809063
5629,0.810234
5630,0.808802
5631,0.809115
5632,0.80862
5633,0.808802
5634,0.809089
5635,0.810234
5636,0.811875
5637,0.812083
5638,0.812187
5639,0.812005
5640,0.811615
5641,0.812057
5642,0.813359
5643,0.812891
5644,0.812604
5645,0.816979
5646,0.815599
5647,0.815729
5648,0.816146
5649,0.815833
5650,0.815703
5651,0.815859
5652,0.814479
5653,0.812578
5654,0.810078
5655,0.809557
5656,0.808438
5657,0.806745
5658,0.806641
5659,0.806823
5660,0.807734
5661,0.807422
5662,0.808594
5663,0.807865
5664,0.807813
5665,0.808333
5666,0.808411
5667,0.808151
5668,0.807865
5669,0.807995
5670,0.804896
5671,0.804531
5672,0.804349
5673,0.805234
5674,0.804922
5675,0.805781
5676,0.80526
5677,0.80651
5678,0.805937
5679,0.806042
5680,0.806458
5681,0.806406
5682,0.806276
5683,0.80625
5684,0.805286
5685,0.805625
5686,0.805677
5687,0.805885
5688,0.806068
5689,0.805521
5690,0.805651
5691,0.805651
5692,0.805495
5693,0.805052
5694,0.80612
5695,0.809688
5696,0.809948
5697,0.811146
5698,0.811406
5699,0.810911
5700,0.810417
5701,0.808958
5702,0.807214
5703,0.806432
5704,0.806172
5705,0.805026
5706,0.804323
5707,0.804792
5708,0.805677
5709,0.805885
5710,0.804974
5711,0.805911
5712,0.80526
5713,0.803516
5714,0.803568
5715,0.804505
5716,0.804766
5717,0.804557
5718,0.805391
5719,0.80487
5720,0.808177
5721,0.807943
5722,0.80763
