framenum,queue density
1,0.260933
2,0.260933
3,0.260933
4,0.260933
5,0.260933
6,0.260933
7,0.260933
8,0.260933
9,0.260933
10,0.260933
11,0.269457
12,0.269457
13,0.269457
14,0.269457
15,0.269457
16,0.269457
17,0.269457
18,0.269457
19,0.269457
20,0.269457
21,0.319926
22,0.319926
23,0.319926
24,0.319926
25,0.319926
26,0.319926
27,0.319926
28,0.319926
29,0.319926
30,0.319926
31,0.322238
32,0.322238
33,0.322238
34,0.322238
35,0.322238
36,0.322238
37,0.322238
38,0.322238
39,0.322238
40,0.322238
41,0.326051
42,0.326051
43,0.326051
44,0.326051
45,0.326051
46,0.326051
47,0.326051
48,0.326051
49,0.326051
50,0.326051
51,0.304721
52,0.304721
53,0.304721
54,0.304721
55,0.304721
56,0.304721
57,0.304721
58,0.304721
59,0.304721
60,0.304721
61,0.299427
62,0.299427
63,0.299427
64,0.299427
65,0.299427
66,0.299427
67,0.299427
68,0.299427
69,0.299427
70,0.299427
71,0.291496
72,0.291496
73,0.291496
74,0.291496
75,0.291496
76,0.291496
77,0.291496
78,0.291496
79,0.291496
80,0.291496
81,0.298882
82,0.298882
83,0.298882
84,0.298882
85,0.298882
86,0.298882
87,0.298882
88,0.298882
89,0.298882
90,0.298882
91,0.344955
92,0.344955
93,0.344955
94,0.344955
95,0.344955
96,0.344955
97,0.344955
98,0.344955
99,0.344955
100,0.344955
101,0.400656
102,0.400656
103,0.400656
104,0.400656
105,0.400656
106,0.400656
107,0.400656
108,0.400656
109,0.400656
110,0.400656
111,0.406738
112,0.406738
113,0.406738
114,0.406738
115,0.406738
116,0.406738
117,0.406738
118,0.406738
119,0.406738
120,0.406738
121,0.386611
122,0.386611
123,0.386611
124,0.386611
125,0.386611
126,0.386611
127,0.386611
128,0.386611
129,0.386611
130,0.386611
131,0.422574
132,0.422574
133,0.422574
134,0.422574
135,0.422574
136,0.422574
137,0.422574
138,0.422574
139,0.422574
140,0.422574
141,0.433287
142,0.433287
143,0.433287
144,0.433287
145,0.433287
146,0.433287
147,0.433287
148,0.433287
149,0.433287
150,0.433287
151,0.414305
152,0.414305
153,0.414305
154,0.414305
155,0.414305
156,0.414305
157,0.414305
158,0.414305
159,0.414305
160,0.414305
161,0.388531
162,0.388531
163,0.388531
164,0.388531
165,0.388531
166,0.388531
167,0.388531
168,0.388531
169,0.388531
170,0.388531
171,0.370505
172,0.370505
173,0.370505
174,0.370505
175,0.370505
176,0.370505
177,0.370505
178,0.370505
179,0.370505
180,0.370505
181,0.362002
182,0.362002
183,0.362002
184,0.362002
185,0.362002
186,0.362002
187,0.362002
188,0.362002
189,0.362002
190,0.362002
191,0.355927
192,0.355927
193,0.355927
194,0.355927
195,0.355927
196,0.355927
197,0.355927
198,0.355927
199,0.355927
200,0.355927
201,0.349955
202,0.349955
203,0.349955
204,0.349955
205,0.349955
206,0.349955
207,0.349955
208,0.349955
209,0.349955
210,0.349955
211,0.349818
212,0.349818
213,0.349818
214,0.349818
215,0.349818
216,0.349818
217,0.349818
218,0.349818
219,0.349818
220,0.349818
221,0.350147
222,0.350147
223,0.350147
224,0.350147
225,0.350147
226,0.350147
227,0.350147
228,0.350147
229,0.350147
230,0.350147
231,0.349998
232,0.349998
233,0.349998
234,0.349998
235,0.349998
236,0.349998
237,0.349998
238,0.349998
239,0.349998
240,0.349998
241,0.347702
242,0.347702
243,0.347702
244,0.347702
245,0.347702
246,0.347702
247,0.347702
248,0.347702
249,0.347702
250,0.347702
251,0.349219
252,0.349219
253,0.349219
254,0.349219
255,0.349219
256,0.349219
257,0.349219
258,0.349219
259,0.349219
260,0.349219
261,0.349544
262,0.349544
263,0.349544
264,0.349544
265,0.349544
266,0.349544
267,0.349544
268,0.349544
269,0.349544
270,0.349544
271,0.342302
272,0.342302
273,0.342302
274,0.342302
275,0.342302
276,0.342302
277,0.342302
278,0.342302
279,0.342302
280,0.342302
281,0.341291
282,0.341291
283,0.341291
284,0.341291
285,0.341291
286,0.341291
287,0.341291
288,0.341291
289,0.341291
290,0.341291
291,0.345374
292,0.345374
293,0.345374
294,0.345374
295,0.345374
296,0.345374
297,0.345374
298,0.345374
299,0.345374
300,0.345374
301,0.336232
302,0.336232
303,0.336232
304,0.336232
305,0.336232
306,0.336232
307,0.336232
308,0.336232
309,0.336232
310,0.336232
311,0.337333
312,0.337333
313,0.337333
314,0.337333
315,0.337333
316,0.337333
317,0.337333
318,0.337333
319,0.337333
320,0.337333
321,0.341052
322,0.341052
323,0.341052
324,0.341052
325,0.341052
326,0.341052
327,0.341052
328,0.341052
329,0.341052
330,0.341052
331,0.34171
332,0.34171
333,0.34171
334,0.34171
335,0.34171
336,0.34171
337,0.34171
338,0.34171
339,0.34171
340,0.34171
341,0.343203
342,0.343203
343,0.343203
344,0.343203
345,0.343203
346,0.343203
347,0.343203
348,0.343203
349,0.343203
350,0.343203
351,0.362491
352,0.362491
353,0.362491
354,0.362491
355,0.362491
356,0.362491
357,0.362491
358,0.362491
359,0.362491
360,0.362491
361,0.377406
362,0.377406
363,0.377406
364,0.377406
365,0.377406
366,0.377406
367,0.377406
368,0.377406
369,0.377406
370,0.377406
371,0.368859
372,0.368859
373,0.368859
374,0.368859
375,0.368859
376,0.368859
377,0.368859
378,0.368859
379,0.368859
380,0.368859
381,0.362468
382,0.362468
383,0.362468
384,0.362468
385,0.362468
386,0.362468
387,0.362468
388,0.362468
389,0.362468
390,0.362468
391,0.37259
392,0.37259
393,0.37259
394,0.37259
395,0.37259
396,0.37259
397,0.37259
398,0.37259
399,0.37259
400,0.37259
401,0.39149
402,0.39149
403,0.39149
404,0.39149
405,0.39149
406,0.39149
407,0.39149
408,0.39149
409,0.39149
410,0.39149
411,0.410829
412,0.410829
413,0.410829
414,0.410829
415,0.410829
416,0.410829
417,0.410829
418,0.410829
419,0.410829
420,0.410829
421,0.437966
422,0.437966
423,0.437966
424,0.437966
425,0.437966
426,0.437966
427,0.437966
428,0.437966
429,0.437966
430,0.437966
431,0.480108
432,0.480108
433,0.480108
434,0.480108
435,0.480108
436,0.480108
437,0.480108
438,0.480108
439,0.480108
440,0.480108
441,0.521663
442,0.521663
443,0.521663
444,0.521663
445,0.521663
446,0.521663
447,0.521663
448,0.521663
449,0.521663
450,0.521663
451,0.552143
452,0.552143
453,0.552143
454,0.552143
455,0.552143
456,0.552143
457,0.552143
458,0.552143
459,0.552143
460,0.552143
461,0.569926
462,0.569926
463,0.569926
464,0.569926
465,0.569926
466,0.569926
467,0.569926
468,0.569926
469,0.569926
470,0.569926
471,0.59657
472,0.59657
473,0.59657
474,0.59657
475,0.59657
476,0.59657
477,0.59657
478,0.59657
479,0.59657
480,0.59657
481,0.602342
482,0.602342
483,0.602342
484,0.602342
485,0.602342
486,0.602342
487,0.602342
488,0.602342
489,0.602342
490,0.602342
491,0.603196
492,0.603196
493,0.603196
494,0.603196
495,0.603196
496,0.603196
497,0.603196
498,0.603196
499,0.603196
500,0.603196
501,0.602205
502,0.602205
503,0.602205
504,0.602205
505,0.602205
506,0.602205
507,0.602205
508,0.602205
509,0.602205
510,0.602205
511,0.599708
512,0.599708
513,0.599708
514,0.599708
515,0.599708
516,0.599708
517,0.599708
518,0.599708
519,0.599708
520,0.599708
521,0.646502
522,0.646502
523,0.646502
524,0.646502
525,0.646502
526,0.646502
527,0.646502
528,0.646502
529,0.646502
530,0.646502
531,0.688272
532,0.688272
533,0.688272
534,0.688272
535,0.688272
536,0.688272
537,0.688272
538,0.688272
539,0.688272
540,0.688272
541,0.693531
542,0.693531
543,0.693531
544,0.693531
545,0.693531
546,0.693531
547,0.693531
548,0.693531
549,0.693531
550,0.693531
551,0.70533
552,0.70533
553,0.70533
554,0.70533
555,0.70533
556,0.70533
557,0.70533
558,0.70533
559,0.70533
560,0.70533
561,0.700079
562,0.700079
563,0.700079
564,0.700079
565,0.700079
566,0.700079
567,0.700079
568,0.700079
569,0.700079
570,0.700079
571,0.69558
572,0.69558
573,0.69558
574,0.69558
575,0.69558
576,0.69558
577,0.69558
578,0.69558
579,0.69558
580,0.69558
581,0.693245
582,0.693245
583,0.693245
584,0.693245
585,0.693245
586,0.693245
587,0.693245
588,0.693245
589,0.693245
590,0.693245
591,0.693206
592,0.693206
593,0.693206
594,0.693206
595,0.693206
596,0.693206
597,0.693206
598,0.693206
599,0.693206
600,0.693206
601,0.736206
602,0.736206
603,0.736206
604,0.736206
605,0.736206
606,0.736206
607,0.736206
608,0.736206
609,0.736206
610,0.736206
611,0.757704
612,0.757704
613,0.757704
614,0.757704
615,0.757704
616,0.757704
617,0.757704
618,0.757704
619,0.757704
620,0.757704
621,0.784124
622,0.784124
623,0.784124
624,0.784124
625,0.784124
626,0.784124
627,0.784124
628,0.784124
629,0.784124
630,0.784124
631,0.790351
632,0.790351
633,0.790351
634,0.790351
635,0.790351
636,0.790351
637,0.790351
638,0.790351
639,0.790351
640,0.790351
641,0.805329
642,0.805329
643,0.805329
644,0.805329
645,0.805329
646,0.805329
647,0.805329
648,0.805329
649,0.805329
650,0.805329
651,0.817735
652,0.817735
653,0.817735
654,0.817735
655,0.817735
656,0.817735
657,0.817735
658,0.817735
659,0.817735
660,0.817735
661,0.823065
662,0.823065
663,0.823065
664,0.823065
665,0.823065
666,0.823065
667,0.823065
668,0.823065
669,0.823065
670,0.823065
671,0.819793
672,0.819793
673,0.819793
674,0.819793
675,0.819793
676,0.819793
677,0.819793
678,0.819793
679,0.819793
680,0.819793
681,0.817877
682,0.817877
683,0.817877
684,0.817877
685,0.817877
686,0.817877
687,0.817877
688,0.817877
689,0.817877
690,0.817877
691,0.809091
692,0.809091
693,0.809091
694,0.809091
695,0.809091
696,0.809091
697,0.809091
698,0.809091
699,0.809091
700,0.809091
701,0.810811
702,0.810811
703,0.810811
704,0.810811
705,0.810811
706,0.810811
707,0.810811
708,0.810811
709,0.810811
710,0.810811
711,0.825522
712,0.825522
713,0.825522
714,0.825522
715,0.825522
716,0.825522
717,0.825522
718,0.825522
719,0.825522
720,0.825522
721,0.837795
722,0.837795
723,0.837795
724,0.837795
725,0.837795
726,0.837795
727,0.837795
728,0.837795
729,0.837795
730,0.837795
731,0.839116
732,0.839116
733,0.839116
734,0.839116
735,0.839116
736,0.839116
737,0.839116
738,0.839116
739,0.839116
740,0.839116
741,0.838665
742,0.838665
743,0.838665
744,0.838665
745,0.838665
746,0.838665
747,0.838665
748,0.838665
749,0.838665
750,0.838665
751,0.840253
752,0.840253
753,0.840253
754,0.840253
755,0.840253
756,0.840253
757,0.840253
758,0.840253
759,0.840253
760,0.840253
761,0.841052
762,0.841052
763,0.841052
764,0.841052
765,0.841052
766,0.841052
767,0.841052
768,0.841052
769,0.841052
770,0.841052
771,0.846601
772,0.846601
773,0.846601
774,0.846601
775,0.846601
776,0.846601
777,0.846601
778,0.846601
779,0.846601
780,0.846601
781,0.846307
782,0.846307
783,0.846307
784,0.846307
785,0.846307
786,0.846307
787,0.846307
788,0.846307
789,0.846307
790,0.846307
791,0.845676
792,0.845676
793,0.845676
794,0.845676
795,0.845676
796,0.845676
797,0.845676
798,0.845676
799,0.845676
800,0.845676
801,0.841808
802,0.841808
803,0.841808
804,0.841808
805,0.841808
806,0.841808
807,0.841808
808,0.841808
809,0.841808
810,0.841808
811,0.839645
812,0.839645
813,0.839645
814,0.839645
815,0.839645
816,0.839645
817,0.839645
818,0.839645
819,0.839645
820,0.839645
821,0.845323
822,0.845323
823,0.845323
824,0.845323
825,0.845323
826,0.845323
827,0.845323
828,0.845323
829,0.845323
830,0.845323
831,0.847878
832,0.847878
833,0.847878
834,0.847878
835,0.847878
836,0.847878
837,0.847878
838,0.847878
839,0.847878
840,0.847878
841,0.849277
842,0.849277
843,0.849277
844,0.849277
845,0.849277
846,0.849277
847,0.849277
848,0.849277
849,0.849277
850,0.849277
851,0.850915
852,0.850915
853,0.850915
854,0.850915
855,0.850915
856,0.850915
857,0.850915
858,0.850915
859,0.850915
860,0.850915
861,0.850014
862,0.850014
863,0.850014
864,0.850014
865,0.850014
866,0.850014
867,0.850014
868,0.850014
869,0.850014
870,0.850014
871,0.849034
872,0.849034
873,0.849034
874,0.849034
875,0.849034
876,0.849034
877,0.849034
878,0.849034
879,0.849034
880,0.849034
881,0.84916
882,0.84916
883,0.84916
884,0.84916
885,0.84916
886,0.84916
887,0.84916
888,0.84916
889,0.84916
890,0.84916
891,0.850285
892,0.850285
893,0.850285
894,0.850285
895,0.850285
896,0.850285
897,0.850285
898,0.850285
899,0.850285
900,0.850285
901,0.850821
902,0.850821
903,0.850821
904,0.850821
905,0.850821
906,0.850821
907,0.850821
908,0.850821
909,0.850821
910,0.850821
911,0.852393
912,0.852393
913,0.852393
914,0.852393
915,0.852393
916,0.852393
917,0.852393
918,0.852393
919,0.852393
920,0.852393
921,0.85146
922,0.85146
923,0.85146
924,0.85146
925,0.85146
926,0.85146
927,0.85146
928,0.85146
929,0.85146
930,0.85146
931,0.850312
932,0.850312
933,0.850312
934,0.850312
935,0.850312
936,0.850312
937,0.850312
938,0.850312
939,0.850312
940,0.850312
941,0.849258
942,0.849258
943,0.849258
944,0.849258
945,0.849258
946,0.849258
947,0.849258
948,0.849258
949,0.849258
950,0.849258
951,0.848933
952,0.848933
953,0.848933
954,0.848933
955,0.848933
956,0.848933
957,0.848933
958,0.848933
959,0.848933
960,0.848933
961,0.850006
962,0.850006
963,0.850006
964,0.850006
965,0.850006
966,0.850006
967,0.850006
968,0.850006
969,0.850006
970,0.850006
971,0.850049
972,0.850049
973,0.850049
974,0.850049
975,0.850049
976,0.850049
977,0.850049
978,0.850049
979,0.850049
980,0.850049
981,0.846954
982,0.846954
983,0.846954
984,0.846954
985,0.846954
986,0.846954
987,0.846954
988,0.846954
989,0.846954
990,0.846954
991,0.848866
992,0.848866
993,0.848866
994,0.848866
995,0.848866
996,0.848866
997,0.848866
998,0.848866
999,0.848866
1000,0.848866
1001,0.849426
1002,0.849426
1003,0.849426
1004,0.849426
1005,0.849426
1006,0.849426
1007,0.849426
1008,0.849426
1009,0.849426
1010,0.849426
1011,0.84715
1012,0.84715
1013,0.84715
1014,0.84715
1015,0.84715
1016,0.84715
1017,0.84715
1018,0.84715
1019,0.84715
1020,0.84715
1021,0.848055
1022,0.848055
1023,0.848055
1024,0.848055
1025,0.848055
1026,0.848055
1027,0.848055
1028,0.848055
1029,0.848055
1030,0.848055
1031,0.84693
1032,0.84693
1033,0.84693
1034,0.84693
1035,0.84693
1036,0.84693
1037,0.84693
1038,0.84693
1039,0.84693
1040,0.84693
1041,0.847855
1042,0.847855
1043,0.847855
1044,0.847855
1045,0.847855
1046,0.847855
1047,0.847855
1048,0.847855
1049,0.847855
1050,0.847855
1051,0.847863
1052,0.847863
1053,0.847863
1054,0.847863
1055,0.847863
1056,0.847863
1057,0.847863
1058,0.847863
1059,0.847863
1060,0.847863
1061,0.846742
1062,0.846742
1063,0.846742
1064,0.846742
1065,0.846742
1066,0.846742
1067,0.846742
1068,0.846742
1069,0.846742
1070,0.846742
1071,0.847079
1072,0.847079
1073,0.847079
1074,0.847079
1075,0.847079
1076,0.847079
1077,0.847079
1078,0.847079
1079,0.847079
1080,0.847079
1081,0.847506
1082,0.847506
1083,0.847506
1084,0.847506
1085,0.847506
1086,0.847506
1087,0.847506
1088,0.847506
1089,0.847506
1090,0.847506
1091,0.846668
1092,0.846668
1093,0.846668
1094,0.846668
1095,0.846668
1096,0.846668
1097,0.846668
1098,0.846668
1099,0.846668
1100,0.846668
1101,0.846436
1102,0.846436
1103,0.846436
1104,0.846436
1105,0.846436
1106,0.846436
1107,0.846436
1108,0.846436
1109,0.846436
1110,0.846436
1111,0.846358
1112,0.846358
1113,0.846358
1114,0.846358
1115,0.846358
1116,0.846358
1117,0.846358
1118,0.846358
1119,0.846358
1120,0.846358
1121,0.847224
1122,0.847224
1123,0.847224
1124,0.847224
1125,0.847224
1126,0.847224
1127,0.847224
1128,0.847224
1129,0.847224
1130,0.847224
1131,0.844986
1132,0.844986
1133,0.844986
1134,0.844986
1135,0.844986
1136,0.844986
1137,0.844986
1138,0.844986
1139,0.844986
1140,0.844986
1141,0.845801
1142,0.845801
1143,0.845801
1144,0.845801
1145,0.845801
1146,0.845801
1147,0.845801
1148,0.845801
1149,0.845801
1150,0.845801
1151,0.845884
1152,0.845884
1153,0.845884
1154,0.845884
1155,0.845884
1156,0.845884
1157,0.845884
1158,0.845884
1159,0.845884
1160,0.845884
1161,0.845316
1162,0.845316
1163,0.845316
1164,0.845316
1165,0.845316
1166,0.845316
1167,0.845316
1168,0.845316
1169,0.845316
1170,0.845316
1171,0.846648
1172,0.846648
1173,0.846648
1174,0.846648
1175,0.846648
1176,0.846648
1177,0.846648
1178,0.846648
1179,0.846648
1180,0.846648
1181,0.847291
1182,0.847291
1183,0.847291
1184,0.847291
1185,0.847291
1186,0.847291
1187,0.847291
1188,0.847291
1189,0.847291
1190,0.847291
1191,0.847322
1192,0.847322
1193,0.847322
1194,0.847322
1195,0.847322
1196,0.847322
1197,0.847322
1198,0.847322
1199,0.847322
1200,0.847322
1201,0.846577
1202,0.846577
1203,0.846577
1204,0.846577
1205,0.846577
1206,0.846577
1207,0.846577
1208,0.846577
1209,0.846577
1210,0.846577
1211,0.849207
1212,0.849207
1213,0.849207
1214,0.849207
1215,0.849207
1216,0.849207
1217,0.849207
1218,0.849207
1219,0.849207
1220,0.849207
1221,0.848157
1222,0.848157
1223,0.848157
1224,0.848157
1225,0.848157
1226,0.848157
1227,0.848157
1228,0.848157
1229,0.848157
1230,0.848157
1231,0.847722
1232,0.847722
1233,0.847722
1234,0.847722
1235,0.847722
1236,0.847722
1237,0.847722
1238,0.847722
1239,0.847722
1240,0.847722
1241,0.844896
1242,0.844896
1243,0.844896
1244,0.844896
1245,0.844896
1246,0.844896
1247,0.844896
1248,0.844896
1249,0.844896
1250,0.844896
1251,0.845911
1252,0.845911
1253,0.845911
1254,0.845911
1255,0.845911
1256,0.845911
1257,0.845911
1258,0.845911
1259,0.845911
1260,0.845911
1261,0.846217
1262,0.846217
1263,0.846217
1264,0.846217
1265,0.846217
1266,0.846217
1267,0.846217
1268,0.846217
1269,0.846217
1270,0.846217
1271,0.845954
1272,0.845954
1273,0.845954
1274,0.845954
1275,0.845954
1276,0.845954
1277,0.845954
1278,0.845954
1279,0.845954
1280,0.845954
1281,0.84724
1282,0.84724
1283,0.84724
1284,0.84724
1285,0.84724
1286,0.84724
1287,0.84724
1288,0.84724
1289,0.84724
1290,0.84724
1291,0.845672
1292,0.845672
1293,0.845672
1294,0.845672
1295,0.845672
1296,0.845672
1297,0.845672
1298,0.845672
1299,0.845672
1300,0.845672
1301,0.846342
1302,0.846342
1303,0.846342
1304,0.846342
1305,0.846342
1306,0.846342
1307,0.846342
1308,0.846342
1309,0.846342
1310,0.846342
1311,0.846534
1312,0.846534
1313,0.846534
1314,0.846534
1315,0.846534
1316,0.846534
1317,0.846534
1318,0.846534
1319,0.846534
1320,0.846534
1321,0.846064
1322,0.846064
1323,0.846064
1324,0.846064
1325,0.846064
1326,0.846064
1327,0.846064
1328,0.846064
1329,0.846064
1330,0.846064
1331,0.846726
1332,0.846726
1333,0.846726
1334,0.846726
1335,0.846726
1336,0.846726
1337,0.846726
1338,0.846726
1339,0.846726
1340,0.846726
1341,0.847537
1342,0.847537
1343,0.847537
1344,0.847537
1345,0.847537
1346,0.847537
1347,0.847537
1348,0.847537
1349,0.847537
1350,0.847537
1351,0.846033
1352,0.846033
1353,0.846033
1354,0.846033
1355,0.846033
1356,0.846033
1357,0.846033
1358,0.846033
1359,0.846033
1360,0.846033
1361,0.846276
1362,0.846276
1363,0.846276
1364,0.846276
1365,0.846276
1366,0.846276
1367,0.846276
1368,0.846276
1369,0.846276
1370,0.846276
1371,0.844963
1372,0.844963
1373,0.844963
1374,0.844963
1375,0.844963
1376,0.844963
1377,0.844963
1378,0.844963
1379,0.844963
1380,0.844963
1381,0.846452
1382,0.846452
1383,0.846452
1384,0.846452
1385,0.846452
1386,0.846452
1387,0.846452
1388,0.846452
1389,0.846452
1390,0.846452
1391,0.846679
1392,0.846679
1393,0.846679
1394,0.846679
1395,0.846679
1396,0.846679
1397,0.846679
1398,0.846679
1399,0.846679
1400,0.846679
1401,0.84914
1402,0.84914
1403,0.84914
1404,0.84914
1405,0.84914
1406,0.84914
1407,0.84914
1408,0.84914
1409,0.84914
1410,0.84914
1411,0.850026
1412,0.850026
1413,0.850026
1414,0.850026
1415,0.850026
1416,0.850026
1417,0.850026
1418,0.850026
1419,0.850026
1420,0.850026
1421,0.850857
1422,0.850857
1423,0.850857
1424,0.850857
1425,0.850857
1426,0.850857
1427,0.850857
1428,0.850857
1429,0.850857
1430,0.850857
1431,0.851319
1432,0.851319
1433,0.851319
1434,0.851319
1435,0.851319
1436,0.851319
1437,0.851319
1438,0.851319
1439,0.851319
1440,0.851319
1441,0.853525
1442,0.853525
1443,0.853525
1444,0.853525
1445,0.853525
1446,0.853525
1447,0.853525
1448,0.853525
1449,0.853525
1450,0.853525
1451,0.85668
1452,0.85668
1453,0.85668
1454,0.85668
1455,0.85668
1456,0.85668
1457,0.85668
1458,0.85668
1459,0.85668
1460,0.85668
1461,0.858584
1462,0.858584
1463,0.858584
1464,0.858584
1465,0.858584
1466,0.858584
1467,0.858584
1468,0.858584
1469,0.858584
1470,0.858584
1471,0.861704
1472,0.861704
1473,0.861704
1474,0.861704
1475,0.861704
1476,0.861704
1477,0.861704
1478,0.861704
1479,0.861704
1480,0.861704
1481,0.863001
1482,0.863001
1483,0.863001
1484,0.863001
1485,0.863001
1486,0.863001
1487,0.863001
1488,0.863001
1489,0.863001
1490,0.863001
1491,0.871548
1492,0.871548
1493,0.871548
1494,0.871548
1495,0.871548
1496,0.871548
1497,0.871548
1498,0.871548
1499,0.871548
1500,0.871548
1501,0.871928
1502,0.871928
1503,0.871928
1504,0.871928
1505,0.871928
1506,0.871928
1507,0.871928
1508,0.871928
1509,0.871928
1510,0.871928
1511,0.870458
1512,0.870458
1513,0.870458
1514,0.870458
1515,0.870458
1516,0.870458
1517,0.870458
1518,0.870458
1519,0.870458
1520,0.870458
1521,0.874847
1522,0.874847
1523,0.874847
1524,0.874847
1525,0.874847
1526,0.874847
1527,0.874847
1528,0.874847
1529,0.874847
1530,0.874847
1531,0.878253
1532,0.878253
1533,0.878253
1534,0.878253
1535,0.878253
1536,0.878253
1537,0.878253
1538,0.878253
1539,0.878253
1540,0.878253
1541,0.873997
1542,0.873997
1543,0.873997
1544,0.873997
1545,0.873997
1546,0.873997
1547,0.873997
1548,0.873997
1549,0.873997
1550,0.873997
1551,0.875748
1552,0.875748
1553,0.875748
1554,0.875748
1555,0.875748
1556,0.875748
1557,0.875748
1558,0.875748
1559,0.875748
1560,0.875748
1561,0.882516
1562,0.882516
1563,0.882516
1564,0.882516
1565,0.882516
1566,0.882516
1567,0.882516
1568,0.882516
1569,0.882516
1570,0.882516
1571,0.877414
1572,0.877414
1573,0.877414
1574,0.877414
1575,0.877414
1576,0.877414
1577,0.877414
1578,0.877414
1579,0.877414
1580,0.877414
1581,0.879448
1582,0.879448
1583,0.879448
1584,0.879448
1585,0.879448
1586,0.879448
1587,0.879448
1588,0.879448
1589,0.879448
1590,0.879448
1591,0.882148
1592,0.882148
1593,0.882148
1594,0.882148
1595,0.882148
1596,0.882148
1597,0.882148
1598,0.882148
1599,0.882148
1600,0.882148
1601,0.857562
1602,0.857562
1603,0.857562
1604,0.857562
1605,0.857562
1606,0.857562
1607,0.857562
1608,0.857562
1609,0.857562
1610,0.857562
1611,0.863565
1612,0.863565
1613,0.863565
1614,0.863565
1615,0.863565
1616,0.863565
1617,0.863565
1618,0.863565
1619,0.863565
1620,0.863565
1621,0.860787
1622,0.860787
1623,0.860787
1624,0.860787
1625,0.860787
1626,0.860787
1627,0.860787
1628,0.860787
1629,0.860787
1630,0.860787
1631,0.865842
1632,0.865842
1633,0.865842
1634,0.865842
1635,0.865842
1636,0.865842
1637,0.865842
1638,0.865842
1639,0.865842
1640,0.865842
1641,0.868444
1642,0.868444
1643,0.868444
1644,0.868444
1645,0.868444
1646,0.868444
1647,0.868444
1648,0.868444
1649,0.868444
1650,0.868444
1651,0.861665
1652,0.861665
1653,0.861665
1654,0.861665
1655,0.861665
1656,0.861665
1657,0.861665
1658,0.861665
1659,0.861665
1660,0.861665
1661,0.852087
1662,0.852087
1663,0.852087
1664,0.852087
1665,0.852087
1666,0.852087
1667,0.852087
1668,0.852087
1669,0.852087
1670,0.852087
1671,0.860881
1672,0.860881
1673,0.860881
1674,0.860881
1675,0.860881
1676,0.860881
1677,0.860881
1678,0.860881
1679,0.860881
1680,0.860881
1681,0.850061
1682,0.850061
1683,0.850061
1684,0.850061
1685,0.850061
1686,0.850061
1687,0.850061
1688,0.850061
1689,0.850061
1690,0.850061
1691,0.836902
1692,0.836902
1693,0.836902
1694,0.836902
1695,0.836902
1696,0.836902
1697,0.836902
1698,0.836902
1699,0.836902
1700,0.836902
1701,0.831302
1702,0.831302
1703,0.831302
1704,0.831302
1705,0.831302
1706,0.831302
1707,0.831302
1708,0.831302
1709,0.831302
1710,0.831302
1711,0.844426
1712,0.844426
1713,0.844426
1714,0.844426
1715,0.844426
1716,0.844426
1717,0.844426
1718,0.844426
1719,0.844426
1720,0.844426
1721,0.835421
1722,0.835421
1723,0.835421
1724,0.835421
1725,0.835421
1726,0.835421
1727,0.835421
1728,0.835421
1729,0.835421
1730,0.835421
1731,0.856723
1732,0.856723
1733,0.856723
1734,0.856723
1735,0.856723
1736,0.856723
1737,0.856723
1738,0.856723
1739,0.856723
1740,0.856723
1741,0.780362
1742,0.780362
1743,0.780362
1744,0.780362
1745,0.780362
1746,0.780362
1747,0.780362
1748,0.780362
1749,0.780362
1750,0.780362
1751,0.715131
1752,0.715131
1753,0.715131
1754,0.715131
1755,0.715131
1756,0.715131
1757,0.715131
1758,0.715131
1759,0.715131
1760,0.715131
1761,0.620133
1762,0.620133
1763,0.620133
1764,0.620133
1765,0.620133
1766,0.620133
1767,0.620133
1768,0.620133
1769,0.620133
1770,0.620133
1771,0.63098
1772,0.63098
1773,0.63098
1774,0.63098
1775,0.63098
1776,0.63098
1777,0.63098
1778,0.63098
1779,0.63098
1780,0.63098
1781,0.706126
1782,0.706126
1783,0.706126
1784,0.706126
1785,0.706126
1786,0.706126
1787,0.706126
1788,0.706126
1789,0.706126
1790,0.706126
1791,0.67025
1792,0.67025
1793,0.67025
1794,0.67025
1795,0.67025
1796,0.67025
1797,0.67025
1798,0.67025
1799,0.67025
1800,0.67025
1801,0.624075
1802,0.624075
1803,0.624075
1804,0.624075
1805,0.624075
1806,0.624075
1807,0.624075
1808,0.624075
1809,0.624075
1810,0.624075
1811,0.619616
1812,0.619616
1813,0.619616
1814,0.619616
1815,0.619616
1816,0.619616
1817,0.619616
1818,0.619616
1819,0.619616
1820,0.619616
1821,0.600089
1822,0.600089
1823,0.600089
1824,0.600089
1825,0.600089
1826,0.600089
1827,0.600089
1828,0.600089
1829,0.600089
1830,0.600089
1831,0.545324
1832,0.545324
1833,0.545324
1834,0.545324
1835,0.545324
1836,0.545324
1837,0.545324
1838,0.545324
1839,0.545324
1840,0.545324
1841,0.526691
1842,0.526691
1843,0.526691
1844,0.526691
1845,0.526691
1846,0.526691
1847,0.526691
1848,0.526691
1849,0.526691
1850,0.526691
1851,0.541997
1852,0.541997
1853,0.541997
1854,0.541997
1855,0.541997
1856,0.541997
1857,0.541997
1858,0.541997
1859,0.541997
1860,0.541997
1861,0.491222
1862,0.491222
1863,0.491222
1864,0.491222
1865,0.491222
1866,0.491222
1867,0.491222
1868,0.491222
1869,0.491222
1870,0.491222
1871,0.448422
1872,0.448422
1873,0.448422
1874,0.448422
1875,0.448422
1876,0.448422
1877,0.448422
1878,0.448422
1879,0.448422
1880,0.448422
1881,0.502743
1882,0.502743
1883,0.502743
1884,0.502743
1885,0.502743
1886,0.502743
1887,0.502743
1888,0.502743
1889,0.502743
1890,0.502743
1891,0.517689
1892,0.517689
1893,0.517689
1894,0.517689
1895,0.517689
1896,0.517689
1897,0.517689
1898,0.517689
1899,0.517689
1900,0.517689
1901,0.530096
1902,0.530096
1903,0.530096
1904,0.530096
1905,0.530096
1906,0.530096
1907,0.530096
1908,0.530096
1909,0.530096
1910,0.530096
1911,0.685466
1912,0.685466
1913,0.685466
1914,0.685466
1915,0.685466
1916,0.685466
1917,0.685466
1918,0.685466
1919,0.685466
1920,0.685466
1921,0.7533
1922,0.7533
1923,0.7533
1924,0.7533
1925,0.7533
1926,0.7533
1927,0.7533
1928,0.7533
1929,0.7533
1930,0.7533
1931,0.64321
1932,0.64321
1933,0.64321
1934,0.64321
1935,0.64321
1936,0.64321
1937,0.64321
1938,0.64321
1939,0.64321
1940,0.64321
1941,0.423847
1942,0.423847
1943,0.423847
1944,0.423847
1945,0.423847
1946,0.423847
1947,0.423847
1948,0.423847
1949,0.423847
1950,0.423847
1951,0.373746
1952,0.373746
1953,0.373746
1954,0.373746
1955,0.373746
1956,0.373746
1957,0.373746
1958,0.373746
1959,0.373746
1960,0.373746
1961,0.335123
1962,0.335123
1963,0.335123
1964,0.335123
1965,0.335123
1966,0.335123
1967,0.335123
1968,0.335123
1969,0.335123
1970,0.335123
1971,0.290982
1972,0.290982
1973,0.290982
1974,0.290982
1975,0.290982
1976,0.290982
1977,0.290982
1978,0.290982
1979,0.290982
1980,0.290982
1981,0.21144
1982,0.21144
1983,0.21144
1984,0.21144
1985,0.21144
1986,0.21144
1987,0.21144
1988,0.21144
1989,0.21144
1990,0.21144
1991,0.175109
1992,0.175109
1993,0.175109
1994,0.175109
1995,0.175109
1996,0.175109
1997,0.175109
1998,0.175109
1999,0.175109
2000,0.175109
2001,0.167205
2002,0.167205
2003,0.167205
2004,0.167205
2005,0.167205
2006,0.167205
2007,0.167205
2008,0.167205
2009,0.167205
2010,0.167205
2011,0.267952
2012,0.267952
2013,0.267952
2014,0.267952
2015,0.267952
2016,0.267952
2017,0.267952
2018,0.267952
2019,0.267952
2020,0.267952
2021,0.471366
2022,0.471366
2023,0.471366
2024,0.471366
2025,0.471366
2026,0.471366
2027,0.471366
2028,0.471366
2029,0.471366
2030,0.471366
2031,0.684467
2032,0.684467
2033,0.684467
2034,0.684467
2035,0.684467
2036,0.684467
2037,0.684467
2038,0.684467
2039,0.684467
2040,0.684467
2041,0.697183
2042,0.697183
2043,0.697183
2044,0.697183
2045,0.697183
2046,0.697183
2047,0.697183
2048,0.697183
2049,0.697183
2050,0.697183
2051,0.445063
2052,0.445063
2053,0.445063
2054,0.445063
2055,0.445063
2056,0.445063
2057,0.445063
2058,0.445063
2059,0.445063
2060,0.445063
2061,0.298318
2062,0.298318
2063,0.298318
2064,0.298318
2065,0.298318
2066,0.298318
2067,0.298318
2068,0.298318
2069,0.298318
2070,0.298318
2071,0.273493
2072,0.273493
2073,0.273493
2074,0.273493
2075,0.273493
2076,0.273493
2077,0.273493
2078,0.273493
2079,0.273493
2080,0.273493
2081,0.209198
2082,0.209198
2083,0.209198
2084,0.209198
2085,0.209198
2086,0.209198
2087,0.209198
2088,0.209198
2089,0.209198
2090,0.209198
2091,0.168055
2092,0.168055
2093,0.168055
2094,0.168055
2095,0.168055
2096,0.168055
2097,0.168055
2098,0.168055
2099,0.168055
2100,0.168055
2101,0.174235
2102,0.174235
2103,0.174235
2104,0.174235
2105,0.174235
2106,0.174235
2107,0.174235
2108,0.174235
2109,0.174235
2110,0.174235
2111,0.242061
2112,0.242061
2113,0.242061
2114,0.242061
2115,0.242061
2116,0.242061
2117,0.242061
2118,0.242061
2119,0.242061
2120,0.242061
2121,0.542483
2122,0.542483
2123,0.542483
2124,0.542483
2125,0.542483
2126,0.542483
2127,0.542483
2128,0.542483
2129,0.542483
2130,0.542483
2131,0.827552
2132,0.827552
2133,0.827552
2134,0.827552
2135,0.827552
2136,0.827552
2137,0.827552
2138,0.827552
2139,0.827552
2140,0.827552
2141,0.893583
2142,0.893583
2143,0.893583
2144,0.893583
2145,0.893583
2146,0.893583
2147,0.893583
2148,0.893583
2149,0.893583
2150,0.893583
2151,0.887446
2152,0.887446
2153,0.887446
2154,0.887446
2155,0.887446
2156,0.887446
2157,0.887446
2158,0.887446
2159,0.887446
2160,0.887446
2161,0.647243
2162,0.647243
2163,0.647243
2164,0.647243
2165,0.647243
2166,0.647243
2167,0.647243
2168,0.647243
2169,0.647243
2170,0.647243
2171,0.644319
2172,0.644319
2173,0.644319
2174,0.644319
2175,0.644319
2176,0.644319
2177,0.644319
2178,0.644319
2179,0.644319
2180,0.644319
2181,0.445706
2182,0.445706
2183,0.445706
2184,0.445706
2185,0.445706
2186,0.445706
2187,0.445706
2188,0.445706
2189,0.445706
2190,0.445706
2191,0.277545
2192,0.277545
2193,0.277545
2194,0.277545
2195,0.277545
2196,0.277545
2197,0.277545
2198,0.277545
2199,0.277545
2200,0.277545
2201,0.216624
2202,0.216624
2203,0.216624
2204,0.216624
2205,0.216624
2206,0.216624
2207,0.216624
2208,0.216624
2209,0.216624
2210,0.216624
2211,0.17786
2212,0.17786
2213,0.17786
2214,0.17786
2215,0.17786
2216,0.17786
2217,0.17786
2218,0.17786
2219,0.17786
2220,0.17786
2221,0.163118
2222,0.163118
2223,0.163118
2224,0.163118
2225,0.163118
2226,0.163118
2227,0.163118
2228,0.163118
2229,0.163118
2230,0.163118
2231,0.162091
2232,0.162091
2233,0.162091
2234,0.162091
2235,0.162091
2236,0.162091
2237,0.162091
2238,0.162091
2239,0.162091
2240,0.162091
2241,0.165155
2242,0.165155
2243,0.165155
2244,0.165155
2245,0.165155
2246,0.165155
2247,0.165155
2248,0.165155
2249,0.165155
2250,0.165155
2251,0.166429
2252,0.166429
2253,0.166429
2254,0.166429
2255,0.166429
2256,0.166429
2257,0.166429
2258,0.166429
2259,0.166429
2260,0.166429
2261,0.168067
2262,0.168067
2263,0.168067
2264,0.168067
2265,0.168067
2266,0.168067
2267,0.168067
2268,0.168067
2269,0.168067
2270,0.168067
2271,0.197003
2272,0.197003
2273,0.197003
2274,0.197003
2275,0.197003
2276,0.197003
2277,0.197003
2278,0.197003
2279,0.197003
2280,0.197003
2281,0.280453
2282,0.280453
2283,0.280453
2284,0.280453
2285,0.280453
2286,0.280453
2287,0.280453
2288,0.280453
2289,0.280453
2290,0.280453
2291,0.303075
2292,0.303075
2293,0.303075
2294,0.303075
2295,0.303075
2296,0.303075
2297,0.303075
2298,0.303075
2299,0.303075
2300,0.303075
2301,0.274202
2302,0.274202
2303,0.274202
2304,0.274202
2305,0.274202
2306,0.274202
2307,0.274202
2308,0.274202
2309,0.274202
2310,0.274202
2311,0.279947
2312,0.279947
2313,0.279947
2314,0.279947
2315,0.279947
2316,0.279947
2317,0.279947
2318,0.279947
2319,0.279947
2320,0.279947
2321,0.268508
2322,0.268508
2323,0.268508
2324,0.268508
2325,0.268508
2326,0.268508
2327,0.268508
2328,0.268508
2329,0.268508
2330,0.268508
2331,0.228043
2332,0.228043
2333,0.228043
2334,0.228043
2335,0.228043
2336,0.228043
2337,0.228043
2338,0.228043
2339,0.228043
2340,0.228043
2341,0.183534
2342,0.183534
2343,0.183534
2344,0.183534
2345,0.183534
2346,0.183534
2347,0.183534
2348,0.183534
2349,0.183534
2350,0.183534
2351,0.179412
2352,0.179412
2353,0.179412
2354,0.179412
2355,0.179412
2356,0.179412
2357,0.179412
2358,0.179412
2359,0.179412
2360,0.179412
2361,0.197171
2362,0.197171
2363,0.197171
2364,0.197171
2365,0.197171
2366,0.197171
2367,0.197171
2368,0.197171
2369,0.197171
2370,0.197171
2371,0.170971
2372,0.170971
2373,0.170971
2374,0.170971
2375,0.170971
2376,0.170971
2377,0.170971
2378,0.170971
2379,0.170971
2380,0.170971
2381,0.162107
2382,0.162107
2383,0.162107
2384,0.162107
2385,0.162107
2386,0.162107
2387,0.162107
2388,0.162107
2389,0.162107
2390,0.162107
2391,0.252226
2392,0.252226
2393,0.252226
2394,0.252226
2395,0.252226
2396,0.252226
2397,0.252226
2398,0.252226
2399,0.252226
2400,0.252226
2401,0.436783
2402,0.436783
2403,0.436783
2404,0.436783
2405,0.436783
2406,0.436783
2407,0.436783
2408,0.436783
2409,0.436783
2410,0.436783
2411,0.361343
2412,0.361343
2413,0.361343
2414,0.361343
2415,0.361343
2416,0.361343
2417,0.361343
2418,0.361343
2419,0.361343
2420,0.361343
2421,0.247966
2422,0.247966
2423,0.247966
2424,0.247966
2425,0.247966
2426,0.247966
2427,0.247966
2428,0.247966
2429,0.247966
2430,0.247966
2431,0.165986
2432,0.165986
2433,0.165986
2434,0.165986
2435,0.165986
2436,0.165986
2437,0.165986
2438,0.165986
2439,0.165986
2440,0.165986
2441,0.225598
2442,0.225598
2443,0.225598
2444,0.225598
2445,0.225598
2446,0.225598
2447,0.225598
2448,0.225598
2449,0.225598
2450,0.225598
2451,0.216228
2452,0.216228
2453,0.216228
2454,0.216228
2455,0.216228
2456,0.216228
2457,0.216228
2458,0.216228
2459,0.216228
2460,0.216228
2461,0.194656
2462,0.194656
2463,0.194656
2464,0.194656
2465,0.194656
2466,0.194656
2467,0.194656
2468,0.194656
2469,0.194656
2470,0.194656
2471,0.183828
2472,0.183828
2473,0.183828
2474,0.183828
2475,0.183828
2476,0.183828
2477,0.183828
2478,0.183828
2479,0.183828
2480,0.183828
2481,0.176641
2482,0.176641
2483,0.176641
2484,0.176641
2485,0.176641
2486,0.176641
2487,0.176641
2488,0.176641
2489,0.176641
2490,0.176641
2491,0.180066
2492,0.180066
2493,0.180066
2494,0.180066
2495,0.180066
2496,0.180066
2497,0.180066
2498,0.180066
2499,0.180066
2500,0.180066
2501,0.168772
2502,0.168772
2503,0.168772
2504,0.168772
2505,0.168772
2506,0.168772
2507,0.168772
2508,0.168772
2509,0.168772
2510,0.168772
2511,0.181524
2512,0.181524
2513,0.181524
2514,0.181524
2515,0.181524
2516,0.181524
2517,0.181524
2518,0.181524
2519,0.181524
2520,0.181524
2521,0.285461
2522,0.285461
2523,0.285461
2524,0.285461
2525,0.285461
2526,0.285461
2527,0.285461
2528,0.285461
2529,0.285461
2530,0.285461
2531,0.357714
2532,0.357714
2533,0.357714
2534,0.357714
2535,0.357714
2536,0.357714
2537,0.357714
2538,0.357714
2539,0.357714
2540,0.357714
2541,0.300446
2542,0.300446
2543,0.300446
2544,0.300446
2545,0.300446
2546,0.300446
2547,0.300446
2548,0.300446
2549,0.300446
2550,0.300446
2551,0.234897
2552,0.234897
2553,0.234897
2554,0.234897
2555,0.234897
2556,0.234897
2557,0.234897
2558,0.234897
2559,0.234897
2560,0.234897
2561,0.194605
2562,0.194605
2563,0.194605
2564,0.194605
2565,0.194605
2566,0.194605
2567,0.194605
2568,0.194605
2569,0.194605
2570,0.194605
2571,0.148618
2572,0.148618
2573,0.148618
2574,0.148618
2575,0.148618
2576,0.148618
2577,0.148618
2578,0.148618
2579,0.148618
2580,0.148618
2581,0.144613
2582,0.144613
2583,0.144613
2584,0.144613
2585,0.144613
2586,0.144613
2587,0.144613
2588,0.144613
2589,0.144613
2590,0.144613
2591,0.14437
2592,0.14437
2593,0.14437
2594,0.14437
2595,0.14437
2596,0.14437
2597,0.14437
2598,0.14437
2599,0.14437
2600,0.14437
2601,0.144135
2602,0.144135
2603,0.144135
2604,0.144135
2605,0.144135
2606,0.144135
2607,0.144135
2608,0.144135
2609,0.144135
2610,0.144135
2611,0.143038
2612,0.143038
2613,0.143038
2614,0.143038
2615,0.143038
2616,0.143038
2617,0.143038
2618,0.143038
2619,0.143038
2620,0.143038
2621,0.143242
2622,0.143242
2623,0.143242
2624,0.143242
2625,0.143242
2626,0.143242
2627,0.143242
2628,0.143242
2629,0.143242
2630,0.143242
2631,0.193229
2632,0.193229
2633,0.193229
2634,0.193229
2635,0.193229
2636,0.193229
2637,0.193229
2638,0.193229
2639,0.193229
2640,0.193229
2641,0.240764
2642,0.240764
2643,0.240764
2644,0.240764
2645,0.240764
2646,0.240764
2647,0.240764
2648,0.240764
2649,0.240764
2650,0.240764
2651,0.379115
2652,0.379115
2653,0.379115
2654,0.379115
2655,0.379115
2656,0.379115
2657,0.379115
2658,0.379115
2659,0.379115
2660,0.379115
2661,0.518065
2662,0.518065
2663,0.518065
2664,0.518065
2665,0.518065
2666,0.518065
2667,0.518065
2668,0.518065
2669,0.518065
2670,0.518065
2671,0.500004
2672,0.500004
2673,0.500004
2674,0.500004
2675,0.500004
2676,0.500004
2677,0.500004
2678,0.500004
2679,0.500004
2680,0.500004
2681,0.417083
2682,0.417083
2683,0.417083
2684,0.417083
2685,0.417083
2686,0.417083
2687,0.417083
2688,0.417083
2689,0.417083
2690,0.417083
2691,0.375263
2692,0.375263
2693,0.375263
2694,0.375263
2695,0.375263
2696,0.375263
2697,0.375263
2698,0.375263
2699,0.375263
2700,0.375263
2701,0.345433
2702,0.345433
2703,0.345433
2704,0.345433
2705,0.345433
2706,0.345433
2707,0.345433
2708,0.345433
2709,0.345433
2710,0.345433
2711,0.272505
2712,0.272505
2713,0.272505
2714,0.272505
2715,0.272505
2716,0.272505
2717,0.272505
2718,0.272505
2719,0.272505
2720,0.272505
2721,0.265565
2722,0.265565
2723,0.265565
2724,0.265565
2725,0.265565
2726,0.265565
2727,0.265565
2728,0.265565
2729,0.265565
2730,0.265565
2731,0.251971
2732,0.251971
2733,0.251971
2734,0.251971
2735,0.251971
2736,0.251971
2737,0.251971
2738,0.251971
2739,0.251971
2740,0.251971
2741,0.267509
2742,0.267509
2743,0.267509
2744,0.267509
2745,0.267509
2746,0.267509
2747,0.267509
2748,0.267509
2749,0.267509
2750,0.267509
2751,0.278952
2752,0.278952
2753,0.278952
2754,0.278952
2755,0.278952
2756,0.278952
2757,0.278952
2758,0.278952
2759,0.278952
2760,0.278952
2761,0.271302
2762,0.271302
2763,0.271302
2764,0.271302
2765,0.271302
2766,0.271302
2767,0.271302
2768,0.271302
2769,0.271302
2770,0.271302
2771,0.267289
2772,0.267289
2773,0.267289
2774,0.267289
2775,0.267289
2776,0.267289
2777,0.267289
2778,0.267289
2779,0.267289
2780,0.267289
2781,0.260867
2782,0.260867
2783,0.260867
2784,0.260867
2785,0.260867
2786,0.260867
2787,0.260867
2788,0.260867
2789,0.260867
2790,0.260867
2791,0.248574
2792,0.248574
2793,0.248574
2794,0.248574
2795,0.248574
2796,0.248574
2797,0.248574
2798,0.248574
2799,0.248574
2800,0.248574
2801,0.242374
2802,0.242374
2803,0.242374
2804,0.242374
2805,0.242374
2806,0.242374
2807,0.242374
2808,0.242374
2809,0.242374
2810,0.242374
2811,0.239396
2812,0.239396
2813,0.239396
2814,0.239396
2815,0.239396
2816,0.239396
2817,0.239396
2818,0.239396
2819,0.239396
2820,0.239396
2821,0.240572
2822,0.240572
2823,0.240572
2824,0.240572
2825,0.240572
2826,0.240572
2827,0.240572
2828,0.240572
2829,0.240572
2830,0.240572
2831,0.238573
2832,0.238573
2833,0.238573
2834,0.238573
2835,0.238573
2836,0.238573
2837,0.238573
2838,0.238573
2839,0.238573
2840,0.238573
2841,0.238095
2842,0.238095
2843,0.238095
2844,0.238095
2845,0.238095
2846,0.238095
2847,0.238095
2848,0.238095
2849,0.238095
2850,0.238095
2851,0.23889
2852,0.23889
2853,0.23889
2854,0.23889
2855,0.23889
2856,0.23889
2857,0.23889
2858,0.23889
2859,0.23889
2860,0.23889
2861,0.237268
2862,0.237268
2863,0.237268
2864,0.237268
2865,0.237268
2866,0.237268
2867,0.237268
2868,0.237268
2869,0.237268
2870,0.237268
2871,0.240285
2872,0.240285
2873,0.240285
2874,0.240285
2875,0.240285
2876,0.240285
2877,0.240285
2878,0.240285
2879,0.240285
2880,0.240285
2881,0.246117
2882,0.246117
2883,0.246117
2884,0.246117
2885,0.246117
2886,0.246117
2887,0.246117
2888,0.246117
2889,0.246117
2890,0.246117
2891,0.268528
2892,0.268528
2893,0.268528
2894,0.268528
2895,0.268528
2896,0.268528
2897,0.268528
2898,0.268528
2899,0.268528
2900,0.268528
2901,0.257305
2902,0.257305
2903,0.257305
2904,0.257305
2905,0.257305
2906,0.257305
2907,0.257305
2908,0.257305
2909,0.257305
2910,0.257305
2911,0.252696
2912,0.252696
2913,0.252696
2914,0.252696
2915,0.252696
2916,0.252696
2917,0.252696
2918,0.252696
2919,0.252696
2920,0.252696
2921,0.251532
2922,0.251532
2923,0.251532
2924,0.251532
2925,0.251532
2926,0.251532
2927,0.251532
2928,0.251532
2929,0.251532
2930,0.251532
2931,0.255678
2932,0.255678
2933,0.255678
2934,0.255678
2935,0.255678
2936,0.255678
2937,0.255678
2938,0.255678
2939,0.255678
2940,0.255678
2941,0.253566
2942,0.253566
2943,0.253566
2944,0.253566
2945,0.253566
2946,0.253566
2947,0.253566
2948,0.253566
2949,0.253566
2950,0.253566
2951,0.271757
2952,0.271757
2953,0.271757
2954,0.271757
2955,0.271757
2956,0.271757
2957,0.271757
2958,0.271757
2959,0.271757
2960,0.271757
2961,0.41166
2962,0.41166
2963,0.41166
2964,0.41166
2965,0.41166
2966,0.41166
2967,0.41166
2968,0.41166
2969,0.41166
2970,0.41166
2971,0.586393
2972,0.586393
2973,0.586393
2974,0.586393
2975,0.586393
2976,0.586393
2977,0.586393
2978,0.586393
2979,0.586393
2980,0.586393
2981,0.697552
2982,0.697552
2983,0.697552
2984,0.697552
2985,0.697552
2986,0.697552
2987,0.697552
2988,0.697552
2989,0.697552
2990,0.697552
2991,0.829605
2992,0.829605
2993,0.829605
2994,0.829605
2995,0.829605
2996,0.829605
2997,0.829605
2998,0.829605
2999,0.829605
3000,0.829605
3001,0.863855
3002,0.863855
3003,0.863855
3004,0.863855
3005,0.863855
3006,0.863855
3007,0.863855
3008,0.863855
3009,0.863855
3010,0.863855
3011,0.880173
3012,0.880173
3013,0.880173
3014,0.880173
3015,0.880173
3016,0.880173
3017,0.880173
3018,0.880173
3019,0.880173
3020,0.880173
3021,0.874753
3022,0.874753
3023,0.874753
3024,0.874753
3025,0.874753
3026,0.874753
3027,0.874753
3028,0.874753
3029,0.874753
3030,0.874753
3031,0.88156
3032,0.88156
3033,0.88156
3034,0.88156
3035,0.88156
3036,0.88156
3037,0.88156
3038,0.88156
3039,0.88156
3040,0.88156
3041,0.890879
3042,0.890879
3043,0.890879
3044,0.890879
3045,0.890879
3046,0.890879
3047,0.890879
3048,0.890879
3049,0.890879
3050,0.890879
3051,0.889746
3052,0.889746
3053,0.889746
3054,0.889746
3055,0.889746
3056,0.889746
3057,0.889746
3058,0.889746
3059,0.889746
3060,0.889746
3061,0.889315
3062,0.889315
3063,0.889315
3064,0.889315
3065,0.889315
3066,0.889315
3067,0.889315
3068,0.889315
3069,0.889315
3070,0.889315
3071,0.879228
3072,0.879228
3073,0.879228
3074,0.879228
3075,0.879228
3076,0.879228
3077,0.879228
3078,0.879228
3079,0.879228
3080,0.879228
3081,0.873621
3082,0.873621
3083,0.873621
3084,0.873621
3085,0.873621
3086,0.873621
3087,0.873621
3088,0.873621
3089,0.873621
3090,0.873621
3091,0.875141
3092,0.875141
3093,0.875141
3094,0.875141
3095,0.875141
3096,0.875141
3097,0.875141
3098,0.875141
3099,0.875141
3100,0.875141
3101,0.873703
3102,0.873703
3103,0.873703
3104,0.873703
3105,0.873703
3106,0.873703
3107,0.873703
3108,0.873703
3109,0.873703
3110,0.873703
3111,0.87375
3112,0.87375
3113,0.87375
3114,0.87375
3115,0.87375
3116,0.87375
3117,0.87375
3118,0.87375
3119,0.87375
3120,0.87375
3121,0.869749
3122,0.869749
3123,0.869749
3124,0.869749
3125,0.869749
3126,0.869749
3127,0.869749
3128,0.869749
3129,0.869749
3130,0.869749
3131,0.870925
3132,0.870925
3133,0.870925
3134,0.870925
3135,0.870925
3136,0.870925
3137,0.870925
3138,0.870925
3139,0.870925
3140,0.870925
3141,0.866524
3142,0.866524
3143,0.866524
3144,0.866524
3145,0.866524
3146,0.866524
3147,0.866524
3148,0.866524
3149,0.866524
3150,0.866524
3151,0.861351
3152,0.861351
3153,0.861351
3154,0.861351
3155,0.861351
3156,0.861351
3157,0.861351
3158,0.861351
3159,0.861351
3160,0.861351
3161,0.858639
3162,0.858639
3163,0.858639
3164,0.858639
3165,0.858639
3166,0.858639
3167,0.858639
3168,0.858639
3169,0.858639
3170,0.858639
3171,0.85898
3172,0.85898
3173,0.85898
3174,0.85898
3175,0.85898
3176,0.85898
3177,0.85898
3178,0.85898
3179,0.85898
3180,0.85898
3181,0.858181
3182,0.858181
3183,0.858181
3184,0.858181
3185,0.858181
3186,0.858181
3187,0.858181
3188,0.858181
3189,0.858181
3190,0.858181
3191,0.85467
3192,0.85467
3193,0.85467
3194,0.85467
3195,0.85467
3196,0.85467
3197,0.85467
3198,0.85467
3199,0.85467
3200,0.85467
3201,0.850061
3202,0.850061
3203,0.850061
3204,0.850061
3205,0.850061
3206,0.850061
3207,0.850061
3208,0.850061
3209,0.850061
3210,0.850061
3211,0.849971
3212,0.849971
3213,0.849971
3214,0.849971
3215,0.849971
3216,0.849971
3217,0.849971
3218,0.849971
3219,0.849971
3220,0.849971
3221,0.848208
3222,0.848208
3223,0.848208
3224,0.848208
3225,0.848208
3226,0.848208
3227,0.848208
3228,0.848208
3229,0.848208
3230,0.848208
3231,0.847498
3232,0.847498
3233,0.847498
3234,0.847498
3235,0.847498
3236,0.847498
3237,0.847498
3238,0.847498
3239,0.847498
3240,0.847498
3241,0.846534
3242,0.846534
3243,0.846534
3244,0.846534
3245,0.846534
3246,0.846534
3247,0.846534
3248,0.846534
3249,0.846534
3250,0.846534
3251,0.844873
3252,0.844873
3253,0.844873
3254,0.844873
3255,0.844873
3256,0.844873
3257,0.844873
3258,0.844873
3259,0.844873
3260,0.844873
3261,0.847694
3262,0.847694
3263,0.847694
3264,0.847694
3265,0.847694
3266,0.847694
3267,0.847694
3268,0.847694
3269,0.847694
3270,0.847694
3271,0.846456
3272,0.846456
3273,0.846456
3274,0.846456
3275,0.846456
3276,0.846456
3277,0.846456
3278,0.846456
3279,0.846456
3280,0.846456
3281,0.84713
3282,0.84713
3283,0.84713
3284,0.84713
3285,0.84713
3286,0.84713
3287,0.84713
3288,0.84713
3289,0.84713
3290,0.84713
3291,0.851668
3292,0.851668
3293,0.851668
3294,0.851668
3295,0.851668
3296,0.851668
3297,0.851668
3298,0.851668
3299,0.851668
3300,0.851668
3301,0.850414
3302,0.850414
3303,0.850414
3304,0.850414
3305,0.850414
3306,0.850414
3307,0.850414
3308,0.850414
3309,0.850414
3310,0.850414
3311,0.850857
3312,0.850857
3313,0.850857
3314,0.850857
3315,0.850857
3316,0.850857
3317,0.850857
3318,0.850857
3319,0.850857
3320,0.850857
3321,0.850657
3322,0.850657
3323,0.850657
3324,0.850657
3325,0.850657
3326,0.850657
3327,0.850657
3328,0.850657
3329,0.850657
3330,0.850657
3331,0.852354
3332,0.852354
3333,0.852354
3334,0.852354
3335,0.852354
3336,0.852354
3337,0.852354
3338,0.852354
3339,0.852354
3340,0.852354
3341,0.853349
3342,0.853349
3343,0.853349
3344,0.853349
3345,0.853349
3346,0.853349
3347,0.853349
3348,0.853349
3349,0.853349
3350,0.853349
3351,0.851303
3352,0.851303
3353,0.851303
3354,0.851303
3355,0.851303
3356,0.851303
3357,0.851303
3358,0.851303
3359,0.851303
3360,0.851303
3361,0.854391
3362,0.854391
3363,0.854391
3364,0.854391
3365,0.854391
3366,0.854391
3367,0.854391
3368,0.854391
3369,0.854391
3370,0.854391
3371,0.853976
3372,0.853976
3373,0.853976
3374,0.853976
3375,0.853976
3376,0.853976
3377,0.853976
3378,0.853976
3379,0.853976
3380,0.853976
3381,0.85389
3382,0.85389
3383,0.85389
3384,0.85389
3385,0.85389
3386,0.85389
3387,0.85389
3388,0.85389
3389,0.85389
3390,0.85389
3391,0.853619
3392,0.853619
3393,0.853619
3394,0.853619
3395,0.853619
3396,0.853619
3397,0.853619
3398,0.853619
3399,0.853619
3400,0.853619
3401,0.85157
3402,0.85157
3403,0.85157
3404,0.85157
3405,0.85157
3406,0.85157
3407,0.85157
3408,0.85157
3409,0.85157
3410,0.85157
3411,0.854431
3412,0.854431
3413,0.854431
3414,0.854431
3415,0.854431
3416,0.854431
3417,0.854431
3418,0.854431
3419,0.854431
3420,0.854431
3421,0.853913
3422,0.853913
3423,0.853913
3424,0.853913
3425,0.853913
3426,0.853913
3427,0.853913
3428,0.853913
3429,0.853913
3430,0.853913
3431,0.853388
3432,0.853388
3433,0.853388
3434,0.853388
3435,0.853388
3436,0.853388
3437,0.853388
3438,0.853388
3439,0.853388
3440,0.853388
3441,0.860034
3442,0.860034
3443,0.860034
3444,0.860034
3445,0.860034
3446,0.860034
3447,0.860034
3448,0.860034
3449,0.860034
3450,0.860034
3451,0.86043
3452,0.86043
3453,0.86043
3454,0.86043
3455,0.86043
3456,0.86043
3457,0.86043
3458,0.86043
3459,0.86043
3460,0.86043
3461,0.862213
3462,0.862213
3463,0.862213
3464,0.862213
3465,0.862213
3466,0.862213
3467,0.862213
3468,0.862213
3469,0.862213
3470,0.862213
3471,0.8611
3472,0.8611
3473,0.8611
3474,0.8611
3475,0.8611
3476,0.8611
3477,0.8611
3478,0.8611
3479,0.8611
3480,0.8611
3481,0.860748
3482,0.860748
3483,0.860748
3484,0.860748
3485,0.860748
3486,0.860748
3487,0.860748
3488,0.860748
3489,0.860748
3490,0.860748
3491,0.860657
3492,0.860657
3493,0.860657
3494,0.860657
3495,0.860657
3496,0.860657
3497,0.860657
3498,0.860657
3499,0.860657
3500,0.860657
3501,0.86023
3502,0.86023
3503,0.86023
3504,0.86023
3505,0.86023
3506,0.86023
3507,0.86023
3508,0.86023
3509,0.86023
3510,0.86023
3511,0.860599
3512,0.860599
3513,0.860599
3514,0.860599
3515,0.860599
3516,0.860599
3517,0.860599
3518,0.860599
3519,0.860599
3520,0.860599
3521,0.85996
3522,0.85996
3523,0.85996
3524,0.85996
3525,0.85996
3526,0.85996
3527,0.85996
3528,0.85996
3529,0.85996
3530,0.85996
3531,0.859474
3532,0.859474
3533,0.859474
3534,0.859474
3535,0.859474
3536,0.859474
3537,0.859474
3538,0.859474
3539,0.859474
3540,0.859474
3541,0.858976
3542,0.858976
3543,0.858976
3544,0.858976
3545,0.858976
3546,0.858976
3547,0.858976
3548,0.858976
3549,0.858976
3550,0.858976
3551,0.858279
3552,0.858279
3553,0.858279
3554,0.858279
3555,0.858279
3556,0.858279
3557,0.858279
3558,0.858279
3559,0.858279
3560,0.858279
3561,0.858561
3562,0.858561
3563,0.858561
3564,0.858561
3565,0.858561
3566,0.858561
3567,0.858561
3568,0.858561
3569,0.858561
3570,0.858561
3571,0.859568
3572,0.859568
3573,0.859568
3574,0.859568
3575,0.859568
3576,0.859568
3577,0.859568
3578,0.859568
3579,0.859568
3580,0.859568
3581,0.859258
3582,0.859258
3583,0.859258
3584,0.859258
3585,0.859258
3586,0.859258
3587,0.859258
3588,0.859258
3589,0.859258
3590,0.859258
3591,0.858722
3592,0.858722
3593,0.858722
3594,0.858722
3595,0.858722
3596,0.858722
3597,0.858722
3598,0.858722
3599,0.858722
3600,0.858722
3601,0.859168
3602,0.859168
3603,0.859168
3604,0.859168
3605,0.859168
3606,0.859168
3607,0.859168
3608,0.859168
3609,0.859168
3610,0.859168
3611,0.859478
3612,0.859478
3613,0.859478
3614,0.859478
3615,0.859478
3616,0.859478
3617,0.859478
3618,0.859478
3619,0.859478
3620,0.859478
3621,0.863906
3622,0.863906
3623,0.863906
3624,0.863906
3625,0.863906
3626,0.863906
3627,0.863906
3628,0.863906
3629,0.863906
3630,0.863906
3631,0.863851
3632,0.863851
3633,0.863851
3634,0.863851
3635,0.863851
3636,0.863851
3637,0.863851
3638,0.863851
3639,0.863851
3640,0.863851
3641,0.860798
3642,0.860798
3643,0.860798
3644,0.860798
3645,0.860798
3646,0.860798
3647,0.860798
3648,0.860798
3649,0.860798
3650,0.860798
3651,0.858302
3652,0.858302
3653,0.858302
3654,0.858302
3655,0.858302
3656,0.858302
3657,0.858302
3658,0.858302
3659,0.858302
3660,0.858302
3661,0.85891
3662,0.85891
3663,0.85891
3664,0.85891
3665,0.85891
3666,0.85891
3667,0.85891
3668,0.85891
3669,0.85891
3670,0.85891
3671,0.859274
3672,0.859274
3673,0.859274
3674,0.859274
3675,0.859274
3676,0.859274
3677,0.859274
3678,0.859274
3679,0.859274
3680,0.859274
3681,0.861335
3682,0.861335
3683,0.861335
3684,0.861335
3685,0.861335
3686,0.861335
3687,0.861335
3688,0.861335
3689,0.861335
3690,0.861335
3691,0.860967
3692,0.860967
3693,0.860967
3694,0.860967
3695,0.860967
3696,0.860967
3697,0.860967
3698,0.860967
3699,0.860967
3700,0.860967
3701,0.860595
3702,0.860595
3703,0.860595
3704,0.860595
3705,0.860595
3706,0.860595
3707,0.860595
3708,0.860595
3709,0.860595
3710,0.860595
3711,0.860485
3712,0.860485
3713,0.860485
3714,0.860485
3715,0.860485
3716,0.860485
3717,0.860485
3718,0.860485
3719,0.860485
3720,0.860485
3721,0.857687
3722,0.857687
3723,0.857687
3724,0.857687
3725,0.857687
3726,0.857687
3727,0.857687
3728,0.857687
3729,0.857687
3730,0.857687
3731,0.856672
3732,0.856672
3733,0.856672
3734,0.856672
3735,0.856672
3736,0.856672
3737,0.856672
3738,0.856672
3739,0.856672
3740,0.856672
3741,0.855779
3742,0.855779
3743,0.855779
3744,0.855779
3745,0.855779
3746,0.855779
3747,0.855779
3748,0.855779
3749,0.855779
3750,0.855779
3751,0.854254
3752,0.854254
3753,0.854254
3754,0.854254
3755,0.854254
3756,0.854254
3757,0.854254
3758,0.854254
3759,0.854254
3760,0.854254
3761,0.852581
3762,0.852581
3763,0.852581
3764,0.852581
3765,0.852581
3766,0.852581
3767,0.852581
3768,0.852581
3769,0.852581
3770,0.852581
3771,0.852009
3772,0.852009
3773,0.852009
3774,0.852009
3775,0.852009
3776,0.852009
3777,0.852009
3778,0.852009
3779,0.852009
3780,0.852009
3781,0.853094
3782,0.853094
3783,0.853094
3784,0.853094
3785,0.853094
3786,0.853094
3787,0.853094
3788,0.853094
3789,0.853094
3790,0.853094
3791,0.851762
3792,0.851762
3793,0.851762
3794,0.851762
3795,0.851762
3796,0.851762
3797,0.851762
3798,0.851762
3799,0.851762
3800,0.851762
3801,0.852115
3802,0.852115
3803,0.852115
3804,0.852115
3805,0.852115
3806,0.852115
3807,0.852115
3808,0.852115
3809,0.852115
3810,0.852115
3811,0.850896
3812,0.850896
3813,0.850896
3814,0.850896
3815,0.850896
3816,0.850896
3817,0.850896
3818,0.850896
3819,0.850896
3820,0.850896
3821,0.859991
3822,0.859991
3823,0.859991
3824,0.859991
3825,0.859991
3826,0.859991
3827,0.859991
3828,0.859991
3829,0.859991
3830,0.859991
3831,0.859639
3832,0.859639
3833,0.859639
3834,0.859639
3835,0.859639
3836,0.859639
3837,0.859639
3838,0.859639
3839,0.859639
3840,0.859639
3841,0.860712
3842,0.860712
3843,0.860712
3844,0.860712
3845,0.860712
3846,0.860712
3847,0.860712
3848,0.860712
3849,0.860712
3850,0.860712
3851,0.859721
3852,0.859721
3853,0.859721
3854,0.859721
3855,0.859721
3856,0.859721
3857,0.859721
3858,0.859721
3859,0.859721
3860,0.859721
3861,0.858847
3862,0.858847
3863,0.858847
3864,0.858847
3865,0.858847
3866,0.858847
3867,0.858847
3868,0.858847
3869,0.858847
3870,0.858847
3871,0.860269
3872,0.860269
3873,0.860269
3874,0.860269
3875,0.860269
3876,0.860269
3877,0.860269
3878,0.860269
3879,0.860269
3880,0.860269
3881,0.861817
3882,0.861817
3883,0.861817
3884,0.861817
3885,0.861817
3886,0.861817
3887,0.861817
3888,0.861817
3889,0.861817
3890,0.861817
3891,0.860269
3892,0.860269
3893,0.860269
3894,0.860269
3895,0.860269
3896,0.860269
3897,0.860269
3898,0.860269
3899,0.860269
3900,0.860269
3901,0.856907
3902,0.856907
3903,0.856907
3904,0.856907
3905,0.856907
3906,0.856907
3907,0.856907
3908,0.856907
3909,0.856907
3910,0.856907
3911,0.860101
3912,0.860101
3913,0.860101
3914,0.860101
3915,0.860101
3916,0.860101
3917,0.860101
3918,0.860101
3919,0.860101
3920,0.860101
3921,0.859717
3922,0.859717
3923,0.859717
3924,0.859717
3925,0.859717
3926,0.859717
3927,0.859717
3928,0.859717
3929,0.859717
3930,0.859717
3931,0.860081
3932,0.860081
3933,0.860081
3934,0.860081
3935,0.860081
3936,0.860081
3937,0.860081
3938,0.860081
3939,0.860081
3940,0.860081
3941,0.860254
3942,0.860254
3943,0.860254
3944,0.860254
3945,0.860254
3946,0.860254
3947,0.860254
3948,0.860254
3949,0.860254
3950,0.860254
3951,0.860677
3952,0.860677
3953,0.860677
3954,0.860677
3955,0.860677
3956,0.860677
3957,0.860677
3958,0.860677
3959,0.860677
3960,0.860677
3961,0.860505
3962,0.860505
3963,0.860505
3964,0.860505
3965,0.860505
3966,0.860505
3967,0.860505
3968,0.860505
3969,0.860505
3970,0.860505
3971,0.86159
3972,0.86159
3973,0.86159
3974,0.86159
3975,0.86159
3976,0.86159
3977,0.86159
3978,0.86159
3979,0.86159
3980,0.86159
3981,0.861418
3982,0.861418
3983,0.861418
3984,0.861418
3985,0.861418
3986,0.861418
3987,0.861418
3988,0.861418
3989,0.861418
3990,0.861418
3991,0.860638
3992,0.860638
3993,0.860638
3994,0.860638
3995,0.860638
3996,0.860638
3997,0.860638
3998,0.860638
3999,0.860638
4000,0.860638
4001,0.861167
4002,0.861167
4003,0.861167
4004,0.861167
4005,0.861167
4006,0.861167
4007,0.861167
4008,0.861167
4009,0.861167
4010,0.861167
4011,0.860791
4012,0.860791
4013,0.860791
4014,0.860791
4015,0.860791
4016,0.860791
4017,0.860791
4018,0.860791
4019,0.860791
4020,0.860791
4021,0.861347
4022,0.861347
4023,0.861347
4024,0.861347
4025,0.861347
4026,0.861347
4027,0.861347
4028,0.861347
4029,0.861347
4030,0.861347
4031,0.858142
4032,0.858142
4033,0.858142
4034,0.858142
4035,0.858142
4036,0.858142
4037,0.858142
4038,0.858142
4039,0.858142
4040,0.858142
4041,0.860254
4042,0.860254
4043,0.860254
4044,0.860254
4045,0.860254
4046,0.860254
4047,0.860254
4048,0.860254
4049,0.860254
4050,0.860254
4051,0.860712
4052,0.860712
4053,0.860712
4054,0.860712
4055,0.860712
4056,0.860712
4057,0.860712
4058,0.860712
4059,0.860712
4060,0.860712
4061,0.860136
4062,0.860136
4063,0.860136
4064,0.860136
4065,0.860136
4066,0.860136
4067,0.860136
4068,0.860136
4069,0.860136
4070,0.860136
4071,0.860689
4072,0.860689
4073,0.860689
4074,0.860689
4075,0.860689
4076,0.860689
4077,0.860689
4078,0.860689
4079,0.860689
4080,0.860689
4081,0.860109
4082,0.860109
4083,0.860109
4084,0.860109
4085,0.860109
4086,0.860109
4087,0.860109
4088,0.860109
4089,0.860109
4090,0.860109
4091,0.860313
4092,0.860313
4093,0.860313
4094,0.860313
4095,0.860313
4096,0.860313
4097,0.860313
4098,0.860313
4099,0.860313
4100,0.860313
4101,0.86161
4102,0.86161
4103,0.86161
4104,0.86161
4105,0.86161
4106,0.86161
4107,0.86161
4108,0.86161
4109,0.86161
4110,0.86161
4111,0.860113
4112,0.860113
4113,0.860113
4114,0.860113
4115,0.860113
4116,0.860113
4117,0.860113
4118,0.860113
4119,0.860113
4120,0.860113
4121,0.859658
4122,0.859658
4123,0.859658
4124,0.859658
4125,0.859658
4126,0.859658
4127,0.859658
4128,0.859658
4129,0.859658
4130,0.859658
4131,0.858843
4132,0.858843
4133,0.858843
4134,0.858843
4135,0.858843
4136,0.858843
4137,0.858843
4138,0.858843
4139,0.858843
4140,0.858843
4141,0.85802
4142,0.85802
4143,0.85802
4144,0.85802
4145,0.85802
4146,0.85802
4147,0.85802
4148,0.85802
4149,0.85802
4150,0.85802
4151,0.858028
4152,0.858028
4153,0.858028
4154,0.858028
4155,0.858028
4156,0.858028
4157,0.858028
4158,0.858028
4159,0.858028
4160,0.858028
4161,0.855395
4162,0.855395
4163,0.855395
4164,0.855395
4165,0.855395
4166,0.855395
4167,0.855395
4168,0.855395
4169,0.855395
4170,0.855395
4171,0.851053
4172,0.851053
4173,0.851053
4174,0.851053
4175,0.851053
4176,0.851053
4177,0.851053
4178,0.851053
4179,0.851053
4180,0.851053
4181,0.849125
4182,0.849125
4183,0.849125
4184,0.849125
4185,0.849125
4186,0.849125
4187,0.849125
4188,0.849125
4189,0.849125
4190,0.849125
4191,0.863475
4192,0.863475
4193,0.863475
4194,0.863475
4195,0.863475
4196,0.863475
4197,0.863475
4198,0.863475
4199,0.863475
4200,0.863475
4201,0.872641
4202,0.872641
4203,0.872641
4204,0.872641
4205,0.872641
4206,0.872641
4207,0.872641
4208,0.872641
4209,0.872641
4210,0.872641
4211,0.862346
4212,0.862346
4213,0.862346
4214,0.862346
4215,0.862346
4216,0.862346
4217,0.862346
4218,0.862346
4219,0.862346
4220,0.862346
4221,0.866692
4222,0.866692
4223,0.866692
4224,0.866692
4225,0.866692
4226,0.866692
4227,0.866692
4228,0.866692
4229,0.866692
4230,0.866692
4231,0.886784
4232,0.886784
4233,0.886784
4234,0.886784
4235,0.886784
4236,0.886784
4237,0.886784
4238,0.886784
4239,0.886784
4240,0.886784
4241,0.898795
4242,0.898795
4243,0.898795
4244,0.898795
4245,0.898795
4246,0.898795
4247,0.898795
4248,0.898795
4249,0.898795
4250,0.898795
4251,0.889715
4252,0.889715
4253,0.889715
4254,0.889715
4255,0.889715
4256,0.889715
4257,0.889715
4258,0.889715
4259,0.889715
4260,0.889715
4261,0.874663
4262,0.874663
4263,0.874663
4264,0.874663
4265,0.874663
4266,0.874663
4267,0.874663
4268,0.874663
4269,0.874663
4270,0.874663
4271,0.876748
4272,0.876748
4273,0.876748
4274,0.876748
4275,0.876748
4276,0.876748
4277,0.876748
4278,0.876748
4279,0.876748
4280,0.876748
4281,0.89131
4282,0.89131
4283,0.89131
4284,0.89131
4285,0.89131
4286,0.89131
4287,0.89131
4288,0.89131
4289,0.89131
4290,0.89131
4291,0.913506
4292,0.913506
4293,0.913506
4294,0.913506
4295,0.913506
4296,0.913506
4297,0.913506
4298,0.913506
4299,0.913506
4300,0.913506
4301,0.894543
4302,0.894543
4303,0.894543
4304,0.894543
4305,0.894543
4306,0.894543
4307,0.894543
4308,0.894543
4309,0.894543
4310,0.894543
4311,0.888477
4312,0.888477
4313,0.888477
4314,0.888477
4315,0.888477
4316,0.888477
4317,0.888477
4318,0.888477
4319,0.888477
4320,0.888477
4321,0.872273
4322,0.872273
4323,0.872273
4324,0.872273
4325,0.872273
4326,0.872273
4327,0.872273
4328,0.872273
4329,0.872273
4330,0.872273
4331,0.868083
4332,0.868083
4333,0.868083
4334,0.868083
4335,0.868083
4336,0.868083
4337,0.868083
4338,0.868083
4339,0.868083
4340,0.868083
4341,0.847961
4342,0.847961
4343,0.847961
4344,0.847961
4345,0.847961
4346,0.847961
4347,0.847961
4348,0.847961
4349,0.847961
4350,0.847961
4351,0.825063
4352,0.825063
4353,0.825063
4354,0.825063
4355,0.825063
4356,0.825063
4357,0.825063
4358,0.825063
4359,0.825063
4360,0.825063
4361,0.824762
4362,0.824762
4363,0.824762
4364,0.824762
4365,0.824762
4366,0.824762
4367,0.824762
4368,0.824762
4369,0.824762
4370,0.824762
4371,0.84662
4372,0.84662
4373,0.84662
4374,0.84662
4375,0.84662
4376,0.84662
4377,0.84662
4378,0.84662
4379,0.84662
4380,0.84662
4381,0.858134
4382,0.858134
4383,0.858134
4384,0.858134
4385,0.858134
4386,0.858134
4387,0.858134
4388,0.858134
4389,0.858134
4390,0.858134
4391,0.865885
4392,0.865885
4393,0.865885
4394,0.865885
4395,0.865885
4396,0.865885
4397,0.865885
4398,0.865885
4399,0.865885
4400,0.865885
4401,0.853161
4402,0.853161
4403,0.853161
4404,0.853161
4405,0.853161
4406,0.853161
4407,0.853161
4408,0.853161
4409,0.853161
4410,0.853161
4411,0.78262
4412,0.78262
4413,0.78262
4414,0.78262
4415,0.78262
4416,0.78262
4417,0.78262
4418,0.78262
4419,0.78262
4420,0.78262
4421,0.837282
4422,0.837282
4423,0.837282
4424,0.837282
4425,0.837282
4426,0.837282
4427,0.837282
4428,0.837282
4429,0.837282
4430,0.837282
4431,0.832345
4432,0.832345
4433,0.832345
4434,0.832345
4435,0.832345
4436,0.832345
4437,0.832345
4438,0.832345
4439,0.832345
4440,0.832345
4441,0.806136
4442,0.806136
4443,0.806136
4444,0.806136
4445,0.806136
4446,0.806136
4447,0.806136
4448,0.806136
4449,0.806136
4450,0.806136
4451,0.787087
4452,0.787087
4453,0.787087
4454,0.787087
4455,0.787087
4456,0.787087
4457,0.787087
4458,0.787087
4459,0.787087
4460,0.787087
4461,0.73273
4462,0.73273
4463,0.73273
4464,0.73273
4465,0.73273
4466,0.73273
4467,0.73273
4468,0.73273
4469,0.73273
4470,0.73273
4471,0.732832
4472,0.732832
4473,0.732832
4474,0.732832
4475,0.732832
4476,0.732832
4477,0.732832
4478,0.732832
4479,0.732832
4480,0.732832
4481,0.736484
4482,0.736484
4483,0.736484
4484,0.736484
4485,0.736484
4486,0.736484
4487,0.736484
4488,0.736484
4489,0.736484
4490,0.736484
4491,0.742672
4492,0.742672
4493,0.742672
4494,0.742672
4495,0.742672
4496,0.742672
4497,0.742672
4498,0.742672
4499,0.742672
4500,0.742672
4501,0.78175
4502,0.78175
4503,0.78175
4504,0.78175
4505,0.78175
4506,0.78175
4507,0.78175
4508,0.78175
4509,0.78175
4510,0.78175
4511,0.860081
4512,0.860081
4513,0.860081
4514,0.860081
4515,0.860081
4516,0.860081
4517,0.860081
4518,0.860081
4519,0.860081
4520,0.860081
4521,0.904688
4522,0.904688
4523,0.904688
4524,0.904688
4525,0.904688
4526,0.904688
4527,0.904688
4528,0.904688
4529,0.904688
4530,0.904688
4531,0.900648
4532,0.900648
4533,0.900648
4534,0.900648
4535,0.900648
4536,0.900648
4537,0.900648
4538,0.900648
4539,0.900648
4540,0.900648
4541,0.898755
4542,0.898755
4543,0.898755
4544,0.898755
4545,0.898755
4546,0.898755
4547,0.898755
4548,0.898755
4549,0.898755
4550,0.898755
4551,0.881145
4552,0.881145
4553,0.881145
4554,0.881145
4555,0.881145
4556,0.881145
4557,0.881145
4558,0.881145
4559,0.881145
4560,0.881145
4561,0.843576
4562,0.843576
4563,0.843576
4564,0.843576
4565,0.843576
4566,0.843576
4567,0.843576
4568,0.843576
4569,0.843576
4570,0.843576
4571,0.848576
4572,0.848576
4573,0.848576
4574,0.848576
4575,0.848576
4576,0.848576
4577,0.848576
4578,0.848576
4579,0.848576
4580,0.848576
4581,0.818386
4582,0.818386
4583,0.818386
4584,0.818386
4585,0.818386
4586,0.818386
4587,0.818386
4588,0.818386
4589,0.818386
4590,0.818386
4591,0.812559
4592,0.812559
4593,0.812559
4594,0.812559
4595,0.812559
4596,0.812559
4597,0.812559
4598,0.812559
4599,0.812559
4600,0.812559
4601,0.839308
4602,0.839308
4603,0.839308
4604,0.839308
4605,0.839308
4606,0.839308
4607,0.839308
4608,0.839308
4609,0.839308
4610,0.839308
4611,0.81453
4612,0.81453
4613,0.81453
4614,0.81453
4615,0.81453
4616,0.81453
4617,0.81453
4618,0.81453
4619,0.81453
4620,0.81453
4621,0.83265
4622,0.83265
4623,0.83265
4624,0.83265
4625,0.83265
4626,0.83265
4627,0.83265
4628,0.83265
4629,0.83265
4630,0.83265
4631,0.79262
4632,0.79262
4633,0.79262
4634,0.79262
4635,0.79262
4636,0.79262
4637,0.79262
4638,0.79262
4639,0.79262
4640,0.79262
4641,0.779312
4642,0.779312
4643,0.779312
4644,0.779312
4645,0.779312
4646,0.779312
4647,0.779312
4648,0.779312
4649,0.779312
4650,0.779312
4651,0.805297
4652,0.805297
4653,0.805297
4654,0.805297
4655,0.805297
4656,0.805297
4657,0.805297
4658,0.805297
4659,0.805297
4660,0.805297
4661,0.836589
4662,0.836589
4663,0.836589
4664,0.836589
4665,0.836589
4666,0.836589
4667,0.836589
4668,0.836589
4669,0.836589
4670,0.836589
4671,0.836737
4672,0.836737
4673,0.836737
4674,0.836737
4675,0.836737
4676,0.836737
4677,0.836737
4678,0.836737
4679,0.836737
4680,0.836737
4681,0.763931
4682,0.763931
4683,0.763931
4684,0.763931
4685,0.763931
4686,0.763931
4687,0.763931
4688,0.763931
4689,0.763931
4690,0.763931
4691,0.685004
4692,0.685004
4693,0.685004
4694,0.685004
4695,0.685004
4696,0.685004
4697,0.685004
4698,0.685004
4699,0.685004
4700,0.685004
4701,0.691109
4702,0.691109
4703,0.691109
4704,0.691109
4705,0.691109
4706,0.691109
4707,0.691109
4708,0.691109
4709,0.691109
4710,0.691109
4711,0.741492
4712,0.741492
4713,0.741492
4714,0.741492
4715,0.741492
4716,0.741492
4717,0.741492
4718,0.741492
4719,0.741492
4720,0.741492
4721,0.814499
4722,0.814499
4723,0.814499
4724,0.814499
4725,0.814499
4726,0.814499
4727,0.814499
4728,0.814499
4729,0.814499
4730,0.814499
4731,0.82522
4732,0.82522
4733,0.82522
4734,0.82522
4735,0.82522
4736,0.82522
4737,0.82522
4738,0.82522
4739,0.82522
4740,0.82522
4741,0.859388
4742,0.859388
4743,0.859388
4744,0.859388
4745,0.859388
4746,0.859388
4747,0.859388
4748,0.859388
4749,0.859388
4750,0.859388
4751,0.718901
4752,0.718901
4753,0.718901
4754,0.718901
4755,0.718901
4756,0.718901
4757,0.718901
4758,0.718901
4759,0.718901
4760,0.718901
4761,0.457548
4762,0.457548
4763,0.457548
4764,0.457548
4765,0.457548
4766,0.457548
4767,0.457548
4768,0.457548
4769,0.457548
4770,0.457548
4771,0.343744
4772,0.343744
4773,0.343744
4774,0.343744
4775,0.343744
4776,0.343744
4777,0.343744
4778,0.343744
4779,0.343744
4780,0.343744
4781,0.29851
4782,0.29851
4783,0.29851
4784,0.29851
4785,0.29851
4786,0.29851
4787,0.29851
4788,0.29851
4789,0.29851
4790,0.29851
4791,0.236947
4792,0.236947
4793,0.236947
4794,0.236947
4795,0.236947
4796,0.236947
4797,0.236947
4798,0.236947
4799,0.236947
4800,0.236947
4801,0.188256
4802,0.188256
4803,0.188256
4804,0.188256
4805,0.188256
4806,0.188256
4807,0.188256
4808,0.188256
4809,0.188256
4810,0.188256
4811,0.184596
4812,0.184596
4813,0.184596
4814,0.184596
4815,0.184596
4816,0.184596
4817,0.184596
4818,0.184596
4819,0.184596
4820,0.184596
4821,0.157153
4822,0.157153
4823,0.157153
4824,0.157153
4825,0.157153
4826,0.157153
4827,0.157153
4828,0.157153
4829,0.157153
4830,0.157153
4831,0.157663
4832,0.157663
4833,0.157663
4834,0.157663
4835,0.157663
4836,0.157663
4837,0.157663
4838,0.157663
4839,0.157663
4840,0.157663
4841,0.156228
4842,0.156228
4843,0.156228
4844,0.156228
4845,0.156228
4846,0.156228
4847,0.156228
4848,0.156228
4849,0.156228
4850,0.156228
4851,0.155985
4852,0.155985
4853,0.155985
4854,0.155985
4855,0.155985
4856,0.155985
4857,0.155985
4858,0.155985
4859,0.155985
4860,0.155985
4861,0.156577
4862,0.156577
4863,0.156577
4864,0.156577
4865,0.156577
4866,0.156577
4867,0.156577
4868,0.156577
4869,0.156577
4870,0.156577
4871,0.156228
4872,0.156228
4873,0.156228
4874,0.156228
4875,0.156228
4876,0.156228
4877,0.156228
4878,0.156228
4879,0.156228
4880,0.156228
4881,0.155684
4882,0.155684
4883,0.155684
4884,0.155684
4885,0.155684
4886,0.155684
4887,0.155684
4888,0.155684
4889,0.155684
4890,0.155684
4891,0.153873
4892,0.153873
4893,0.153873
4894,0.153873
4895,0.153873
4896,0.153873
4897,0.153873
4898,0.153873
4899,0.153873
4900,0.153873
4901,0.153203
4902,0.153203
4903,0.153203
4904,0.153203
4905,0.153203
4906,0.153203
4907,0.153203
4908,0.153203
4909,0.153203
4910,0.153203
4911,0.154155
4912,0.154155
4913,0.154155
4914,0.154155
4915,0.154155
4916,0.154155
4917,0.154155
4918,0.154155
4919,0.154155
4920,0.154155
4921,0.198037
4922,0.198037
4923,0.198037
4924,0.198037
4925,0.198037
4926,0.198037
4927,0.198037
4928,0.198037
4929,0.198037
4930,0.198037
4931,0.267693
4932,0.267693
4933,0.267693
4934,0.267693
4935,0.267693
4936,0.267693
4937,0.267693
4938,0.267693
4939,0.267693
4940,0.267693
4941,0.431947
4942,0.431947
4943,0.431947
4944,0.431947
4945,0.431947
4946,0.431947
4947,0.431947
4948,0.431947
4949,0.431947
4950,0.431947
4951,0.466405
4952,0.466405
4953,0.466405
4954,0.466405
4955,0.466405
4956,0.466405
4957,0.466405
4958,0.466405
4959,0.466405
4960,0.466405
4961,0.340468
4962,0.340468
4963,0.340468
4964,0.340468
4965,0.340468
4966,0.340468
4967,0.340468
4968,0.340468
4969,0.340468
4970,0.340468
4971,0.251172
4972,0.251172
4973,0.251172
4974,0.251172
4975,0.251172
4976,0.251172
4977,0.251172
4978,0.251172
4979,0.251172
4980,0.251172
4981,0.318441
4982,0.318441
4983,0.318441
4984,0.318441
4985,0.318441
4986,0.318441
4987,0.318441
4988,0.318441
4989,0.318441
4990,0.318441
4991,0.286315
4992,0.286315
4993,0.286315
4994,0.286315
4995,0.286315
4996,0.286315
4997,0.286315
4998,0.286315
4999,0.286315
5000,0.286315
5001,0.245051
5002,0.245051
5003,0.245051
5004,0.245051
5005,0.245051
5006,0.245051
5007,0.245051
5008,0.245051
5009,0.245051
5010,0.245051
5011,0.232464
5012,0.232464
5013,0.232464
5014,0.232464
5015,0.232464
5016,0.232464
5017,0.232464
5018,0.232464
5019,0.232464
5020,0.232464
5021,0.200573
5022,0.200573
5023,0.200573
5024,0.200573
5025,0.200573
5026,0.200573
5027,0.200573
5028,0.200573
5029,0.200573
5030,0.200573
5031,0.204931
5032,0.204931
5033,0.204931
5034,0.204931
5035,0.204931
5036,0.204931
5037,0.204931
5038,0.204931
5039,0.204931
5040,0.204931
5041,0.177225
5042,0.177225
5043,0.177225
5044,0.177225
5045,0.177225
5046,0.177225
5047,0.177225
5048,0.177225
5049,0.177225
5050,0.177225
5051,0.192085
5052,0.192085
5053,0.192085
5054,0.192085
5055,0.192085
5056,0.192085
5057,0.192085
5058,0.192085
5059,0.192085
5060,0.192085
5061,0.287714
5062,0.287714
5063,0.287714
5064,0.287714
5065,0.287714
5066,0.287714
5067,0.287714
5068,0.287714
5069,0.287714
5070,0.287714
5071,0.426234
5072,0.426234
5073,0.426234
5074,0.426234
5075,0.426234
5076,0.426234
5077,0.426234
5078,0.426234
5079,0.426234
5080,0.426234
5081,0.548592
5082,0.548592
5083,0.548592
5084,0.548592
5085,0.548592
5086,0.548592
5087,0.548592
5088,0.548592
5089,0.548592
5090,0.548592
5091,0.460037
5092,0.460037
5093,0.460037
5094,0.460037
5095,0.460037
5096,0.460037
5097,0.460037
5098,0.460037
5099,0.460037
5100,0.460037
5101,0.296982
5102,0.296982
5103,0.296982
5104,0.296982
5105,0.296982
5106,0.296982
5107,0.296982
5108,0.296982
5109,0.296982
5110,0.296982
5111,0.19292
5112,0.19292
5113,0.19292
5114,0.19292
5115,0.19292
5116,0.19292
5117,0.19292
5118,0.19292
5119,0.19292
5120,0.19292
5121,0.203418
5122,0.203418
5123,0.203418
5124,0.203418
5125,0.203418
5126,0.203418
5127,0.203418
5128,0.203418
5129,0.203418
5130,0.203418
5131,0.132387
5132,0.132387
5133,0.132387
5134,0.132387
5135,0.132387
5136,0.132387
5137,0.132387
5138,0.132387
5139,0.132387
5140,0.132387
5141,0.131717
5142,0.131717
5143,0.131717
5144,0.131717
5145,0.131717
5146,0.131717
5147,0.131717
5148,0.131717
5149,0.131717
5150,0.131717
5151,0.132175
5152,0.132175
5153,0.132175
5154,0.132175
5155,0.132175
5156,0.132175
5157,0.132175
5158,0.132175
5159,0.132175
5160,0.132175
5161,0.132414
5162,0.132414
5163,0.132414
5164,0.132414
5165,0.132414
5166,0.132414
5167,0.132414
5168,0.132414
5169,0.132414
5170,0.132414
5171,0.132896
5172,0.132896
5173,0.132896
5174,0.132896
5175,0.132896
5176,0.132896
5177,0.132896
5178,0.132896
5179,0.132896
5180,0.132896
5181,0.133159
5182,0.133159
5183,0.133159
5184,0.133159
5185,0.133159
5186,0.133159
5187,0.133159
5188,0.133159
5189,0.133159
5190,0.133159
5191,0.132457
5192,0.132457
5193,0.132457
5194,0.132457
5195,0.132457
5196,0.132457
5197,0.132457
5198,0.132457
5199,0.132457
5200,0.132457
5201,0.132806
5202,0.132806
5203,0.132806
5204,0.132806
5205,0.132806
5206,0.132806
5207,0.132806
5208,0.132806
5209,0.132806
5210,0.132806
5211,0.133022
5212,0.133022
5213,0.133022
5214,0.133022
5215,0.133022
5216,0.133022
5217,0.133022
5218,0.133022
5219,0.133022
5220,0.133022
5221,0.132183
5222,0.132183
5223,0.132183
5224,0.132183
5225,0.132183
5226,0.132183
5227,0.132183
5228,0.132183
5229,0.132183
5230,0.132183
5231,0.132857
5232,0.132857
5233,0.132857
5234,0.132857
5235,0.132857
5236,0.132857
5237,0.132857
5238,0.132857
5239,0.132857
5240,0.132857
5241,0.132861
5242,0.132861
5243,0.132861
5244,0.132861
5245,0.132861
5246,0.132861
5247,0.132861
5248,0.132861
5249,0.132861
5250,0.132861
5251,0.130784
5252,0.130784
5253,0.130784
5254,0.130784
5255,0.130784
5256,0.130784
5257,0.130784
5258,0.130784
5259,0.130784
5260,0.130784
5261,0.160053
5262,0.160053
5263,0.160053
5264,0.160053
5265,0.160053
5266,0.160053
5267,0.160053
5268,0.160053
5269,0.160053
5270,0.160053
5271,0.257073
5272,0.257073
5273,0.257073
5274,0.257073
5275,0.257073
5276,0.257073
5277,0.257073
5278,0.257073
5279,0.257073
5280,0.257073
5281,0.308734
5282,0.308734
5283,0.308734
5284,0.308734
5285,0.308734
5286,0.308734
5287,0.308734
5288,0.308734
5289,0.308734
5290,0.308734
5291,0.30074
5292,0.30074
5293,0.30074
5294,0.30074
5295,0.30074
5296,0.30074
5297,0.30074
5298,0.30074
5299,0.30074
5300,0.30074
5301,0.397302
5302,0.397302
5303,0.397302
5304,0.397302
5305,0.397302
5306,0.397302
5307,0.397302
5308,0.397302
5309,0.397302
5310,0.397302
5311,0.539458
5312,0.539458
5313,0.539458
5314,0.539458
5315,0.539458
5316,0.539458
5317,0.539458
5318,0.539458
5319,0.539458
5320,0.539458
5321,0.616794
5322,0.616794
5323,0.616794
5324,0.616794
5325,0.616794
5326,0.616794
5327,0.616794
5328,0.616794
5329,0.616794
5330,0.616794
5331,0.606762
5332,0.606762
5333,0.606762
5334,0.606762
5335,0.606762
5336,0.606762
5337,0.606762
5338,0.606762
5339,0.606762
5340,0.606762
5341,0.572226
5342,0.572226
5343,0.572226
5344,0.572226
5345,0.572226
5346,0.572226
5347,0.572226
5348,0.572226
5349,0.572226
5350,0.572226
5351,0.553597
5352,0.553597
5353,0.553597
5354,0.553597
5355,0.553597
5356,0.553597
5357,0.553597
5358,0.553597
5359,0.553597
5360,0.553597
5361,0.576071
5362,0.576071
5363,0.576071
5364,0.576071
5365,0.576071
5366,0.576071
5367,0.576071
5368,0.576071
5369,0.576071
5370,0.576071
5371,0.493934
5372,0.493934
5373,0.493934
5374,0.493934
5375,0.493934
5376,0.493934
5377,0.493934
5378,0.493934
5379,0.493934
5380,0.493934
5381,0.486273
5382,0.486273
5383,0.486273
5384,0.486273
5385,0.486273
5386,0.486273
5387,0.486273
5388,0.486273
5389,0.486273
5390,0.486273
5391,0.446729
5392,0.446729
5393,0.446729
5394,0.446729
5395,0.446729
5396,0.446729
5397,0.446729
5398,0.446729
5399,0.446729
5400,0.446729
5401,0.460421
5402,0.460421
5403,0.460421
5404,0.460421
5405,0.460421
5406,0.460421
5407,0.460421
5408,0.460421
5409,0.460421
5410,0.460421
5411,0.492229
5412,0.492229
5413,0.492229
5414,0.492229
5415,0.492229
5416,0.492229
5417,0.492229
5418,0.492229
5419,0.492229
5420,0.492229
5421,0.505522
5422,0.505522
5423,0.505522
5424,0.505522
5425,0.505522
5426,0.505522
5427,0.505522
5428,0.505522
5429,0.505522
5430,0.505522
5431,0.541147
5432,0.541147
5433,0.541147
5434,0.541147
5435,0.541147
5436,0.541147
5437,0.541147
5438,0.541147
5439,0.541147
5440,0.541147
5441,0.557805
5442,0.557805
5443,0.557805
5444,0.557805
5445,0.557805
5446,0.557805
5447,0.557805
5448,0.557805
5449,0.557805
5450,0.557805
5451,0.58274
5452,0.58274
5453,0.58274
5454,0.58274
5455,0.58274
5456,0.58274
5457,0.58274
5458,0.58274
5459,0.58274
5460,0.58274
5461,0.595625
5462,0.595625
5463,0.595625
5464,0.595625
5465,0.595625
5466,0.595625
5467,0.595625
5468,0.595625
5469,0.595625
5470,0.595625
5471,0.639856
5472,0.639856
5473,0.639856
5474,0.639856
5475,0.639856
5476,0.639856
5477,0.639856
5478,0.639856
5479,0.639856
5480,0.639856
5481,0.645189
5482,0.645189
5483,0.645189
5484,0.645189
5485,0.645189
5486,0.645189
5487,0.645189
5488,0.645189
5489,0.645189
5490,0.645189
5491,0.650695
5492,0.650695
5493,0.650695
5494,0.650695
5495,0.650695
5496,0.650695
5497,0.650695
5498,0.650695
5499,0.650695
5500,0.650695
5501,0.709649
5502,0.709649
5503,0.709649
5504,0.709649
5505,0.709649
5506,0.709649
5507,0.709649
5508,0.709649
5509,0.709649
5510,0.709649
5511,0.782612
5512,0.782612
5513,0.782612
5514,0.782612
5515,0.782612
5516,0.782612
5517,0.782612
5518,0.782612
5519,0.782612
5520,0.782612
5521,0.824433
5522,0.824433
5523,0.824433
5524,0.824433
5525,0.824433
5526,0.824433
5527,0.824433
5528,0.824433
5529,0.824433
5530,0.824433
5531,0.825318
5532,0.825318
5533,0.825318
5534,0.825318
5535,0.825318
5536,0.825318
5537,0.825318
5538,0.825318
5539,0.825318
5540,0.825318
5541,0.82464
5542,0.82464
5543,0.82464
5544,0.82464
5545,0.82464
5546,0.82464
5547,0.82464
5548,0.82464
5549,0.82464
5550,0.82464
5551,0.831925
5552,0.831925
5553,0.831925
5554,0.831925
5555,0.831925
5556,0.831925
5557,0.831925
5558,0.831925
5559,0.831925
5560,0.831925
5561,0.83042
5562,0.83042
5563,0.83042
5564,0.83042
5565,0.83042
5566,0.83042
5567,0.83042
5568,0.83042
5569,0.83042
5570,0.83042
5571,0.823449
5572,0.823449
5573,0.823449
5574,0.823449
5575,0.823449
5576,0.823449
5577,0.823449
5578,0.823449
5579,0.823449
5580,0.823449
5581,0.816164
5582,0.816164
5583,0.816164
5584,0.816164
5585,0.816164
5586,0.816164
5587,0.816164
5588,0.816164
5589,0.816164
5590,0.816164
5591,0.821176
5592,0.821176
5593,0.821176
5594,0.821176
5595,0.821176
5596,0.821176
5597,0.821176
5598,0.821176
5599,0.821176
5600,0.821176
5601,0.821948
5602,0.821948
5603,0.821948
5604,0.821948
5605,0.821948
5606,0.821948
5607,0.821948
5608,0.821948
5609,0.821948
5610,0.821948
5611,0.819189
5612,0.819189
5613,0.819189
5614,0.819189
5615,0.819189
5616,0.819189
5617,0.819189
5618,0.819189
5619,0.819189
5620,0.819189
5621,0.811187
5622,0.811187
5623,0.811187
5624,0.811187
5625,0.811187
5626,0.811187
5627,0.811187
5628,0.811187
5629,0.811187
5630,0.811187
5631,0.808997
5632,0.808997
5633,0.808997
5634,0.808997
5635,0.808997
5636,0.808997
5637,0.808997
5638,0.808997
5639,0.808997
5640,0.808997
5641,0.811528
5642,0.811528
5643,0.811528
5644,0.811528
5645,0.811528
5646,0.811528
5647,0.811528
5648,0.811528
5649,0.811528
5650,0.811528
5651,0.815361
5652,0.815361
5653,0.815361
5654,0.815361
5655,0.815361
5656,0.815361
5657,0.815361
5658,0.815361
5659,0.815361
5660,0.815361
5661,0.807723
5662,0.807723
5663,0.807723
5664,0.807723
5665,0.807723
5666,0.807723
5667,0.807723
5668,0.807723
5669,0.807723
5670,0.807723
5671,0.804655
5672,0.804655
5673,0.804655
5674,0.804655
5675,0.804655
5676,0.804655
5677,0.804655
5678,0.804655
5679,0.804655
5680,0.804655
5681,0.806355
5682,0.806355
5683,0.806355
5684,0.806355
5685,0.806355
5686,0.806355
5687,0.806355
5688,0.806355
5689,0.806355
5690,0.806355
5691,0.805325
5692,0.805325
5693,0.805325
5694,0.805325
5695,0.805325
5696,0.805325
5697,0.805325
5698,0.805325
5699,0.805325
5700,0.805325
5701,0.808287
5702,0.808287
5703,0.808287
5704,0.808287
5705,0.808287
5706,0.808287
5707,0.808287
5708,0.808287
5709,0.808287
5710,0.808287
5711,0.806214
5712,0.806214
5713,0.806214
5714,0.806214
5715,0.806214
5716,0.806214
5717,0.806214
5718,0.806214
5719,0.806214
5720,0.806214
5721,0.809036
5722,0.809036
