framenum,queue density
1,0.260933
2,0.260933
3,0.260933
4,0.260933
5,0.260933
6,0.260933
7,0.246356
8,0.246356
9,0.246356
10,0.246356
11,0.246356
12,0.246356
13,0.283842
14,0.283842
15,0.283842
16,0.283842
17,0.283842
18,0.283842
19,0.317391
20,0.317391
21,0.317391
22,0.317391
23,0.317391
24,0.317391
25,0.330942
26,0.330942
27,0.330942
28,0.330942
29,0.330942
30,0.330942
31,0.322238
32,0.322238
33,0.322238
34,0.322238
35,0.322238
36,0.322238
37,0.322301
38,0.322301
39,0.322301
40,0.322301
41,0.322301
42,0.322301
43,0.323273
44,0.323273
45,0.323273
46,0.323273
47,0.323273
48,0.323273
49,0.306026
50,0.306026
51,0.306026
52,0.306026
53,0.306026
54,0.306026
55,0.299972
56,0.299972
57,0.299972
58,0.299972
59,0.299972
60,0.299972
61,0.299427
62,0.299427
63,0.299427
64,0.299427
65,0.299427
66,0.299427
67,0.296845
68,0.296845
69,0.296845
70,0.296845
71,0.296845
72,0.296845
73,0.294309
74,0.294309
75,0.294309
76,0.294309
77,0.294309
78,0.294309
79,0.296073
80,0.296073
81,0.296073
82,0.296073
83,0.296073
84,0.296073
85,0.30978
86,0.30978
87,0.30978
88,0.30978
89,0.30978
90,0.30978
91,0.344955
92,0.344955
93,0.344955
94,0.344955
95,0.344955
96,0.344955
97,0.379926
98,0.379926
99,0.379926
100,0.379926
101,0.379926
102,0.379926
103,0.407894
104,0.407894
105,0.407894
106,0.407894
107,0.407894
108,0.407894
109,0.40769
110,0.40769
111,0.40769
112,0.40769
113,0.40769
114,0.40769
115,0.398846
116,0.398846
117,0.398846
118,0.398846
119,0.398846
120,0.398846
121,0.386611
122,0.386611
123,0.386611
124,0.386611
125,0.386611
126,0.386611
127,0.410574
128,0.410574
129,0.410574
130,0.410574
131,0.410574
132,0.410574
133,0.426461
134,0.426461
135,0.426461
136,0.426461
137,0.426461
138,0.426461
139,0.433989
140,0.433989
141,0.433989
142,0.433989
143,0.433989
144,0.433989
145,0.419874
146,0.419874
147,0.419874
148,0.419874
149,0.419874
150,0.419874
151,0.414305
152,0.414305
153,0.414305
154,0.414305
155,0.414305
156,0.414305
157,0.397603
158,0.397603
159,0.397603
160,0.397603
161,0.397603
162,0.397603
163,0.385624
164,0.385624
165,0.385624
166,0.385624
167,0.385624
168,0.385624
169,0.377292
170,0.377292
171,0.377292
172,0.377292
173,0.377292
174,0.377292
175,0.364705
176,0.364705
177,0.364705
178,0.364705
179,0.364705
180,0.364705
181,0.362002
182,0.362002
183,0.362002
184,0.362002
185,0.362002
186,0.362002
187,0.358365
188,0.358365
189,0.358365
190,0.358365
191,0.358365
192,0.358365
193,0.354458
194,0.354458
195,0.354458
196,0.354458
197,0.354458
198,0.354458
199,0.350159
200,0.350159
201,0.350159
202,0.350159
203,0.350159
204,0.350159
205,0.349567
206,0.349567
207,0.349567
208,0.349567
209,0.349567
210,0.349567
211,0.349818
212,0.349818
213,0.349818
214,0.349818
215,0.349818
216,0.349818
217,0.349583
218,0.349583
219,0.349583
220,0.349583
221,0.349583
222,0.349583
223,0.350598
224,0.350598
225,0.350598
226,0.350598
227,0.350598
228,0.350598
229,0.349947
230,0.349947
231,0.349947
232,0.349947
233,0.349947
234,0.349947
235,0.349947
236,0.349947
237,0.349947
238,0.349947
239,0.349947
240,0.349947
241,0.347702
242,0.347702
243,0.347702
244,0.347702
245,0.347702
246,0.347702
247,0.34751
248,0.34751
249,0.34751
250,0.34751
251,0.34751
252,0.34751
253,0.349148
254,0.349148
255,0.349148
256,0.349148
257,0.349148
258,0.349148
259,0.349501
260,0.349501
261,0.349501
262,0.349501
263,0.349501
264,0.349501
265,0.34778
266,0.34778
267,0.34778
268,0.34778
269,0.34778
270,0.34778
271,0.342302
272,0.342302
273,0.342302
274,0.342302
275,0.342302
276,0.342302
277,0.340903
278,0.340903
279,0.340903
280,0.340903
281,0.340903
282,0.340903
283,0.343446
284,0.343446
285,0.343446
286,0.343446
287,0.343446
288,0.343446
289,0.34664
290,0.34664
291,0.34664
292,0.34664
293,0.34664
294,0.34664
295,0.339849
296,0.339849
297,0.339849
298,0.339849
299,0.339849
300,0.339849
301,0.336232
302,0.336232
303,0.336232
304,0.336232
305,0.336232
306,0.336232
307,0.336628
308,0.336628
309,0.336628
310,0.336628
311,0.336628
312,0.336628
313,0.336843
314,0.336843
315,0.336843
316,0.336843
317,0.336843
318,0.336843
319,0.337458
320,0.337458
321,0.337458
322,0.337458
323,0.337458
324,0.337458
325,0.341177
326,0.341177
327,0.341177
328,0.341177
329,0.341177
330,0.341177
331,0.34171
332,0.34171
333,0.34171
334,0.34171
335,0.34171
336,0.34171
337,0.342666
338,0.342666
339,0.342666
340,0.342666
341,0.342666
342,0.342666
343,0.345359
344,0.345359
345,0.345359
346,0.345359
347,0.345359
348,0.345359
349,0.359686
350,0.359686
351,0.359686
352,0.359686
353,0.359686
354,0.359686
355,0.369647
356,0.369647
357,0.369647
358,0.369647
359,0.369647
360,0.369647
361,0.377406
362,0.377406
363,0.377406
364,0.377406
365,0.377406
366,0.377406
367,0.37714
368,0.37714
369,0.37714
370,0.37714
371,0.37714
372,0.37714
373,0.368573
374,0.368573
375,0.368573
376,0.368573
377,0.368573
378,0.368573
379,0.363973
380,0.363973
381,0.363973
382,0.363973
383,0.363973
384,0.363973
385,0.361284
386,0.361284
387,0.361284
388,0.361284
389,0.361284
390,0.361284
391,0.37259
392,0.37259
393,0.37259
394,0.37259
395,0.37259
396,0.37259
397,0.38428
398,0.38428
399,0.38428
400,0.38428
401,0.38428
402,0.38428
403,0.394903
404,0.394903
405,0.394903
406,0.394903
407,0.394903
408,0.394903
409,0.406264
410,0.406264
411,0.406264
412,0.406264
413,0.406264
414,0.406264
415,0.422883
416,0.422883
417,0.422883
418,0.422883
419,0.422883
420,0.422883
421,0.437966
422,0.437966
423,0.437966
424,0.437966
425,0.437966
426,0.437966
427,0.461569
428,0.461569
429,0.461569
430,0.461569
431,0.461569
432,0.461569
433,0.489972
434,0.489972
435,0.489972
436,0.489972
437,0.489972
438,0.489972
439,0.514734
440,0.514734
441,0.514734
442,0.514734
443,0.514734
444,0.514734
445,0.538541
446,0.538541
447,0.538541
448,0.538541
449,0.538541
450,0.538541
451,0.552143
452,0.552143
453,0.552143
454,0.552143
455,0.552143
456,0.552143
457,0.560991
458,0.560991
459,0.560991
460,0.560991
461,0.560991
462,0.560991
463,0.572842
464,0.572842
465,0.572842
466,0.572842
467,0.572842
468,0.572842
469,0.58122
470,0.58122
471,0.58122
472,0.58122
473,0.58122
474,0.58122
475,0.5976
476,0.5976
477,0.5976
478,0.5976
479,0.5976
480,0.5976
481,0.602342
482,0.602342
483,0.602342
484,0.602342
485,0.602342
486,0.602342
487,0.60215
488,0.60215
489,0.60215
490,0.60215
491,0.60215
492,0.60215
493,0.6034
494,0.6034
495,0.6034
496,0.6034
497,0.6034
498,0.6034
499,0.603271
500,0.603271
501,0.603271
502,0.603271
503,0.603271
504,0.603271
505,0.602781
506,0.602781
507,0.602781
508,0.602781
509,0.602781
510,0.602781
511,0.599708
512,0.599708
513,0.599708
514,0.599708
515,0.599708
516,0.599708
517,0.614408
518,0.614408
519,0.614408
520,0.614408
521,0.614408
522,0.614408
523,0.656808
524,0.656808
525,0.656808
526,0.656808
527,0.656808
528,0.656808
529,0.682782
530,0.682782
531,0.682782
532,0.682782
533,0.682782
534,0.682782
535,0.691344
536,0.691344
537,0.691344
538,0.691344
539,0.691344
540,0.691344
541,0.693531
542,0.693531
543,0.693531
544,0.693531
545,0.693531
546,0.693531
547,0.708716
548,0.708716
549,0.708716
550,0.708716
551,0.708716
552,0.708716
553,0.70591
554,0.70591
555,0.70591
556,0.70591
557,0.70591
558,0.70591
559,0.699895
560,0.699895
561,0.699895
562,0.699895
563,0.699895
564,0.699895
565,0.700232
566,0.700232
567,0.700232
568,0.700232
569,0.700232
570,0.700232
571,0.69558
572,0.69558
573,0.69558
574,0.69558
575,0.69558
576,0.69558
577,0.694256
578,0.694256
579,0.694256
580,0.694256
581,0.694256
582,0.694256
583,0.692387
584,0.692387
585,0.692387
586,0.692387
587,0.692387
588,0.692387
589,0.693166
590,0.693166
591,0.693166
592,0.693166
593,0.693166
594,0.693166
595,0.717373
596,0.717373
597,0.717373
598,0.717373
599,0.717373
600,0.717373
601,0.736206
602,0.736206
603,0.736206
604,0.736206
605,0.736206
606,0.736206
607,0.742974
608,0.742974
609,0.742974
610,0.742974
611,0.742974
612,0.742974
613,0.760181
614,0.760181
615,0.760181
616,0.760181
617,0.760181
618,0.760181
619,0.763594
620,0.763594
621,0.763594
622,0.763594
623,0.763594
624,0.763594
625,0.783431
626,0.783431
627,0.783431
628,0.783431
629,0.783431
630,0.783431
631,0.790351
632,0.790351
633,0.790351
634,0.790351
635,0.790351
636,0.790351
637,0.801339
638,0.801339
639,0.801339
640,0.801339
641,0.801339
642,0.801339
643,0.806387
644,0.806387
645,0.806387
646,0.806387
647,0.806387
648,0.806387
649,0.817351
650,0.817351
651,0.817351
652,0.817351
653,0.817351
654,0.817351
655,0.825212
656,0.825212
657,0.825212
658,0.825212
659,0.825212
660,0.825212
661,0.823065
662,0.823065
663,0.823065
664,0.823065
665,0.823065
666,0.823065
667,0.821568
668,0.821568
669,0.821568
670,0.821568
671,0.821568
672,0.821568
673,0.819366
674,0.819366
675,0.819366
676,0.819366
677,0.819366
678,0.819366
679,0.818758
680,0.818758
681,0.818758
682,0.818758
683,0.818758
684,0.818758
685,0.815647
686,0.815647
687,0.815647
688,0.815647
689,0.815647
690,0.815647
691,0.809091
692,0.809091
693,0.809091
694,0.809091
695,0.809091
696,0.809091
697,0.813127
698,0.813127
699,0.813127
700,0.813127
701,0.813127
702,0.813127
703,0.812543
704,0.812543
705,0.812543
706,0.812543
707,0.812543
708,0.812543
709,0.82205
710,0.82205
711,0.82205
712,0.82205
713,0.82205
714,0.82205
715,0.827411
716,0.827411
717,0.827411
718,0.827411
719,0.827411
720,0.827411
721,0.837795
722,0.837795
723,0.837795
724,0.837795
725,0.837795
726,0.837795
727,0.838638
728,0.838638
729,0.838638
730,0.838638
731,0.838638
732,0.838638
733,0.839198
734,0.839198
735,0.839198
736,0.839198
737,0.839198
738,0.839198
739,0.838646
740,0.838646
741,0.838646
742,0.838646
743,0.838646
744,0.838646
745,0.8399
746,0.8399
747,0.8399
748,0.8399
749,0.8399
750,0.8399
751,0.840253
752,0.840253
753,0.840253
754,0.840253
755,0.840253
756,0.840253
757,0.840601
758,0.840601
759,0.840601
760,0.840601
761,0.840601
762,0.840601
763,0.841303
764,0.841303
765,0.841303
766,0.841303
767,0.841303
768,0.841303
769,0.84229
770,0.84229
771,0.84229
772,0.84229
773,0.84229
774,0.84229
775,0.846397
776,0.846397
777,0.846397
778,0.846397
779,0.846397
780,0.846397
781,0.846307
782,0.846307
783,0.846307
784,0.846307
785,0.846307
786,0.846307
787,0.845406
788,0.845406
789,0.845406
790,0.845406
791,0.845406
792,0.845406
793,0.844908
794,0.844908
795,0.844908
796,0.844908
797,0.844908
798,0.844908
799,0.842326
800,0.842326
801,0.842326
802,0.842326
803,0.842326
804,0.842326
805,0.841887
806,0.841887
807,0.841887
808,0.841887
809,0.841887
810,0.841887
811,0.839645
812,0.839645
813,0.839645
814,0.839645
815,0.839645
816,0.839645
817,0.843678
818,0.843678
819,0.843678
820,0.843678
821,0.843678
822,0.843678
823,0.845574
824,0.845574
825,0.845574
826,0.845574
827,0.845574
828,0.845574
829,0.847643
830,0.847643
831,0.847643
832,0.847643
833,0.847643
834,0.847643
835,0.848505
836,0.848505
837,0.848505
838,0.848505
839,0.848505
840,0.848505
841,0.849277
842,0.849277
843,0.849277
844,0.849277
845,0.849277
846,0.849277
847,0.850798
848,0.850798
849,0.850798
850,0.850798
851,0.850798
852,0.850798
853,0.850919
854,0.850919
855,0.850919
856,0.850919
857,0.850919
858,0.850919
859,0.850598
860,0.850598
861,0.850598
862,0.850598
863,0.850598
864,0.850598
865,0.850089
866,0.850089
867,0.850089
868,0.850089
869,0.850089
870,0.850089
871,0.849034
872,0.849034
873,0.849034
874,0.849034
875,0.849034
876,0.849034
877,0.848513
878,0.848513
879,0.848513
880,0.848513
881,0.848513
882,0.848513
883,0.849324
884,0.849324
885,0.849324
886,0.849324
887,0.849324
888,0.849324
889,0.850265
890,0.850265
891,0.850265
892,0.850265
893,0.850265
894,0.850265
895,0.850484
896,0.850484
897,0.850484
898,0.850484
899,0.850484
900,0.850484
901,0.850821
902,0.850821
903,0.850821
904,0.850821
905,0.850821
906,0.850821
907,0.852193
908,0.852193
909,0.852193
910,0.852193
911,0.852193
912,0.852193
913,0.852314
914,0.852314
915,0.852314
916,0.852314
917,0.852314
918,0.852314
919,0.851542
920,0.851542
921,0.851542
922,0.851542
923,0.851542
924,0.851542
925,0.851895
926,0.851895
927,0.851895
928,0.851895
929,0.851895
930,0.851895
931,0.850312
932,0.850312
933,0.850312
934,0.850312
935,0.850312
936,0.850312
937,0.850045
938,0.850045
939,0.850045
940,0.850045
941,0.850045
942,0.850045
943,0.848772
944,0.848772
945,0.848772
946,0.848772
947,0.848772
948,0.848772
949,0.848968
950,0.848968
951,0.848968
952,0.848968
953,0.848968
954,0.848968
955,0.850265
956,0.850265
957,0.850265
958,0.850265
959,0.850265
960,0.850265
961,0.850006
962,0.850006
963,0.850006
964,0.850006
965,0.850006
966,0.850006
967,0.850469
968,0.850469
969,0.850469
970,0.850469
971,0.850469
972,0.850469
973,0.849755
974,0.849755
975,0.849755
976,0.849755
977,0.849755
978,0.849755
979,0.848427
980,0.848427
981,0.848427
982,0.848427
983,0.848427
984,0.848427
985,0.848368
986,0.848368
987,0.848368
988,0.848368
989,0.848368
990,0.848368
991,0.848866
992,0.848866
993,0.848866
994,0.848866
995,0.848866
996,0.848866
997,0.848682
998,0.848682
999,0.848682
1000,0.848682
1001,0.848682
1002,0.848682
1003,0.849775
1004,0.849775
1005,0.849775
1006,0.849775
1007,0.849775
1008,0.849775
1009,0.849591
1010,0.849591
1011,0.849591
1012,0.849591
1013,0.849591
1014,0.849591
1015,0.846946
1016,0.846946
1017,0.846946
1018,0.846946
1019,0.846946
1020,0.846946
1021,0.848055
1022,0.848055
1023,0.848055
1024,0.848055
1025,0.848055
1026,0.848055
1027,0.84673
1028,0.84673
1029,0.84673
1030,0.84673
1031,0.84673
1032,0.84673
1033,0.846773
1034,0.846773
1035,0.846773
1036,0.846773
1037,0.846773
1038,0.846773
1039,0.847855
1040,0.847855
1041,0.847855
1042,0.847855
1043,0.847855
1044,0.847855
1045,0.848106
1046,0.848106
1047,0.848106
1048,0.848106
1049,0.848106
1050,0.848106
1051,0.847863
1052,0.847863
1053,0.847863
1054,0.847863
1055,0.847863
1056,0.847863
1057,0.847871
1058,0.847871
1059,0.847871
1060,0.847871
1061,0.847871
1062,0.847871
1063,0.846765
1064,0.846765
1065,0.846765
1066,0.846765
1067,0.846765
1068,0.846765
1069,0.846989
1070,0.846989
1071,0.846989
1072,0.846989
1073,0.846989
1074,0.846989
1075,0.847651
1076,0.847651
1077,0.847651
1078,0.847651
1079,0.847651
1080,0.847651
1081,0.847506
1082,0.847506
1083,0.847506
1084,0.847506
1085,0.847506
1086,0.847506
1087,0.846381
1088,0.846381
1089,0.846381
1090,0.846381
1091,0.846381
1092,0.846381
1093,0.846491
1094,0.846491
1095,0.846491
1096,0.846491
1097,0.846491
1098,0.846491
1099,0.846652
1100,0.846652
1101,0.846652
1102,0.846652
1103,0.846652
1104,0.846652
1105,0.846189
1106,0.846189
1107,0.846189
1108,0.846189
1109,0.846189
1110,0.846189
1111,0.846358
1112,0.846358
1113,0.846358
1114,0.846358
1115,0.846358
1116,0.846358
1117,0.846523
1118,0.846523
1119,0.846523
1120,0.846523
1121,0.846523
1122,0.846523
1123,0.847247
1124,0.847247
1125,0.847247
1126,0.847247
1127,0.847247
1128,0.847247
1129,0.845606
1130,0.845606
1131,0.845606
1132,0.845606
1133,0.845606
1134,0.845606
1135,0.84541
1136,0.84541
1137,0.84541
1138,0.84541
1139,0.84541
1140,0.84541
1141,0.845801
1142,0.845801
1143,0.845801
1144,0.845801
1145,0.845801
1146,0.845801
1147,0.844802
1148,0.844802
1149,0.844802
1150,0.844802
1151,0.844802
1152,0.844802
1153,0.847055
1154,0.847055
1155,0.847055
1156,0.847055
1157,0.847055
1158,0.847055
1159,0.846581
1160,0.846581
1161,0.846581
1162,0.846581
1163,0.846581
1164,0.846581
1165,0.844489
1166,0.844489
1167,0.844489
1168,0.844489
1169,0.844489
1170,0.844489
1171,0.846648
1172,0.846648
1173,0.846648
1174,0.846648
1175,0.846648
1176,0.846648
1177,0.847773
1178,0.847773
1179,0.847773
1180,0.847773
1181,0.847773
1182,0.847773
1183,0.84724
1184,0.84724
1185,0.84724
1186,0.84724
1187,0.84724
1188,0.84724
1189,0.846981
1190,0.846981
1191,0.846981
1192,0.846981
1193,0.846981
1194,0.846981
1195,0.847106
1196,0.847106
1197,0.847106
1198,0.847106
1199,0.847106
1200,0.847106
1201,0.846577
1202,0.846577
1203,0.846577
1204,0.846577
1205,0.846577
1206,0.846577
1207,0.846534
1208,0.846534
1209,0.846534
1210,0.846534
1211,0.846534
1212,0.846534
1213,0.848537
1214,0.848537
1215,0.848537
1216,0.848537
1217,0.848537
1218,0.848537
1219,0.848184
1220,0.848184
1221,0.848184
1222,0.848184
1223,0.848184
1224,0.848184
1225,0.847592
1226,0.847592
1227,0.847592
1228,0.847592
1229,0.847592
1230,0.847592
1231,0.847722
1232,0.847722
1233,0.847722
1234,0.847722
1235,0.847722
1236,0.847722
1237,0.844955
1238,0.844955
1239,0.844955
1240,0.844955
1241,0.844955
1242,0.844955
1243,0.844947
1244,0.844947
1245,0.844947
1246,0.844947
1247,0.844947
1248,0.844947
1249,0.84588
1250,0.84588
1251,0.84588
1252,0.84588
1253,0.84588
1254,0.84588
1255,0.846119
1256,0.846119
1257,0.846119
1258,0.846119
1259,0.846119
1260,0.846119
1261,0.846217
1262,0.846217
1263,0.846217
1264,0.846217
1265,0.846217
1266,0.846217
1267,0.845876
1268,0.845876
1269,0.845876
1270,0.845876
1271,0.845876
1272,0.845876
1273,0.846041
1274,0.846041
1275,0.846041
1276,0.846041
1277,0.846041
1278,0.846041
1279,0.847365
1280,0.847365
1281,0.847365
1282,0.847365
1283,0.847365
1284,0.847365
1285,0.847287
1286,0.847287
1287,0.847287
1288,0.847287
1289,0.847287
1290,0.847287
1291,0.845672
1292,0.845672
1293,0.845672
1294,0.845672
1295,0.845672
1296,0.845672
1297,0.845045
1298,0.845045
1299,0.845045
1300,0.845045
1301,0.845045
1302,0.845045
1303,0.846562
1304,0.846562
1305,0.846562
1306,0.846562
1307,0.846562
1308,0.846562
1309,0.84662
1310,0.84662
1311,0.84662
1312,0.84662
1313,0.84662
1314,0.84662
1315,0.845555
1316,0.845555
1317,0.845555
1318,0.845555
1319,0.845555
1320,0.845555
1321,0.846064
1322,0.846064
1323,0.846064
1324,0.846064
1325,0.846064
1326,0.846064
1327,0.846342
1328,0.846342
1329,0.846342
1330,0.846342
1331,0.846342
1332,0.846342
1333,0.846495
1334,0.846495
1335,0.846495
1336,0.846495
1337,0.846495
1338,0.846495
1339,0.847083
1340,0.847083
1341,0.847083
1342,0.847083
1343,0.847083
1344,0.847083
1345,0.847032
1346,0.847032
1347,0.847032
1348,0.847032
1349,0.847032
1350,0.847032
1351,0.846033
1352,0.846033
1353,0.846033
1354,0.846033
1355,0.846033
1356,0.846033
1357,0.846358
1358,0.846358
1359,0.846358
1360,0.846358
1361,0.846358
1362,0.846358
1363,0.845982
1364,0.845982
1365,0.845982
1366,0.845982
1367,0.845982
1368,0.845982
1369,0.84461
1370,0.84461
1371,0.84461
1372,0.84461
1373,0.84461
1374,0.84461
1375,0.846017
1376,0.846017
1377,0.846017
1378,0.846017
1379,0.846017
1380,0.846017
1381,0.846452
1382,0.846452
1383,0.846452
1384,0.846452
1385,0.846452
1386,0.846452
1387,0.846272
1388,0.846272
1389,0.846272
1390,0.846272
1391,0.846272
1392,0.846272
1393,0.847357
1394,0.847357
1395,0.847357
1396,0.847357
1397,0.847357
1398,0.847357
1399,0.849097
1400,0.849097
1401,0.849097
1402,0.849097
1403,0.849097
1404,0.849097
1405,0.84974
1406,0.84974
1407,0.84974
1408,0.84974
1409,0.84974
1410,0.84974
1411,0.850026
1412,0.850026
1413,0.850026
1414,0.850026
1415,0.850026
1416,0.850026
1417,0.850445
1418,0.850445
1419,0.850445
1420,0.850445
1421,0.850445
1422,0.850445
1423,0.851335
1424,0.851335
1425,0.851335
1426,0.851335
1427,0.851335
1428,0.851335
1429,0.852146
1430,0.852146
1431,0.852146
1432,0.852146
1433,0.852146
1434,0.852146
1435,0.851064
1436,0.851064
1437,0.851064
1438,0.851064
1439,0.851064
1440,0.851064
1441,0.853525
1442,0.853525
1443,0.853525
1444,0.853525
1445,0.853525
1446,0.853525
1447,0.85704
1448,0.85704
1449,0.85704
1450,0.85704
1451,0.85704
1452,0.85704
1453,0.856668
1454,0.856668
1455,0.856668
1456,0.856668
1457,0.856668
1458,0.856668
1459,0.856527
1460,0.856527
1461,0.856527
1462,0.856527
1463,0.856527
1464,0.856527
1465,0.857867
1466,0.857867
1467,0.857867
1468,0.857867
1469,0.857867
1470,0.857867
1471,0.861704
1472,0.861704
1473,0.861704
1474,0.861704
1475,0.861704
1476,0.861704
1477,0.862754
1478,0.862754
1479,0.862754
1480,0.862754
1481,0.862754
1482,0.862754
1483,0.866132
1484,0.866132
1485,0.866132
1486,0.866132
1487,0.866132
1488,0.866132
1489,0.868707
1490,0.868707
1491,0.868707
1492,0.868707
1493,0.868707
1494,0.868707
1495,0.878868
1496,0.878868
1497,0.878868
1498,0.878868
1499,0.878868
1500,0.878868
1501,0.871928
1502,0.871928
1503,0.871928
1504,0.871928
1505,0.871928
1506,0.871928
1507,0.867476
1508,0.867476
1509,0.867476
1510,0.867476
1511,0.867476
1512,0.867476
1513,0.871599
1514,0.871599
1515,0.871599
1516,0.871599
1517,0.871599
1518,0.871599
1519,0.875176
1520,0.875176
1521,0.875176
1522,0.875176
1523,0.875176
1524,0.875176
1525,0.873856
1526,0.873856
1527,0.873856
1528,0.873856
1529,0.873856
1530,0.873856
1531,0.878253
1532,0.878253
1533,0.878253
1534,0.878253
1535,0.878253
1536,0.878253
1537,0.878006
1538,0.878006
1539,0.878006
1540,0.878006
1541,0.878006
1542,0.878006
1543,0.873166
1544,0.873166
1545,0.873166
1546,0.873166
1547,0.873166
1548,0.873166
1549,0.876767
1550,0.876767
1551,0.876767
1552,0.876767
1553,0.876767
1554,0.876767
1555,0.880255
1556,0.880255
1557,0.880255
1558,0.880255
1559,0.880255
1560,0.880255
1561,0.882516
1562,0.882516
1563,0.882516
1564,0.882516
1565,0.882516
1566,0.882516
1567,0.874859
1568,0.874859
1569,0.874859
1570,0.874859
1571,0.874859
1572,0.874859
1573,0.876771
1574,0.876771
1575,0.876771
1576,0.876771
1577,0.876771
1578,0.876771
1579,0.876795
1580,0.876795
1581,0.876795
1582,0.876795
1583,0.876795
1584,0.876795
1585,0.884276
1586,0.884276
1587,0.884276
1588,0.884276
1589,0.884276
1590,0.884276
1591,0.882148
1592,0.882148
1593,0.882148
1594,0.882148
1595,0.882148
1596,0.882148
1597,0.86601
1598,0.86601
1599,0.86601
1600,0.86601
1601,0.86601
1602,0.86601
1603,0.858788
1604,0.858788
1605,0.858788
1606,0.858788
1607,0.858788
1608,0.858788
1609,0.858851
1610,0.858851
1611,0.858851
1612,0.858851
1613,0.858851
1614,0.858851
1615,0.86817
1616,0.86817
1617,0.86817
1618,0.86817
1619,0.86817
1620,0.86817
1621,0.860787
1622,0.860787
1623,0.860787
1624,0.860787
1625,0.860787
1626,0.860787
1627,0.867021
1628,0.867021
1629,0.867021
1630,0.867021
1631,0.867021
1632,0.867021
1633,0.863177
1634,0.863177
1635,0.863177
1636,0.863177
1637,0.863177
1638,0.863177
1639,0.867739
1640,0.867739
1641,0.867739
1642,0.867739
1643,0.867739
1644,0.867739
1645,0.866379
1646,0.866379
1647,0.866379
1648,0.866379
1649,0.866379
1650,0.866379
1651,0.861665
1652,0.861665
1653,0.861665
1654,0.861665
1655,0.861665
1656,0.861665
1657,0.852169
1658,0.852169
1659,0.852169
1660,0.852169
1661,0.852169
1662,0.852169
1663,0.857479
1664,0.857479
1665,0.857479
1666,0.857479
1667,0.857479
1668,0.857479
1669,0.85918
1670,0.85918
1671,0.85918
1672,0.85918
1673,0.85918
1674,0.85918
1675,0.863593
1676,0.863593
1677,0.863593
1678,0.863593
1679,0.863593
1680,0.863593
1681,0.850061
1682,0.850061
1683,0.850061
1684,0.850061
1685,0.850061
1686,0.850061
1687,0.835389
1688,0.835389
1689,0.835389
1690,0.835389
1691,0.835389
1692,0.835389
1693,0.84307
1694,0.84307
1695,0.84307
1696,0.84307
1697,0.84307
1698,0.84307
1699,0.837776
1700,0.837776
1701,0.837776
1702,0.837776
1703,0.837776
1704,0.837776
1705,0.832787
1706,0.832787
1707,0.832787
1708,0.832787
1709,0.832787
1710,0.832787
1711,0.844426
1712,0.844426
1713,0.844426
1714,0.844426
1715,0.844426
1716,0.844426
1717,0.834241
1718,0.834241
1719,0.834241
1720,0.834241
1721,0.834241
1722,0.834241
1723,0.836851
1724,0.836851
1725,0.836851
1726,0.836851
1727,0.836851
1728,0.836851
1729,0.855986
1730,0.855986
1731,0.855986
1732,0.855986
1733,0.855986
1734,0.855986
1735,0.823915
1736,0.823915
1737,0.823915
1738,0.823915
1739,0.823915
1740,0.823915
1741,0.780362
1742,0.780362
1743,0.780362
1744,0.780362
1745,0.780362
1746,0.780362
1747,0.766702
1748,0.766702
1749,0.766702
1750,0.766702
1751,0.766702
1752,0.766702
1753,0.668181
1754,0.668181
1755,0.668181
1756,0.668181
1757,0.668181
1758,0.668181
1759,0.636172
1760,0.636172
1761,0.636172
1762,0.636172
1763,0.636172
1764,0.636172
1765,0.589896
1766,0.589896
1767,0.589896
1768,0.589896
1769,0.589896
1770,0.589896
1771,0.63098
1772,0.63098
1773,0.63098
1774,0.63098
1775,0.63098
1776,0.63098
1777,0.689287
1778,0.689287
1779,0.689287
1780,0.689287
1781,0.689287
1782,0.689287
1783,0.697532
1784,0.697532
1785,0.697532
1786,0.697532
1787,0.697532
1788,0.697532
1789,0.684173
1790,0.684173
1791,0.684173
1792,0.684173
1793,0.684173
1794,0.684173
1795,0.643038
1796,0.643038
1797,0.643038
1798,0.643038
1799,0.643038
1800,0.643038
1801,0.624075
1802,0.624075
1803,0.624075
1804,0.624075
1805,0.624075
1806,0.624075
1807,0.63321
1808,0.63321
1809,0.63321
1810,0.63321
1811,0.63321
1812,0.63321
1813,0.623789
1814,0.623789
1815,0.623789
1816,0.623789
1817,0.623789
1818,0.623789
1819,0.606359
1820,0.606359
1821,0.606359
1822,0.606359
1823,0.606359
1824,0.606359
1825,0.578539
1826,0.578539
1827,0.578539
1828,0.578539
1829,0.578539
1830,0.578539
1831,0.545324
1832,0.545324
1833,0.545324
1834,0.545324
1835,0.545324
1836,0.545324
1837,0.518316
1838,0.518316
1839,0.518316
1840,0.518316
1841,0.518316
1842,0.518316
1843,0.52805
1844,0.52805
1845,0.52805
1846,0.52805
1847,0.52805
1848,0.52805
1849,0.541108
1850,0.541108
1851,0.541108
1852,0.541108
1853,0.541108
1854,0.541108
1855,0.522215
1856,0.522215
1857,0.522215
1858,0.522215
1859,0.522215
1860,0.522215
1861,0.491222
1862,0.491222
1863,0.491222
1864,0.491222
1865,0.491222
1866,0.491222
1867,0.458356
1868,0.458356
1869,0.458356
1870,0.458356
1871,0.458356
1872,0.458356
1873,0.459014
1874,0.459014
1875,0.459014
1876,0.459014
1877,0.459014
1878,0.459014
1879,0.496638
1880,0.496638
1881,0.496638
1882,0.496638
1883,0.496638
1884,0.496638
1885,0.494655
1886,0.494655
1887,0.494655
1888,0.494655
1889,0.494655
1890,0.494655
1891,0.517689
1892,0.517689
1893,0.517689
1894,0.517689
1895,0.517689
1896,0.517689
1897,0.539046
1898,0.539046
1899,0.539046
1900,0.539046
1901,0.539046
1902,0.539046
1903,0.558005
1904,0.558005
1905,0.558005
1906,0.558005
1907,0.558005
1908,0.558005
1909,0.671931
1910,0.671931
1911,0.671931
1912,0.671931
1913,0.671931
1914,0.671931
1915,0.713952
1916,0.713952
1917,0.713952
1918,0.713952
1919,0.713952
1920,0.713952
1921,0.7533
1922,0.7533
1923,0.7533
1924,0.7533
1925,0.7533
1926,0.7533
1927,0.698159
1928,0.698159
1929,0.698159
1930,0.698159
1931,0.698159
1932,0.698159
1933,0.544333
1934,0.544333
1935,0.544333
1936,0.544333
1937,0.544333
1938,0.544333
1939,0.44426
1940,0.44426
1941,0.44426
1942,0.44426
1943,0.44426
1944,0.44426
1945,0.420007
1946,0.420007
1947,0.420007
1948,0.420007
1949,0.420007
1950,0.420007
1951,0.373746
1952,0.373746
1953,0.373746
1954,0.373746
1955,0.373746
1956,0.373746
1957,0.349881
1958,0.349881
1959,0.349881
1960,0.349881
1961,0.349881
1962,0.349881
1963,0.328912
1964,0.328912
1965,0.328912
1966,0.328912
1967,0.328912
1968,0.328912
1969,0.303514
1970,0.303514
1971,0.303514
1972,0.303514
1973,0.303514
1974,0.303514
1975,0.242833
1976,0.242833
1977,0.242833
1978,0.242833
1979,0.242833
1980,0.242833
1981,0.21144
1982,0.21144
1983,0.21144
1984,0.21144
1985,0.21144
1986,0.21144
1987,0.174995
1988,0.174995
1989,0.174995
1990,0.174995
1991,0.174995
1992,0.174995
1993,0.174909
1994,0.174909
1995,0.174909
1996,0.174909
1997,0.174909
1998,0.174909
1999,0.170171
2000,0.170171
2001,0.170171
2002,0.170171
2003,0.170171
2004,0.170171
2005,0.195263
2006,0.195263
2007,0.195263
2008,0.195263
2009,0.195263
2010,0.195263
2011,0.267952
2012,0.267952
2013,0.267952
2014,0.267952
2015,0.267952
2016,0.267952
2017,0.403779
2018,0.403779
2019,0.403779
2020,0.403779
2021,0.403779
2022,0.403779
2023,0.501748
2024,0.501748
2025,0.501748
2026,0.501748
2027,0.501748
2028,0.501748
2029,0.652894
2030,0.652894
2031,0.652894
2032,0.652894
2033,0.652894
2034,0.652894
2035,0.680822
2036,0.680822
2037,0.680822
2038,0.680822
2039,0.680822
2040,0.680822
2041,0.697183
2042,0.697183
2043,0.697183
2044,0.697183
2045,0.697183
2046,0.697183
2047,0.509217
2048,0.509217
2049,0.509217
2050,0.509217
2051,0.509217
2052,0.509217
2053,0.410856
2054,0.410856
2055,0.410856
2056,0.410856
2057,0.410856
2058,0.410856
2059,0.334637
2060,0.334637
2061,0.334637
2062,0.334637
2063,0.334637
2064,0.334637
2065,0.278971
2066,0.278971
2067,0.278971
2068,0.278971
2069,0.278971
2070,0.278971
2071,0.273493
2072,0.273493
2073,0.273493
2074,0.273493
2075,0.273493
2076,0.273493
2077,0.247053
2078,0.247053
2079,0.247053
2080,0.247053
2081,0.247053
2082,0.247053
2083,0.188562
2084,0.188562
2085,0.188562
2086,0.188562
2087,0.188562
2088,0.188562
2089,0.168859
2090,0.168859
2091,0.168859
2092,0.168859
2093,0.168859
2094,0.168859
2095,0.168353
2096,0.168353
2097,0.168353
2098,0.168353
2099,0.168353
2100,0.168353
2101,0.174235
2102,0.174235
2103,0.174235
2104,0.174235
2105,0.174235
2106,0.174235
2107,0.207294
2108,0.207294
2109,0.207294
2110,0.207294
2111,0.207294
2112,0.207294
2113,0.292322
2114,0.292322
2115,0.292322
2116,0.292322
2117,0.292322
2118,0.292322
2119,0.483682
2120,0.483682
2121,0.483682
2122,0.483682
2123,0.483682
2124,0.483682
2125,0.678816
2126,0.678816
2127,0.678816
2128,0.678816
2129,0.678816
2130,0.678816
2131,0.827552
2132,0.827552
2133,0.827552
2134,0.827552
2135,0.827552
2136,0.827552
2137,0.891612
2138,0.891612
2139,0.891612
2140,0.891612
2141,0.891612
2142,0.891612
2143,0.889868
2144,0.889868
2145,0.889868
2146,0.889868
2147,0.889868
2148,0.889868
2149,0.891008
2150,0.891008
2151,0.891008
2152,0.891008
2153,0.891008
2154,0.891008
2155,0.784528
2156,0.784528
2157,0.784528
2158,0.784528
2159,0.784528
2160,0.784528
2161,0.647243
2162,0.647243
2163,0.647243
2164,0.647243
2165,0.647243
2166,0.647243
2167,0.649994
2168,0.649994
2169,0.649994
2170,0.649994
2171,0.649994
2172,0.649994
2173,0.638093
2174,0.638093
2175,0.638093
2176,0.638093
2177,0.638093
2178,0.638093
2179,0.523246
2180,0.523246
2181,0.523246
2182,0.523246
2183,0.523246
2184,0.523246
2185,0.363256
2186,0.363256
2187,0.363256
2188,0.363256
2189,0.363256
2190,0.363256
2191,0.277545
2192,0.277545
2193,0.277545
2194,0.277545
2195,0.277545
2196,0.277545
2197,0.235826
2198,0.235826
2199,0.235826
2200,0.235826
2201,0.235826
2202,0.235826
2203,0.202854
2204,0.202854
2205,0.202854
2206,0.202854
2207,0.202854
2208,0.202854
2209,0.19105
2210,0.19105
2211,0.19105
2212,0.19105
2213,0.19105
2214,0.19105
2215,0.167507
2216,0.167507
2217,0.167507
2218,0.167507
2219,0.167507
2220,0.167507
2221,0.163118
2222,0.163118
2223,0.163118
2224,0.163118
2225,0.163118
2226,0.163118
2227,0.162886
2228,0.162886
2229,0.162886
2230,0.162886
2231,0.162886
2232,0.162886
2233,0.162941
2234,0.162941
2235,0.162941
2236,0.162941
2237,0.162941
2238,0.162941
2239,0.163631
2240,0.163631
2241,0.163631
2242,0.163631
2243,0.163631
2244,0.163631
2245,0.165222
2246,0.165222
2247,0.165222
2248,0.165222
2249,0.165222
2250,0.165222
2251,0.166429
2252,0.166429
2253,0.166429
2254,0.166429
2255,0.166429
2256,0.166429
2257,0.166801
2258,0.166801
2259,0.166801
2260,0.166801
2261,0.166801
2262,0.166801
2263,0.168843
2264,0.168843
2265,0.168843
2266,0.168843
2267,0.168843
2268,0.168843
2269,0.183758
2270,0.183758
2271,0.183758
2272,0.183758
2273,0.183758
2274,0.183758
2275,0.229638
2276,0.229638
2277,0.229638
2278,0.229638
2279,0.229638
2280,0.229638
2281,0.280453
2282,0.280453
2283,0.280453
2284,0.280453
2285,0.280453
2286,0.280453
2287,0.297205
2288,0.297205
2289,0.297205
2290,0.297205
2291,0.297205
2292,0.297205
2293,0.300963
2294,0.300963
2295,0.300963
2296,0.300963
2297,0.300963
2298,0.300963
2299,0.268833
2300,0.268833
2301,0.268833
2302,0.268833
2303,0.268833
2304,0.268833
2305,0.288078
2306,0.288078
2307,0.288078
2308,0.288078
2309,0.288078
2310,0.288078
2311,0.279947
2312,0.279947
2313,0.279947
2314,0.279947
2315,0.279947
2316,0.279947
2317,0.270801
2318,0.270801
2319,0.270801
2320,0.270801
2321,0.270801
2322,0.270801
2323,0.257305
2324,0.257305
2325,0.257305
2326,0.257305
2327,0.257305
2328,0.257305
2329,0.238044
2330,0.238044
2331,0.238044
2332,0.238044
2333,0.238044
2334,0.238044
2335,0.201741
2336,0.201741
2337,0.201741
2338,0.201741
2339,0.201741
2340,0.201741
2341,0.183534
2342,0.183534
2343,0.183534
2344,0.183534
2345,0.183534
2346,0.183534
2347,0.176673
2348,0.176673
2349,0.176673
2350,0.176673
2351,0.176673
2352,0.176673
2353,0.188429
2354,0.188429
2355,0.188429
2356,0.188429
2357,0.188429
2358,0.188429
2359,0.20689
2360,0.20689
2361,0.20689
2362,0.20689
2363,0.20689
2364,0.20689
2365,0.184545
2366,0.184545
2367,0.184545
2368,0.184545
2369,0.184545
2370,0.184545
2371,0.170971
2372,0.170971
2373,0.170971
2374,0.170971
2375,0.170971
2376,0.170971
2377,0.166445
2378,0.166445
2379,0.166445
2380,0.166445
2381,0.166445
2382,0.166445
2383,0.163055
2384,0.163055
2385,0.163055
2386,0.163055
2387,0.163055
2388,0.163055
2389,0.224234
2390,0.224234
2391,0.224234
2392,0.224234
2393,0.224234
2394,0.224234
2395,0.36322
2396,0.36322
2397,0.36322
2398,0.36322
2399,0.36322
2400,0.36322
2401,0.436783
2402,0.436783
2403,0.436783
2404,0.436783
2405,0.436783
2406,0.436783
2407,0.436179
2408,0.436179
2409,0.436179
2410,0.436179
2411,0.436179
2412,0.436179
2413,0.360293
2414,0.360293
2415,0.360293
2416,0.360293
2417,0.360293
2418,0.360293
2419,0.268924
2420,0.268924
2421,0.268924
2422,0.268924
2423,0.268924
2424,0.268924
2425,0.20294
2426,0.20294
2427,0.20294
2428,0.20294
2429,0.20294
2430,0.20294
2431,0.165986
2432,0.165986
2433,0.165986
2434,0.165986
2435,0.165986
2436,0.165986
2437,0.191148
2438,0.191148
2439,0.191148
2440,0.191148
2441,0.191148
2442,0.191148
2443,0.239909
2444,0.239909
2445,0.239909
2446,0.239909
2447,0.239909
2448,0.239909
2449,0.226527
2450,0.226527
2451,0.226527
2452,0.226527
2453,0.226527
2454,0.226527
2455,0.185807
2456,0.185807
2457,0.185807
2458,0.185807
2459,0.185807
2460,0.185807
2461,0.194656
2462,0.194656
2463,0.194656
2464,0.194656
2465,0.194656
2466,0.194656
2467,0.185991
2468,0.185991
2469,0.185991
2470,0.185991
2471,0.185991
2472,0.185991
2473,0.173428
2474,0.173428
2475,0.173428
2476,0.173428
2477,0.173428
2478,0.173428
2479,0.169525
2480,0.169525
2481,0.169525
2482,0.169525
2483,0.169525
2484,0.169525
2485,0.193331
2486,0.193331
2487,0.193331
2488,0.193331
2489,0.193331
2490,0.193331
2491,0.180066
2492,0.180066
2493,0.180066
2494,0.180066
2495,0.180066
2496,0.180066
2497,0.174043
2498,0.174043
2499,0.174043
2500,0.174043
2501,0.174043
2502,0.174043
2503,0.168404
2504,0.168404
2505,0.168404
2506,0.168404
2507,0.168404
2508,0.168404
2509,0.173675
2510,0.173675
2511,0.173675
2512,0.173675
2513,0.173675
2514,0.173675
2515,0.224897
2516,0.224897
2517,0.224897
2518,0.224897
2519,0.224897
2520,0.224897
2521,0.285461
2522,0.285461
2523,0.285461
2524,0.285461
2525,0.285461
2526,0.285461
2527,0.350688
2528,0.350688
2529,0.350688
2530,0.350688
2531,0.350688
2532,0.350688
2533,0.353898
2534,0.353898
2535,0.353898
2536,0.353898
2537,0.353898
2538,0.353898
2539,0.318229
2540,0.318229
2541,0.318229
2542,0.318229
2543,0.318229
2544,0.318229
2545,0.275284
2546,0.275284
2547,0.275284
2548,0.275284
2549,0.275284
2550,0.275284
2551,0.234897
2552,0.234897
2553,0.234897
2554,0.234897
2555,0.234897
2556,0.234897
2557,0.230692
2558,0.230692
2559,0.230692
2560,0.230692
2561,0.230692
2562,0.230692
2563,0.180944
2564,0.180944
2565,0.180944
2566,0.180944
2567,0.180944
2568,0.180944
2569,0.153717
2570,0.153717
2571,0.153717
2572,0.153717
2573,0.153717
2574,0.153717
2575,0.144398
2576,0.144398
2577,0.144398
2578,0.144398
2579,0.144398
2580,0.144398
2581,0.144613
2582,0.144613
2583,0.144613
2584,0.144613
2585,0.144613
2586,0.144613
2587,0.143673
2588,0.143673
2589,0.143673
2590,0.143673
2591,0.143673
2592,0.143673
2593,0.144284
2594,0.144284
2595,0.144284
2596,0.144284
2597,0.144284
2598,0.144284
2599,0.144386
2600,0.144386
2601,0.144386
2602,0.144386
2603,0.144386
2604,0.144386
2605,0.144527
2606,0.144527
2607,0.144527
2608,0.144527
2609,0.144527
2610,0.144527
2611,0.143038
2612,0.143038
2613,0.143038
2614,0.143038
2615,0.143038
2616,0.143038
2617,0.143206
2618,0.143206
2619,0.143206
2620,0.143206
2621,0.143206
2622,0.143206
2623,0.143442
2624,0.143442
2625,0.143442
2626,0.143442
2627,0.143442
2628,0.143442
2629,0.177872
2630,0.177872
2631,0.177872
2632,0.177872
2633,0.177872
2634,0.177872
2635,0.217651
2636,0.217651
2637,0.217651
2638,0.217651
2639,0.217651
2640,0.217651
2641,0.240764
2642,0.240764
2643,0.240764
2644,0.240764
2645,0.240764
2646,0.240764
2647,0.329934
2648,0.329934
2649,0.329934
2650,0.329934
2651,0.329934
2652,0.329934
2653,0.437939
2654,0.437939
2655,0.437939
2656,0.437939
2657,0.437939
2658,0.437939
2659,0.512763
2660,0.512763
2661,0.512763
2662,0.512763
2663,0.512763
2664,0.512763
2665,0.517117
2666,0.517117
2667,0.517117
2668,0.517117
2669,0.517117
2670,0.517117
2671,0.500004
2672,0.500004
2673,0.500004
2674,0.500004
2675,0.500004
2676,0.500004
2677,0.449064
2678,0.449064
2679,0.449064
2680,0.449064
2681,0.449064
2682,0.449064
2683,0.39486
2684,0.39486
2685,0.39486
2686,0.39486
2687,0.39486
2688,0.39486
2689,0.365842
2690,0.365842
2691,0.365842
2692,0.365842
2693,0.365842
2694,0.365842
2695,0.386309
2696,0.386309
2697,0.386309
2698,0.386309
2699,0.386309
2700,0.386309
2701,0.345433
2702,0.345433
2703,0.345433
2704,0.345433
2705,0.345433
2706,0.345433
2707,0.295975
2708,0.295975
2709,0.295975
2710,0.295975
2711,0.295975
2712,0.295975
2713,0.274817
2714,0.274817
2715,0.274817
2716,0.274817
2717,0.274817
2718,0.274817
2719,0.275664
2720,0.275664
2721,0.275664
2722,0.275664
2723,0.275664
2724,0.275664
2725,0.249099
2726,0.249099
2727,0.249099
2728,0.249099
2729,0.249099
2730,0.249099
2731,0.251971
2732,0.251971
2733,0.251971
2734,0.251971
2735,0.251971
2736,0.251971
2737,0.253166
2738,0.253166
2739,0.253166
2740,0.253166
2741,0.253166
2742,0.253166
2743,0.274183
2744,0.274183
2745,0.274183
2746,0.274183
2747,0.274183
2748,0.274183
2749,0.278493
2750,0.278493
2751,0.278493
2752,0.278493
2753,0.278493
2754,0.278493
2755,0.278991
2756,0.278991
2757,0.278991
2758,0.278991
2759,0.278991
2760,0.278991
2761,0.271302
2762,0.271302
2763,0.271302
2764,0.271302
2765,0.271302
2766,0.271302
2767,0.268806
2768,0.268806
2769,0.268806
2770,0.268806
2771,0.268806
2772,0.268806
2773,0.267822
2774,0.267822
2775,0.267822
2776,0.267822
2777,0.267822
2778,0.267822
2779,0.262015
2780,0.262015
2781,0.262015
2782,0.262015
2783,0.262015
2784,0.262015
2785,0.257497
2786,0.257497
2787,0.257497
2788,0.257497
2789,0.257497
2790,0.257497
2791,0.248574
2792,0.248574
2793,0.248574
2794,0.248574
2795,0.248574
2796,0.248574
2797,0.2448
2798,0.2448
2799,0.2448
2800,0.2448
2801,0.2448
2802,0.2448
2803,0.240834
2804,0.240834
2805,0.240834
2806,0.240834
2807,0.240834
2808,0.240834
2809,0.241104
2810,0.241104
2811,0.241104
2812,0.241104
2813,0.241104
2814,0.241104
2815,0.240325
2816,0.240325
2817,0.240325
2818,0.240325
2819,0.240325
2820,0.240325
2821,0.240572
2822,0.240572
2823,0.240572
2824,0.240572
2825,0.240572
2826,0.240572
2827,0.239631
2828,0.239631
2829,0.239631
2830,0.239631
2831,0.239631
2832,0.239631
2833,0.237766
2834,0.237766
2835,0.237766
2836,0.237766
2837,0.237766
2838,0.237766
2839,0.237919
2840,0.237919
2841,0.237919
2842,0.237919
2843,0.237919
2844,0.237919
2845,0.238557
2846,0.238557
2847,0.238557
2848,0.238557
2849,0.238557
2850,0.238557
2851,0.23889
2852,0.23889
2853,0.23889
2854,0.23889
2855,0.23889
2856,0.23889
2857,0.238687
2858,0.238687
2859,0.238687
2860,0.238687
2861,0.238687
2862,0.238687
2863,0.237985
2864,0.237985
2865,0.237985
2866,0.237985
2867,0.237985
2868,0.237985
2869,0.24018
2870,0.24018
2871,0.24018
2872,0.24018
2873,0.24018
2874,0.24018
2875,0.23967
2876,0.23967
2877,0.23967
2878,0.23967
2879,0.23967
2880,0.23967
2881,0.246117
2882,0.246117
2883,0.246117
2884,0.246117
2885,0.246117
2886,0.246117
2887,0.265248
2888,0.265248
2889,0.265248
2890,0.265248
2891,0.265248
2892,0.265248
2893,0.266913
2894,0.266913
2895,0.266913
2896,0.266913
2897,0.266913
2898,0.266913
2899,0.259248
2900,0.259248
2901,0.259248
2902,0.259248
2903,0.259248
2904,0.259248
2905,0.254001
2906,0.254001
2907,0.254001
2908,0.254001
2909,0.254001
2910,0.254001
2911,0.252696
2912,0.252696
2913,0.252696
2914,0.252696
2915,0.252696
2916,0.252696
2917,0.252532
2918,0.252532
2919,0.252532
2920,0.252532
2921,0.252532
2922,0.252532
2923,0.25268
2924,0.25268
2925,0.25268
2926,0.25268
2927,0.25268
2928,0.25268
2929,0.252778
2930,0.252778
2931,0.252778
2932,0.252778
2933,0.252778
2934,0.252778
2935,0.256811
2936,0.256811
2937,0.256811
2938,0.256811
2939,0.256811
2940,0.256811
2941,0.253566
2942,0.253566
2943,0.253566
2944,0.253566
2945,0.253566
2946,0.253566
2947,0.259671
2948,0.259671
2949,0.259671
2950,0.259671
2951,0.259671
2952,0.259671
2953,0.280711
2954,0.280711
2955,0.280711
2956,0.280711
2957,0.280711
2958,0.280711
2959,0.33265
2960,0.33265
2961,0.33265
2962,0.33265
2963,0.33265
2964,0.33265
2965,0.472345
2966,0.472345
2967,0.472345
2968,0.472345
2969,0.472345
2970,0.472345
2971,0.586393
2972,0.586393
2973,0.586393
2974,0.586393
2975,0.586393
2976,0.586393
2977,0.681532
2978,0.681532
2979,0.681532
2980,0.681532
2981,0.681532
2982,0.681532
2983,0.737954
2984,0.737954
2985,0.737954
2986,0.737954
2987,0.737954
2988,0.737954
2989,0.810129
2990,0.810129
2991,0.810129
2992,0.810129
2993,0.810129
2994,0.810129
2995,0.848176
2996,0.848176
2997,0.848176
2998,0.848176
2999,0.848176
3000,0.848176
3001,0.863855
3002,0.863855
3003,0.863855
3004,0.863855
3005,0.863855
3006,0.863855
3007,0.873542
3008,0.873542
3009,0.873542
3010,0.873542
3011,0.873542
3012,0.873542
3013,0.874753
3014,0.874753
3015,0.874753
3016,0.874753
3017,0.874753
3018,0.874753
3019,0.874882
3020,0.874882
3021,0.874882
3022,0.874882
3023,0.874882
3024,0.874882
3025,0.875803
3026,0.875803
3027,0.875803
3028,0.875803
3029,0.875803
3030,0.875803
3031,0.88156
3032,0.88156
3033,0.88156
3034,0.88156
3035,0.88156
3036,0.88156
3037,0.890793
3038,0.890793
3039,0.890793
3040,0.890793
3041,0.890793
3042,0.890793
3043,0.890197
3044,0.890197
3045,0.890197
3046,0.890197
3047,0.890197
3048,0.890197
3049,0.890389
3050,0.890389
3051,0.890389
3052,0.890389
3053,0.890389
3054,0.890389
3055,0.888359
3056,0.888359
3057,0.888359
3058,0.888359
3059,0.888359
3060,0.888359
3061,0.889315
3062,0.889315
3063,0.889315
3064,0.889315
3065,0.889315
3066,0.889315
3067,0.88308
3068,0.88308
3069,0.88308
3070,0.88308
3071,0.88308
3072,0.88308
3073,0.877641
3074,0.877641
3075,0.877641
3076,0.877641
3077,0.877641
3078,0.877641
3079,0.873186
3080,0.873186
3081,0.873186
3082,0.873186
3083,0.873186
3084,0.873186
3085,0.873507
3086,0.873507
3087,0.873507
3088,0.873507
3089,0.873507
3090,0.873507
3091,0.875141
3092,0.875141
3093,0.875141
3094,0.875141
3095,0.875141
3096,0.875141
3097,0.874608
3098,0.874608
3099,0.874608
3100,0.874608
3101,0.874608
3102,0.874608
3103,0.874538
3104,0.874538
3105,0.874538
3106,0.874538
3107,0.874538
3108,0.874538
3109,0.872343
3110,0.872343
3111,0.872343
3112,0.872343
3113,0.872343
3114,0.872343
3115,0.870905
3116,0.870905
3117,0.870905
3118,0.870905
3119,0.870905
3120,0.870905
3121,0.869749
3122,0.869749
3123,0.869749
3124,0.869749
3125,0.869749
3126,0.869749
3127,0.870055
3128,0.870055
3129,0.870055
3130,0.870055
3131,0.870055
3132,0.870055
3133,0.871281
3134,0.871281
3135,0.871281
3136,0.871281
3137,0.871281
3138,0.871281
3139,0.86719
3140,0.86719
3141,0.86719
3142,0.86719
3143,0.86719
3144,0.86719
3145,0.864882
3146,0.864882
3147,0.864882
3148,0.864882
3149,0.864882
3150,0.864882
3151,0.861351
3152,0.861351
3153,0.861351
3154,0.861351
3155,0.861351
3156,0.861351
3157,0.859164
3158,0.859164
3159,0.859164
3160,0.859164
3161,0.859164
3162,0.859164
3163,0.859086
3164,0.859086
3165,0.859086
3166,0.859086
3167,0.859086
3168,0.859086
3169,0.859031
3170,0.859031
3171,0.859031
3172,0.859031
3173,0.859031
3174,0.859031
3175,0.858341
3176,0.858341
3177,0.858341
3178,0.858341
3179,0.858341
3180,0.858341
3181,0.858181
3182,0.858181
3183,0.858181
3184,0.858181
3185,0.858181
3186,0.858181
3187,0.855508
3188,0.855508
3189,0.855508
3190,0.855508
3191,0.855508
3192,0.855508
3193,0.852365
3194,0.852365
3195,0.852365
3196,0.852365
3197,0.852365
3198,0.852365
3199,0.851147
3200,0.851147
3201,0.851147
3202,0.851147
3203,0.851147
3204,0.851147
3205,0.850167
3206,0.850167
3207,0.850167
3208,0.850167
3209,0.850167
3210,0.850167
3211,0.849971
3212,0.849971
3213,0.849971
3214,0.849971
3215,0.849971
3216,0.849971
3217,0.848858
3218,0.848858
3219,0.848858
3220,0.848858
3221,0.848858
3222,0.848858
3223,0.848486
3224,0.848486
3225,0.848486
3226,0.848486
3227,0.848486
3228,0.848486
3229,0.847443
3230,0.847443
3231,0.847443
3232,0.847443
3233,0.847443
3234,0.847443
3235,0.846287
3236,0.846287
3237,0.846287
3238,0.846287
3239,0.846287
3240,0.846287
3241,0.846534
3242,0.846534
3243,0.846534
3244,0.846534
3245,0.846534
3246,0.846534
3247,0.844975
3248,0.844975
3249,0.844975
3250,0.844975
3251,0.844975
3252,0.844975
3253,0.845374
3254,0.845374
3255,0.845374
3256,0.845374
3257,0.845374
3258,0.845374
3259,0.845147
3260,0.845147
3261,0.845147
3262,0.845147
3263,0.845147
3264,0.845147
3265,0.847287
3266,0.847287
3267,0.847287
3268,0.847287
3269,0.847287
3270,0.847287
3271,0.846456
3272,0.846456
3273,0.846456
3274,0.846456
3275,0.846456
3276,0.846456
3277,0.846926
3278,0.846926
3279,0.846926
3280,0.846926
3281,0.846926
3282,0.846926
3283,0.847706
3284,0.847706
3285,0.847706
3286,0.847706
3287,0.847706
3288,0.847706
3289,0.851973
3290,0.851973
3291,0.851973
3292,0.851973
3293,0.851973
3294,0.851973
3295,0.851147
3296,0.851147
3297,0.851147
3298,0.851147
3299,0.851147
3300,0.851147
3301,0.850414
3302,0.850414
3303,0.850414
3304,0.850414
3305,0.850414
3306,0.850414
3307,0.849853
3308,0.849853
3309,0.849853
3310,0.849853
3311,0.849853
3312,0.849853
3313,0.849418
3314,0.849418
3315,0.849418
3316,0.849418
3317,0.849418
3318,0.849418
3319,0.850578
3320,0.850578
3321,0.850578
3322,0.850578
3323,0.850578
3324,0.850578
3325,0.850782
3326,0.850782
3327,0.850782
3328,0.850782
3329,0.850782
3330,0.850782
3331,0.852354
3332,0.852354
3333,0.852354
3334,0.852354
3335,0.852354
3336,0.852354
3337,0.853666
3338,0.853666
3339,0.853666
3340,0.853666
3341,0.853666
3342,0.853666
3343,0.853721
3344,0.853721
3345,0.853721
3346,0.853721
3347,0.853721
3348,0.853721
3349,0.851535
3350,0.851535
3351,0.851535
3352,0.851535
3353,0.851535
3354,0.851535
3355,0.852377
3356,0.852377
3357,0.852377
3358,0.852377
3359,0.852377
3360,0.852377
3361,0.854391
3362,0.854391
3363,0.854391
3364,0.854391
3365,0.854391
3366,0.854391
3367,0.854376
3368,0.854376
3369,0.854376
3370,0.854376
3371,0.854376
3372,0.854376
3373,0.854387
3374,0.854387
3375,0.854387
3376,0.854387
3377,0.854387
3378,0.854387
3379,0.853901
3380,0.853901
3381,0.853901
3382,0.853901
3383,0.853901
3384,0.853901
3385,0.85405
3386,0.85405
3387,0.85405
3388,0.85405
3389,0.85405
3390,0.85405
3391,0.853619
3392,0.853619
3393,0.853619
3394,0.853619
3395,0.853619
3396,0.853619
3397,0.851554
3398,0.851554
3399,0.851554
3400,0.851554
3401,0.851554
3402,0.851554
3403,0.85168
3404,0.85168
3405,0.85168
3406,0.85168
3407,0.85168
3408,0.85168
3409,0.851456
3410,0.851456
3411,0.851456
3412,0.851456
3413,0.851456
3414,0.851456
3415,0.854023
3416,0.854023
3417,0.854023
3418,0.854023
3419,0.854023
3420,0.854023
3421,0.853913
3422,0.853913
3423,0.853913
3424,0.853913
3425,0.853913
3426,0.853913
3427,0.853612
3428,0.853612
3429,0.853612
3430,0.853612
3431,0.853612
3432,0.853612
3433,0.854129
3434,0.854129
3435,0.854129
3436,0.854129
3437,0.854129
3438,0.854129
3439,0.860403
3440,0.860403
3441,0.860403
3442,0.860403
3443,0.860403
3444,0.860403
3445,0.860414
3446,0.860414
3447,0.860414
3448,0.860414
3449,0.860414
3450,0.860414
3451,0.86043
3452,0.86043
3453,0.86043
3454,0.86043
3455,0.86043
3456,0.86043
3457,0.860191
3458,0.860191
3459,0.860191
3460,0.860191
3461,0.860191
3462,0.860191
3463,0.862139
3464,0.862139
3465,0.862139
3466,0.862139
3467,0.862139
3468,0.862139
3469,0.861304
3470,0.861304
3471,0.861304
3472,0.861304
3473,0.861304
3474,0.861304
3475,0.860697
3476,0.860697
3477,0.860697
3478,0.860697
3479,0.860697
3480,0.860697
3481,0.860748
3482,0.860748
3483,0.860748
3484,0.860748
3485,0.860748
3486,0.860748
3487,0.861261
3488,0.861261
3489,0.861261
3490,0.861261
3491,0.861261
3492,0.861261
3493,0.860559
3494,0.860559
3495,0.860559
3496,0.860559
3497,0.860559
3498,0.860559
3499,0.859881
3500,0.859881
3501,0.859881
3502,0.859881
3503,0.859881
3504,0.859881
3505,0.85958
3506,0.85958
3507,0.85958
3508,0.85958
3509,0.85958
3510,0.85958
3511,0.860599
3512,0.860599
3513,0.860599
3514,0.860599
3515,0.860599
3516,0.860599
3517,0.859913
3518,0.859913
3519,0.859913
3520,0.859913
3521,0.859913
3522,0.859913
3523,0.859646
3524,0.859646
3525,0.859646
3526,0.859646
3527,0.859646
3528,0.859646
3529,0.859533
3530,0.859533
3531,0.859533
3532,0.859533
3533,0.859533
3534,0.859533
3535,0.859298
3536,0.859298
3537,0.859298
3538,0.859298
3539,0.859298
3540,0.859298
3541,0.858976
3542,0.858976
3543,0.858976
3544,0.858976
3545,0.858976
3546,0.858976
3547,0.858835
3548,0.858835
3549,0.858835
3550,0.858835
3551,0.858835
3552,0.858835
3553,0.858091
3554,0.858091
3555,0.858091
3556,0.858091
3557,0.858091
3558,0.858091
3559,0.85764
3560,0.85764
3561,0.85764
3562,0.85764
3563,0.85764
3564,0.85764
3565,0.858263
3566,0.858263
3567,0.858263
3568,0.858263
3569,0.858263
3570,0.858263
3571,0.859568
3572,0.859568
3573,0.859568
3574,0.859568
3575,0.859568
3576,0.859568
3577,0.859266
3578,0.859266
3579,0.859266
3580,0.859266
3581,0.859266
3582,0.859266
3583,0.859317
3584,0.859317
3585,0.859317
3586,0.859317
3587,0.859317
3588,0.859317
3589,0.858933
3590,0.858933
3591,0.858933
3592,0.858933
3593,0.858933
3594,0.858933
3595,0.859074
3596,0.859074
3597,0.859074
3598,0.859074
3599,0.859074
3600,0.859074
3601,0.859168
3602,0.859168
3603,0.859168
3604,0.859168
3605,0.859168
3606,0.859168
3607,0.858769
3608,0.858769
3609,0.858769
3610,0.858769
3611,0.858769
3612,0.858769
3613,0.860175
3614,0.860175
3615,0.860175
3616,0.860175
3617,0.860175
3618,0.860175
3619,0.862315
3620,0.862315
3621,0.862315
3622,0.862315
3623,0.862315
3624,0.862315
3625,0.863702
3626,0.863702
3627,0.863702
3628,0.863702
3629,0.863702
3630,0.863702
3631,0.863851
3632,0.863851
3633,0.863851
3634,0.863851
3635,0.863851
3636,0.863851
3637,0.861962
3638,0.861962
3639,0.861962
3640,0.861962
3641,0.861962
3642,0.861962
3643,0.860003
3644,0.860003
3645,0.860003
3646,0.860003
3647,0.860003
3648,0.860003
3649,0.858988
3650,0.858988
3651,0.858988
3652,0.858988
3653,0.858988
3654,0.858988
3655,0.859062
3656,0.859062
3657,0.859062
3658,0.859062
3659,0.859062
3660,0.859062
3661,0.85891
3662,0.85891
3663,0.85891
3664,0.85891
3665,0.85891
3666,0.85891
3667,0.859117
3668,0.859117
3669,0.859117
3670,0.859117
3671,0.859117
3672,0.859117
3673,0.858953
3674,0.858953
3675,0.858953
3676,0.858953
3677,0.858953
3678,0.858953
3679,0.860642
3680,0.860642
3681,0.860642
3682,0.860642
3683,0.860642
3684,0.860642
3685,0.860994
3686,0.860994
3687,0.860994
3688,0.860994
3689,0.860994
3690,0.860994
3691,0.860967
3692,0.860967
3693,0.860967
3694,0.860967
3695,0.860967
3696,0.860967
3697,0.861343
3698,0.861343
3699,0.861343
3700,0.861343
3701,0.861343
3702,0.861343
3703,0.861574
3704,0.861574
3705,0.861574
3706,0.861574
3707,0.861574
3708,0.861574
3709,0.861233
3710,0.861233
3711,0.861233
3712,0.861233
3713,0.861233
3714,0.861233
3715,0.859305
3716,0.859305
3717,0.859305
3718,0.859305
3719,0.859305
3720,0.859305
3721,0.857687
3722,0.857687
3723,0.857687
3724,0.857687
3725,0.857687
3726,0.857687
3727,0.856598
3728,0.856598
3729,0.856598
3730,0.856598
3731,0.856598
3732,0.856598
3733,0.856656
3734,0.856656
3735,0.856656
3736,0.856656
3737,0.856656
3738,0.856656
3739,0.855861
3740,0.855861
3741,0.855861
3742,0.855861
3743,0.855861
3744,0.855861
3745,0.855014
3746,0.855014
3747,0.855014
3748,0.855014
3749,0.855014
3750,0.855014
3751,0.854254
3752,0.854254
3753,0.854254
3754,0.854254
3755,0.854254
3756,0.854254
3757,0.853298
3758,0.853298
3759,0.853298
3760,0.853298
3761,0.853298
3762,0.853298
3763,0.851656
3764,0.851656
3765,0.851656
3766,0.851656
3767,0.851656
3768,0.851656
3769,0.849716
3770,0.849716
3771,0.849716
3772,0.849716
3773,0.849716
3774,0.849716
3775,0.853114
3776,0.853114
3777,0.853114
3778,0.853114
3779,0.853114
3780,0.853114
3781,0.853094
3782,0.853094
3783,0.853094
3784,0.853094
3785,0.853094
3786,0.853094
3787,0.852299
3788,0.852299
3789,0.852299
3790,0.852299
3791,0.852299
3792,0.852299
3793,0.851864
3794,0.851864
3795,0.851864
3796,0.851864
3797,0.851864
3798,0.851864
3799,0.852675
3800,0.852675
3801,0.852675
3802,0.852675
3803,0.852675
3804,0.852675
3805,0.851198
3806,0.851198
3807,0.851198
3808,0.851198
3809,0.851198
3810,0.851198
3811,0.850896
3812,0.850896
3813,0.850896
3814,0.850896
3815,0.850896
3816,0.850896
3817,0.851613
3818,0.851613
3819,0.851613
3820,0.851613
3821,0.851613
3822,0.851613
3823,0.859972
3824,0.859972
3825,0.859972
3826,0.859972
3827,0.859972
3828,0.859972
3829,0.859599
3830,0.859599
3831,0.859599
3832,0.859599
3833,0.859599
3834,0.859599
3835,0.860559
3836,0.860559
3837,0.860559
3838,0.860559
3839,0.860559
3840,0.860559
3841,0.860712
3842,0.860712
3843,0.860712
3844,0.860712
3845,0.860712
3846,0.860712
3847,0.859454
3848,0.859454
3849,0.859454
3850,0.859454
3851,0.859454
3852,0.859454
3853,0.859544
3854,0.859544
3855,0.859544
3856,0.859544
3857,0.859544
3858,0.859544
3859,0.858675
3860,0.858675
3861,0.858675
3862,0.858675
3863,0.858675
3864,0.858675
3865,0.858898
3866,0.858898
3867,0.858898
3868,0.858898
3869,0.858898
3870,0.858898
3871,0.860269
3872,0.860269
3873,0.860269
3874,0.860269
3875,0.860269
3876,0.860269
3877,0.861441
3878,0.861441
3879,0.861441
3880,0.861441
3881,0.861441
3882,0.861441
3883,0.860932
3884,0.860932
3885,0.860932
3886,0.860932
3887,0.860932
3888,0.860932
3889,0.860497
3890,0.860497
3891,0.860497
3892,0.860497
3893,0.860497
3894,0.860497
3895,0.861488
3896,0.861488
3897,0.861488
3898,0.861488
3899,0.861488
3900,0.861488
3901,0.856907
3902,0.856907
3903,0.856907
3904,0.856907
3905,0.856907
3906,0.856907
3907,0.860144
3908,0.860144
3909,0.860144
3910,0.860144
3911,0.860144
3912,0.860144
3913,0.859807
3914,0.859807
3915,0.859807
3916,0.859807
3917,0.859807
3918,0.859807
3919,0.859196
3920,0.859196
3921,0.859196
3922,0.859196
3923,0.859196
3924,0.859196
3925,0.860179
3926,0.860179
3927,0.860179
3928,0.860179
3929,0.860179
3930,0.860179
3931,0.860081
3932,0.860081
3933,0.860081
3934,0.860081
3935,0.860081
3936,0.860081
3937,0.860136
3938,0.860136
3939,0.860136
3940,0.860136
3941,0.860136
3942,0.860136
3943,0.85967
3944,0.85967
3945,0.85967
3946,0.85967
3947,0.85967
3948,0.85967
3949,0.861324
3950,0.861324
3951,0.861324
3952,0.861324
3953,0.861324
3954,0.861324
3955,0.860693
3956,0.860693
3957,0.860693
3958,0.860693
3959,0.860693
3960,0.860693
3961,0.860505
3962,0.860505
3963,0.860505
3964,0.860505
3965,0.860505
3966,0.860505
3967,0.860046
3968,0.860046
3969,0.860046
3970,0.860046
3971,0.860046
3972,0.860046
3973,0.861668
3974,0.861668
3975,0.861668
3976,0.861668
3977,0.861668
3978,0.861668
3979,0.861751
3980,0.861751
3981,0.861751
3982,0.861751
3983,0.861751
3984,0.861751
3985,0.856656
3986,0.856656
3987,0.856656
3988,0.856656
3989,0.856656
3990,0.856656
3991,0.860638
3992,0.860638
3993,0.860638
3994,0.860638
3995,0.860638
3996,0.860638
3997,0.861465
3998,0.861465
3999,0.861465
4000,0.861465
4001,0.861465
4002,0.861465
4003,0.860959
4004,0.860959
4005,0.860959
4006,0.860959
4007,0.860959
4008,0.860959
4009,0.860744
4010,0.860744
4011,0.860744
4012,0.860744
4013,0.860744
4014,0.860744
4015,0.861002
4016,0.861002
4017,0.861002
4018,0.861002
4019,0.861002
4020,0.861002
4021,0.861347
4022,0.861347
4023,0.861347
4024,0.861347
4025,0.861347
4026,0.861347
4027,0.860516
4028,0.860516
4029,0.860516
4030,0.860516
4031,0.860516
4032,0.860516
4033,0.857957
4034,0.857957
4035,0.857957
4036,0.857957
4037,0.857957
4038,0.857957
4039,0.859321
4040,0.859321
4041,0.859321
4042,0.859321
4043,0.859321
4044,0.859321
4045,0.860579
4046,0.860579
4047,0.860579
4048,0.860579
4049,0.860579
4050,0.860579
4051,0.860712
4052,0.860712
4053,0.860712
4054,0.860712
4055,0.860712
4056,0.860712
4057,0.860399
4058,0.860399
4059,0.860399
4060,0.860399
4061,0.860399
4062,0.860399
4063,0.860101
4064,0.860101
4065,0.860101
4066,0.860101
4067,0.860101
4068,0.860101
4069,0.860818
4070,0.860818
4071,0.860818
4072,0.860818
4073,0.860818
4074,0.860818
4075,0.860595
4076,0.860595
4077,0.860595
4078,0.860595
4079,0.860595
4080,0.860595
4081,0.860109
4082,0.860109
4083,0.860109
4084,0.860109
4085,0.860109
4086,0.860109
4087,0.860364
4088,0.860364
4089,0.860364
4090,0.860364
4091,0.860364
4092,0.860364
4093,0.859881
4094,0.859881
4095,0.859881
4096,0.859881
4097,0.859881
4098,0.859881
4099,0.861594
4100,0.861594
4101,0.861594
4102,0.861594
4103,0.861594
4104,0.861594
4105,0.860834
4106,0.860834
4107,0.860834
4108,0.860834
4109,0.860834
4110,0.860834
4111,0.860113
4112,0.860113
4113,0.860113
4114,0.860113
4115,0.860113
4116,0.860113
4117,0.858804
4118,0.858804
4119,0.858804
4120,0.858804
4121,0.858804
4122,0.858804
4123,0.859717
4124,0.859717
4125,0.859717
4126,0.859717
4127,0.859717
4128,0.859717
4129,0.859447
4130,0.859447
4131,0.859447
4132,0.859447
4133,0.859447
4134,0.859447
4135,0.857993
4136,0.857993
4137,0.857993
4138,0.857993
4139,0.857993
4140,0.857993
4141,0.85802
4142,0.85802
4143,0.85802
4144,0.85802
4145,0.85802
4146,0.85802
4147,0.858506
4148,0.858506
4149,0.858506
4150,0.858506
4151,0.858506
4152,0.858506
4153,0.85842
4154,0.85842
4155,0.85842
4156,0.85842
4157,0.85842
4158,0.85842
4159,0.855786
4160,0.855786
4161,0.855786
4162,0.855786
4163,0.855786
4164,0.855786
4165,0.853251
4166,0.853251
4167,0.853251
4168,0.853251
4169,0.853251
4170,0.853251
4171,0.851053
4172,0.851053
4173,0.851053
4174,0.851053
4175,0.851053
4176,0.851053
4177,0.849336
4178,0.849336
4179,0.849336
4180,0.849336
4181,0.849336
4182,0.849336
4183,0.851111
4184,0.851111
4185,0.851111
4186,0.851111
4187,0.851111
4188,0.851111
4189,0.858557
4190,0.858557
4191,0.858557
4192,0.858557
4193,0.858557
4194,0.858557
4195,0.866826
4196,0.866826
4197,0.866826
4198,0.866826
4199,0.866826
4200,0.866826
4201,0.872641
4202,0.872641
4203,0.872641
4204,0.872641
4205,0.872641
4206,0.872641
4207,0.864247
4208,0.864247
4209,0.864247
4210,0.864247
4211,0.864247
4212,0.864247
4213,0.861931
4214,0.861931
4215,0.861931
4216,0.861931
4217,0.861931
4218,0.861931
4219,0.866692
4220,0.866692
4221,0.866692
4222,0.866692
4223,0.866692
4224,0.866692
4225,0.876744
4226,0.876744
4227,0.876744
4228,0.876744
4229,0.876744
4230,0.876744
4231,0.886784
4232,0.886784
4233,0.886784
4234,0.886784
4235,0.886784
4236,0.886784
4237,0.897243
4238,0.897243
4239,0.897243
4240,0.897243
4241,0.897243
4242,0.897243
4243,0.899661
4244,0.899661
4245,0.899661
4246,0.899661
4247,0.899661
4248,0.899661
4249,0.896341
4250,0.896341
4251,0.896341
4252,0.896341
4253,0.896341
4254,0.896341
4255,0.883323
4256,0.883323
4257,0.883323
4258,0.883323
4259,0.883323
4260,0.883323
4261,0.874663
4262,0.874663
4263,0.874663
4264,0.874663
4265,0.874663
4266,0.874663
4267,0.876015
4268,0.876015
4269,0.876015
4270,0.876015
4271,0.876015
4272,0.876015
4273,0.882743
4274,0.882743
4275,0.882743
4276,0.882743
4277,0.882743
4278,0.882743
4279,0.887328
4280,0.887328
4281,0.887328
4282,0.887328
4283,0.887328
4284,0.887328
4285,0.903462
4286,0.903462
4287,0.903462
4288,0.903462
4289,0.903462
4290,0.903462
4291,0.913506
4292,0.913506
4293,0.913506
4294,0.913506
4295,0.913506
4296,0.913506
4297,0.903752
4298,0.903752
4299,0.903752
4300,0.903752
4301,0.903752
4302,0.903752
4303,0.893465
4304,0.893465
4305,0.893465
4306,0.893465
4307,0.893465
4308,0.893465
4309,0.885353
4310,0.885353
4311,0.885353
4312,0.885353
4313,0.885353
4314,0.885353
4315,0.891772
4316,0.891772
4317,0.891772
4318,0.891772
4319,0.891772
4320,0.891772
4321,0.872273
4322,0.872273
4323,0.872273
4324,0.872273
4325,0.872273
4326,0.872273
4327,0.863487
4328,0.863487
4329,0.863487
4330,0.863487
4331,0.863487
4332,0.863487
4333,0.868056
4334,0.868056
4335,0.868056
4336,0.868056
4337,0.868056
4338,0.868056
4339,0.851778
4340,0.851778
4341,0.851778
4342,0.851778
4343,0.851778
4344,0.851778
4345,0.836831
4346,0.836831
4347,0.836831
4348,0.836831
4349,0.836831
4350,0.836831
4351,0.825063
4352,0.825063
4353,0.825063
4354,0.825063
4355,0.825063
4356,0.825063
4357,0.820537
4358,0.820537
4359,0.820537
4360,0.820537
4361,0.820537
4362,0.820537
4363,0.829029
4364,0.829029
4365,0.829029
4366,0.829029
4367,0.829029
4368,0.829029
4369,0.843403
4370,0.843403
4371,0.843403
4372,0.843403
4373,0.843403
4374,0.843403
4375,0.857875
4376,0.857875
4377,0.857875
4378,0.857875
4379,0.857875
4380,0.857875
4381,0.858134
4382,0.858134
4383,0.858134
4384,0.858134
4385,0.858134
4386,0.858134
4387,0.862621
4388,0.862621
4389,0.862621
4390,0.862621
4391,0.862621
4392,0.862621
4393,0.865803
4394,0.865803
4395,0.865803
4396,0.865803
4397,0.865803
4398,0.865803
4399,0.853474
4400,0.853474
4401,0.853474
4402,0.853474
4403,0.853474
4404,0.853474
4405,0.842079
4406,0.842079
4407,0.842079
4408,0.842079
4409,0.842079
4410,0.842079
4411,0.78262
4412,0.78262
4413,0.78262
4414,0.78262
4415,0.78262
4416,0.78262
4417,0.79505
4418,0.79505
4419,0.79505
4420,0.79505
4421,0.79505
4422,0.79505
4423,0.844857
4424,0.844857
4425,0.844857
4426,0.844857
4427,0.844857
4428,0.844857
4429,0.837662
4430,0.837662
4431,0.837662
4432,0.837662
4433,0.837662
4434,0.837662
4435,0.828104
4436,0.828104
4437,0.828104
4438,0.828104
4439,0.828104
4440,0.828104
4441,0.806136
4442,0.806136
4443,0.806136
4444,0.806136
4445,0.806136
4446,0.806136
4447,0.795211
4448,0.795211
4449,0.795211
4450,0.795211
4451,0.795211
4452,0.795211
4453,0.777274
4454,0.777274
4455,0.777274
4456,0.777274
4457,0.777274
4458,0.777274
4459,0.741637
4460,0.741637
4461,0.741637
4462,0.741637
4463,0.741637
4464,0.741637
4465,0.730144
4466,0.730144
4467,0.730144
4468,0.730144
4469,0.730144
4470,0.730144
4471,0.732832
4472,0.732832
4473,0.732832
4474,0.732832
4475,0.732832
4476,0.732832
4477,0.744467
4478,0.744467
4479,0.744467
4480,0.744467
4481,0.744467
4482,0.744467
4483,0.726907
4484,0.726907
4485,0.726907
4486,0.726907
4487,0.726907
4488,0.726907
4489,0.733549
4490,0.733549
4491,0.733549
4492,0.733549
4493,0.733549
4494,0.733549
4495,0.750008
4496,0.750008
4497,0.750008
4498,0.750008
4499,0.750008
4500,0.750008
4501,0.78175
4502,0.78175
4503,0.78175
4504,0.78175
4505,0.78175
4506,0.78175
4507,0.841655
4508,0.841655
4509,0.841655
4510,0.841655
4511,0.841655
4512,0.841655
4513,0.874898
4514,0.874898
4515,0.874898
4516,0.874898
4517,0.874898
4518,0.874898
4519,0.896718
4520,0.896718
4521,0.896718
4522,0.896718
4523,0.896718
4524,0.896718
4525,0.898375
4526,0.898375
4527,0.898375
4528,0.898375
4529,0.898375
4530,0.898375
4531,0.900648
4532,0.900648
4533,0.900648
4534,0.900648
4535,0.900648
4536,0.900648
4537,0.896729
4538,0.896729
4539,0.896729
4540,0.896729
4541,0.896729
4542,0.896729
4543,0.902047
4544,0.902047
4545,0.902047
4546,0.902047
4547,0.902047
4548,0.902047
4549,0.886733
4550,0.886733
4551,0.886733
4552,0.886733
4553,0.886733
4554,0.886733
4555,0.865897
4556,0.865897
4557,0.865897
4558,0.865897
4559,0.865897
4560,0.865897
4561,0.843576
4562,0.843576
4563,0.843576
4564,0.843576
4565,0.843576
4566,0.843576
4567,0.834147
4568,0.834147
4569,0.834147
4570,0.834147
4571,0.834147
4572,0.834147
4573,0.85023
4574,0.85023
4575,0.85023
4576,0.85023
4577,0.85023
4578,0.85023
4579,0.82506
4580,0.82506
4581,0.82506
4582,0.82506
4583,0.82506
4584,0.82506
4585,0.809365
4586,0.809365
4587,0.809365
4588,0.809365
4589,0.809365
4590,0.809365
4591,0.812559
4592,0.812559
4593,0.812559
4594,0.812559
4595,0.812559
4596,0.812559
4597,0.842729
4598,0.842729
4599,0.842729
4600,0.842729
4601,0.842729
4602,0.842729
4603,0.828637
4604,0.828637
4605,0.828637
4606,0.828637
4607,0.828637
4608,0.828637
4609,0.80949
4610,0.80949
4611,0.80949
4612,0.80949
4613,0.80949
4614,0.80949
4615,0.830679
4616,0.830679
4617,0.830679
4618,0.830679
4619,0.830679
4620,0.830679
4621,0.83265
4622,0.83265
4623,0.83265
4624,0.83265
4625,0.83265
4626,0.83265
4627,0.813687
4628,0.813687
4629,0.813687
4630,0.813687
4631,0.813687
4632,0.813687
4633,0.785508
4634,0.785508
4635,0.785508
4636,0.785508
4637,0.785508
4638,0.785508
4639,0.774061
4640,0.774061
4641,0.774061
4642,0.774061
4643,0.774061
4644,0.774061
4645,0.791786
4646,0.791786
4647,0.791786
4648,0.791786
4649,0.791786
4650,0.791786
4651,0.805297
4652,0.805297
4653,0.805297
4654,0.805297
4655,0.805297
4656,0.805297
4657,0.818989
4658,0.818989
4659,0.818989
4660,0.818989
4661,0.818989
4662,0.818989
4663,0.839849
4664,0.839849
4665,0.839849
4666,0.839849
4667,0.839849
4668,0.839849
4669,0.84673
4670,0.84673
4671,0.84673
4672,0.84673
4673,0.84673
4674,0.84673
4675,0.819291
4676,0.819291
4677,0.819291
4678,0.819291
4679,0.819291
4680,0.819291
4681,0.763931
4682,0.763931
4683,0.763931
4684,0.763931
4685,0.763931
4686,0.763931
4687,0.704688
4688,0.704688
4689,0.704688
4690,0.704688
4691,0.704688
4692,0.704688
4693,0.683385
4694,0.683385
4695,0.683385
4696,0.683385
4697,0.683385
4698,0.683385
4699,0.689424
4700,0.689424
4701,0.689424
4702,0.689424
4703,0.689424
4704,0.689424
4705,0.712792
4706,0.712792
4707,0.712792
4708,0.712792
4709,0.712792
4710,0.712792
4711,0.741492
4712,0.741492
4713,0.741492
4714,0.741492
4715,0.741492
4716,0.741492
4717,0.780519
4718,0.780519
4719,0.780519
4720,0.780519
4721,0.780519
4722,0.780519
4723,0.809545
4724,0.809545
4725,0.809545
4726,0.809545
4727,0.809545
4728,0.809545
4729,0.827231
4730,0.827231
4731,0.827231
4732,0.827231
4733,0.827231
4734,0.827231
4735,0.842588
4736,0.842588
4737,0.842588
4738,0.842588
4739,0.842588
4740,0.842588
4741,0.859388
4742,0.859388
4743,0.859388
4744,0.859388
4745,0.859388
4746,0.859388
4747,0.822164
4748,0.822164
4749,0.822164
4750,0.822164
4751,0.822164
4752,0.822164
4753,0.691987
4754,0.691987
4755,0.691987
4756,0.691987
4757,0.691987
4758,0.691987
4759,0.532388
4760,0.532388
4761,0.532388
4762,0.532388
4763,0.532388
4764,0.532388
4765,0.409407
4766,0.409407
4767,0.409407
4768,0.409407
4769,0.409407
4770,0.409407
4771,0.343744
4772,0.343744
4773,0.343744
4774,0.343744
4775,0.343744
4776,0.343744
4777,0.316795
4778,0.316795
4779,0.316795
4780,0.316795
4781,0.316795
4782,0.316795
4783,0.290767
4784,0.290767
4785,0.290767
4786,0.290767
4787,0.290767
4788,0.290767
4789,0.252242
4790,0.252242
4791,0.252242
4792,0.252242
4793,0.252242
4794,0.252242
4795,0.207866
4796,0.207866
4797,0.207866
4798,0.207866
4799,0.207866
4800,0.207866
4801,0.188256
4802,0.188256
4803,0.188256
4804,0.188256
4805,0.188256
4806,0.188256
4807,0.187813
4808,0.187813
4809,0.187813
4810,0.187813
4811,0.187813
4812,0.187813
4813,0.179502
4814,0.179502
4815,0.179502
4816,0.179502
4817,0.179502
4818,0.179502
4819,0.170947
4820,0.170947
4821,0.170947
4822,0.170947
4823,0.170947
4824,0.170947
4825,0.157667
4826,0.157667
4827,0.157667
4828,0.157667
4829,0.157667
4830,0.157667
4831,0.157663
4832,0.157663
4833,0.157663
4834,0.157663
4835,0.157663
4836,0.157663
4837,0.15617
4838,0.15617
4839,0.15617
4840,0.15617
4841,0.15617
4842,0.15617
4843,0.156209
4844,0.156209
4845,0.156209
4846,0.156209
4847,0.156209
4848,0.156209
4849,0.155872
4850,0.155872
4851,0.155872
4852,0.155872
4853,0.155872
4854,0.155872
4855,0.156189
4856,0.156189
4857,0.156189
4858,0.156189
4859,0.156189
4860,0.156189
4861,0.156577
4862,0.156577
4863,0.156577
4864,0.156577
4865,0.156577
4866,0.156577
4867,0.156056
4868,0.156056
4869,0.156056
4870,0.156056
4871,0.156056
4872,0.156056
4873,0.156221
4874,0.156221
4875,0.156221
4876,0.156221
4877,0.156221
4878,0.156221
4879,0.155923
4880,0.155923
4881,0.155923
4882,0.155923
4883,0.155923
4884,0.155923
4885,0.153458
4886,0.153458
4887,0.153458
4888,0.153458
4889,0.153458
4890,0.153458
4891,0.153873
4892,0.153873
4893,0.153873
4894,0.153873
4895,0.153873
4896,0.153873
4897,0.153356
4898,0.153356
4899,0.153356
4900,0.153356
4901,0.153356
4902,0.153356
4903,0.153235
4904,0.153235
4905,0.153235
4906,0.153235
4907,0.153235
4908,0.153235
4909,0.153767
4910,0.153767
4911,0.153767
4912,0.153767
4913,0.153767
4914,0.153767
4915,0.154218
4916,0.154218
4917,0.154218
4918,0.154218
4919,0.154218
4920,0.154218
4921,0.198037
4922,0.198037
4923,0.198037
4924,0.198037
4925,0.198037
4926,0.198037
4927,0.254934
4928,0.254934
4929,0.254934
4930,0.254934
4931,0.254934
4932,0.254934
4933,0.290872
4934,0.290872
4935,0.290872
4936,0.290872
4937,0.290872
4938,0.290872
4939,0.400092
4940,0.400092
4941,0.400092
4942,0.400092
4943,0.400092
4944,0.400092
4945,0.470958
4946,0.470958
4947,0.470958
4948,0.470958
4949,0.470958
4950,0.470958
4951,0.466405
4952,0.466405
4953,0.466405
4954,0.466405
4955,0.466405
4956,0.466405
4957,0.404908
4958,0.404908
4959,0.404908
4960,0.404908
4961,0.404908
4962,0.404908
4963,0.318296
4964,0.318296
4965,0.318296
4966,0.318296
4967,0.318296
4968,0.318296
4969,0.248103
4970,0.248103
4971,0.248103
4972,0.248103
4973,0.248103
4974,0.248103
4975,0.282784
4976,0.282784
4977,0.282784
4978,0.282784
4979,0.282784
4980,0.282784
4981,0.318441
4982,0.318441
4983,0.318441
4984,0.318441
4985,0.318441
4986,0.318441
4987,0.305125
4988,0.305125
4989,0.305125
4990,0.305125
4991,0.305125
4992,0.305125
4993,0.275005
4994,0.275005
4995,0.275005
4996,0.275005
4997,0.275005
4998,0.275005
4999,0.247073
5000,0.247073
5001,0.247073
5002,0.247073
5003,0.247073
5004,0.247073
5005,0.241042
5006,0.241042
5007,0.241042
5008,0.241042
5009,0.241042
5010,0.241042
5011,0.232464
5012,0.232464
5013,0.232464
5014,0.232464
5015,0.232464
5016,0.232464
5017,0.214849
5018,0.214849
5019,0.214849
5020,0.214849
5021,0.214849
5022,0.214849
5023,0.197109
5024,0.197109
5025,0.197109
5026,0.197109
5027,0.197109
5028,0.197109
5029,0.208261
5030,0.208261
5031,0.208261
5032,0.208261
5033,0.208261
5034,0.208261
5035,0.183338
5036,0.183338
5037,0.183338
5038,0.183338
5039,0.183338
5040,0.183338
5041,0.177225
5042,0.177225
5043,0.177225
5044,0.177225
5045,0.177225
5046,0.177225
5047,0.174404
5048,0.174404
5049,0.174404
5050,0.174404
5051,0.174404
5052,0.174404
5053,0.204139
5054,0.204139
5055,0.204139
5056,0.204139
5057,0.204139
5058,0.204139
5059,0.270871
5060,0.270871
5061,0.270871
5062,0.270871
5063,0.270871
5064,0.270871
5065,0.364521
5066,0.364521
5067,0.364521
5068,0.364521
5069,0.364521
5070,0.364521
5071,0.426234
5072,0.426234
5073,0.426234
5074,0.426234
5075,0.426234
5076,0.426234
5077,0.515769
5078,0.515769
5079,0.515769
5080,0.515769
5081,0.515769
5082,0.515769
5083,0.562096
5084,0.562096
5085,0.562096
5086,0.562096
5087,0.562096
5088,0.562096
5089,0.498977
5090,0.498977
5091,0.498977
5092,0.498977
5093,0.498977
5094,0.498977
5095,0.346299
5096,0.346299
5097,0.346299
5098,0.346299
5099,0.346299
5100,0.346299
5101,0.296982
5102,0.296982
5103,0.296982
5104,0.296982
5105,0.296982
5106,0.296982
5107,0.217216
5108,0.217216
5109,0.217216
5110,0.217216
5111,0.217216
5112,0.217216
5113,0.198147
5114,0.198147
5115,0.198147
5116,0.198147
5117,0.198147
5118,0.198147
5119,0.206835
5120,0.206835
5121,0.206835
5122,0.206835
5123,0.206835
5124,0.206835
5125,0.166688
5126,0.166688
5127,0.166688
5128,0.166688
5129,0.166688
5130,0.166688
5131,0.132387
5132,0.132387
5133,0.132387
5134,0.132387
5135,0.132387
5136,0.132387
5137,0.131305
5138,0.131305
5139,0.131305
5140,0.131305
5141,0.131305
5142,0.131305
5143,0.131705
5144,0.131705
5145,0.131705
5146,0.131705
5147,0.131705
5148,0.131705
5149,0.132261
5150,0.132261
5151,0.132261
5152,0.132261
5153,0.132261
5154,0.132261
5155,0.132528
5156,0.132528
5157,0.132528
5158,0.132528
5159,0.132528
5160,0.132528
5161,0.132414
5162,0.132414
5163,0.132414
5164,0.132414
5165,0.132414
5166,0.132414
5167,0.13281
5168,0.13281
5169,0.13281
5170,0.13281
5171,0.13281
5172,0.13281
5173,0.133045
5174,0.133045
5175,0.133045
5176,0.133045
5177,0.133045
5178,0.133045
5179,0.133057
5180,0.133057
5181,0.133057
5182,0.133057
5183,0.133057
5184,0.133057
5185,0.132199
5186,0.132199
5187,0.132199
5188,0.132199
5189,0.132199
5190,0.132199
5191,0.132457
5192,0.132457
5193,0.132457
5194,0.132457
5195,0.132457
5196,0.132457
5197,0.132857
5198,0.132857
5199,0.132857
5200,0.132857
5201,0.132857
5202,0.132857
5203,0.132814
5204,0.132814
5205,0.132814
5206,0.132814
5207,0.132814
5208,0.132814
5209,0.133163
5210,0.133163
5211,0.133163
5212,0.133163
5213,0.133163
5214,0.133163
5215,0.133198
5216,0.133198
5217,0.133198
5218,0.133198
5219,0.133198
5220,0.133198
5221,0.132183
5222,0.132183
5223,0.132183
5224,0.132183
5225,0.132183
5226,0.132183
5227,0.132736
5228,0.132736
5229,0.132736
5230,0.132736
5231,0.132736
5232,0.132736
5233,0.132818
5234,0.132818
5235,0.132818
5236,0.132818
5237,0.132818
5238,0.132818
5239,0.132888
5240,0.132888
5241,0.132888
5242,0.132888
5243,0.132888
5244,0.132888
5245,0.130565
5246,0.130565
5247,0.130565
5248,0.130565
5249,0.130565
5250,0.130565
5251,0.130784
5252,0.130784
5253,0.130784
5254,0.130784
5255,0.130784
5256,0.130784
5257,0.131274
5258,0.131274
5259,0.131274
5260,0.131274
5261,0.131274
5262,0.131274
5263,0.175293
5264,0.175293
5265,0.175293
5266,0.175293
5267,0.175293
5268,0.175293
5269,0.23378
5270,0.23378
5271,0.23378
5272,0.23378
5273,0.23378
5274,0.23378
5275,0.286836
5276,0.286836
5277,0.286836
5278,0.286836
5279,0.286836
5280,0.286836
5281,0.308734
5282,0.308734
5283,0.308734
5284,0.308734
5285,0.308734
5286,0.308734
5287,0.301241
5288,0.301241
5289,0.301241
5290,0.301241
5291,0.301241
5292,0.301241
5293,0.3077
5294,0.3077
5295,0.3077
5296,0.3077
5297,0.3077
5298,0.3077
5299,0.373358
5300,0.373358
5301,0.373358
5302,0.373358
5303,0.373358
5304,0.373358
5305,0.473415
5306,0.473415
5307,0.473415
5308,0.473415
5309,0.473415
5310,0.473415
5311,0.539458
5312,0.539458
5313,0.539458
5314,0.539458
5315,0.539458
5316,0.539458
5317,0.584829
5318,0.584829
5319,0.584829
5320,0.584829
5321,0.584829
5322,0.584829
5323,0.619032
5324,0.619032
5325,0.619032
5326,0.619032
5327,0.619032
5328,0.619032
5329,0.611951
5330,0.611951
5331,0.611951
5332,0.611951
5333,0.611951
5334,0.611951
5335,0.588822
5336,0.588822
5337,0.588822
5338,0.588822
5339,0.588822
5340,0.588822
5341,0.572226
5342,0.572226
5343,0.572226
5344,0.572226
5345,0.572226
5346,0.572226
5347,0.549533
5348,0.549533
5349,0.549533
5350,0.549533
5351,0.549533
5352,0.549533
5353,0.558573
5354,0.558573
5355,0.558573
5356,0.558573
5357,0.558573
5358,0.558573
5359,0.570827
5360,0.570827
5361,0.570827
5362,0.570827
5363,0.570827
5364,0.570827
5365,0.54032
5366,0.54032
5367,0.54032
5368,0.54032
5369,0.54032
5370,0.54032
5371,0.493934
5372,0.493934
5373,0.493934
5374,0.493934
5375,0.493934
5376,0.493934
5377,0.492351
5378,0.492351
5379,0.492351
5380,0.492351
5381,0.492351
5382,0.492351
5383,0.476237
5384,0.476237
5385,0.476237
5386,0.476237
5387,0.476237
5388,0.476237
5389,0.449346
5390,0.449346
5391,0.449346
5392,0.449346
5393,0.449346
5394,0.449346
5395,0.437629
5396,0.437629
5397,0.437629
5398,0.437629
5399,0.437629
5400,0.437629
5401,0.460421
5402,0.460421
5403,0.460421
5404,0.460421
5405,0.460421
5406,0.460421
5407,0.480802
5408,0.480802
5409,0.480802
5410,0.480802
5411,0.480802
5412,0.480802
5413,0.494471
5414,0.494471
5415,0.494471
5416,0.494471
5417,0.494471
5418,0.494471
5419,0.508033
5420,0.508033
5421,0.508033
5422,0.508033
5423,0.508033
5424,0.508033
5425,0.523042
5426,0.523042
5427,0.523042
5428,0.523042
5429,0.523042
5430,0.523042
5431,0.541147
5432,0.541147
5433,0.541147
5434,0.541147
5435,0.541147
5436,0.541147
5437,0.547719
5438,0.547719
5439,0.547719
5440,0.547719
5441,0.547719
5442,0.547719
5443,0.562245
5444,0.562245
5445,0.562245
5446,0.562245
5447,0.562245
5448,0.562245
5449,0.574934
5450,0.574934
5451,0.574934
5452,0.574934
5453,0.574934
5454,0.574934
5455,0.590543
5456,0.590543
5457,0.590543
5458,0.590543
5459,0.590543
5460,0.590543
5461,0.595625
5462,0.595625
5463,0.595625
5464,0.595625
5465,0.595625
5466,0.595625
5467,0.617143
5468,0.617143
5469,0.617143
5470,0.617143
5471,0.617143
5472,0.617143
5473,0.641325
5474,0.641325
5475,0.641325
5476,0.641325
5477,0.641325
5478,0.641325
5479,0.643908
5480,0.643908
5481,0.643908
5482,0.643908
5483,0.643908
5484,0.643908
5485,0.649194
5486,0.649194
5487,0.649194
5488,0.649194
5489,0.649194
5490,0.649194
5491,0.650695
5492,0.650695
5493,0.650695
5494,0.650695
5495,0.650695
5496,0.650695
5497,0.675669
5498,0.675669
5499,0.675669
5500,0.675669
5501,0.675669
5502,0.675669
5503,0.733604
5504,0.733604
5505,0.733604
5506,0.733604
5507,0.733604
5508,0.733604
5509,0.776361
5510,0.776361
5511,0.776361
5512,0.776361
5513,0.776361
5514,0.776361
5515,0.797299
5516,0.797299
5517,0.797299
5518,0.797299
5519,0.797299
5520,0.797299
5521,0.824433
5522,0.824433
5523,0.824433
5524,0.824433
5525,0.824433
5526,0.824433
5527,0.823414
5528,0.823414
5529,0.823414
5530,0.823414
5531,0.823414
5532,0.823414
5533,0.827932
5534,0.827932
5535,0.827932
5536,0.827932
5537,0.827932
5538,0.827932
5539,0.82589
5540,0.82589
5541,0.82589
5542,0.82589
5543,0.82589
5544,0.82589
5545,0.831745
5546,0.831745
5547,0.831745
5548,0.831745
5549,0.831745
5550,0.831745
5551,0.831925
5552,0.831925
5553,0.831925
5554,0.831925
5555,0.831925
5556,0.831925
5557,0.830859
5558,0.830859
5559,0.830859
5560,0.830859
5561,0.830859
5562,0.830859
5563,0.830585
5564,0.830585
5565,0.830585
5566,0.830585
5567,0.830585
5568,0.830585
5569,0.829331
5570,0.829331
5571,0.829331
5572,0.829331
5573,0.829331
5574,0.829331
5575,0.818523
5576,0.818523
5577,0.818523
5578,0.818523
5579,0.818523
5580,0.818523
5581,0.816164
5582,0.816164
5583,0.816164
5584,0.816164
5585,0.816164
5586,0.816164
5587,0.817986
5588,0.817986
5589,0.817986
5590,0.817986
5591,0.817986
5592,0.817986
5593,0.821509
5594,0.821509
5595,0.821509
5596,0.821509
5597,0.821509
5598,0.821509
5599,0.821881
5600,0.821881
5601,0.821881
5602,0.821881
5603,0.821881
5604,0.821881
5605,0.821282
5606,0.821282
5607,0.821282
5608,0.821282
5609,0.821282
5610,0.821282
5611,0.819189
5612,0.819189
5613,0.819189
5614,0.819189
5615,0.819189
5616,0.819189
5617,0.816407
5618,0.816407
5619,0.816407
5620,0.816407
5621,0.816407
5622,0.816407
5623,0.810309
5624,0.810309
5625,0.810309
5626,0.810309
5627,0.810309
5628,0.810309
5629,0.80931
5630,0.80931
5631,0.80931
5632,0.80931
5633,0.80931
5634,0.80931
5635,0.809267
5636,0.809267
5637,0.809267
5638,0.809267
5639,0.809267
5640,0.809267
5641,0.811528
5642,0.811528
5643,0.811528
5644,0.811528
5645,0.811528
5646,0.811528
5647,0.815788
5648,0.815788
5649,0.815788
5650,0.815788
5651,0.815788
5652,0.815788
5653,0.812974
5654,0.812974
5655,0.812974
5656,0.812974
5657,0.812974
5658,0.812974
5659,0.807993
5660,0.807993
5661,0.807993
5662,0.807993
5663,0.807993
5664,0.807993
5665,0.808758
5666,0.808758
5667,0.808758
5668,0.808758
5669,0.808758
5670,0.808758
5671,0.804655
5672,0.804655
5673,0.804655
5674,0.804655
5675,0.804655
5676,0.804655
5677,0.806003
5678,0.806003
5679,0.806003
5680,0.806003
5681,0.806003
5682,0.806003
5683,0.806124
5684,0.806124
5685,0.806124
5686,0.806124
5687,0.806124
5688,0.806124
5689,0.805203
5690,0.805203
5691,0.805203
5692,0.805203
5693,0.805203
5694,0.805203
5695,0.809729
5696,0.809729
5697,0.809729
5698,0.809729
5699,0.809729
5700,0.809729
5701,0.808287
5702,0.808287
5703,0.808287
5704,0.808287
5705,0.808287
5706,0.808287
5707,0.805062
5708,0.805062
5709,0.805062
5710,0.805062
5711,0.805062
5712,0.805062
5713,0.805129
5714,0.805129
5715,0.805129
5716,0.805129
5717,0.805129
5718,0.805129
5719,0.80614
5720,0.80614
5721,0.80614
5722,0.80614
