framenum,queue density
1,0.247251
2,0.243345
3,0.239583
4,0.237558
5,0.231047
6,0.231047
7,0.229022
8,0.235243
9,0.234954
10,0.240451
11,0.25434
12,0.259259
13,0.266204
14,0.277199
15,0.280237
16,0.28588
17,0.290654
18,0.294126
19,0.300781
20,0.297164
21,0.300926
22,0.304977
23,0.311198
24,0.311632
25,0.311198
26,0.309751
27,0.310909
28,0.30599
29,0.302662
30,0.305266
31,0.302373
32,0.306568
33,0.306134
34,0.306858
35,0.310041
36,0.308738
37,0.305411
38,0.312789
39,0.310619
40,0.307726
41,0.315249
42,0.314959
43,0.311343
44,0.309751
45,0.293547
46,0.294416
47,0.293113
48,0.292969
49,0.295862
50,0.293692
51,0.291956
52,0.290509
53,0.293403
54,0.289786
55,0.287326
56,0.286458
57,0.286314
58,0.290509
59,0.291956
60,0.28776
61,0.286024
62,0.286892
63,0.284288
64,0.283709
65,0.281684
66,0.280237
67,0.282552
68,0.282841
69,0.283565
70,0.277488
71,0.278067
72,0.279514
73,0.280816
74,0.281395
75,0.281829
76,0.284433
77,0.283709
78,0.284578
79,0.282263
80,0.282552
81,0.286748
82,0.287905
83,0.291956
84,0.292101
85,0.29485
86,0.303241
87,0.302951
88,0.312934
89,0.320168
90,0.323206
91,0.329138
92,0.337674
93,0.33695
94,0.347656
95,0.361979
96,0.362413
97,0.370515
98,0.377025
99,0.381655
100,0.387587
101,0.392216
102,0.394676
103,0.398148
104,0.404225
105,0.403646
106,0.399595
107,0.400608
108,0.401476
109,0.398872
110,0.395255
111,0.393084
112,0.391782
113,0.393374
114,0.391782
115,0.385851
116,0.389323
117,0.379919
118,0.382089
119,0.378472
120,0.371238
121,0.373698
122,0.375579
123,0.383391
124,0.389323
125,0.395978
126,0.395255
127,0.400752
128,0.403646
129,0.407263
130,0.409867
131,0.407841
132,0.414786
133,0.414931
134,0.41276
135,0.415654
136,0.424045
137,0.422598
138,0.421586
139,0.424045
140,0.418981
141,0.41739
142,0.424334
143,0.41956
144,0.419705
145,0.40625
146,0.413194
147,0.414352
148,0.410735
149,0.411458
150,0.408131
151,0.406973
152,0.401476
153,0.400029
154,0.398293
155,0.391638
156,0.387587
157,0.382523
158,0.382523
159,0.381944
160,0.378762
161,0.377315
162,0.37717
163,0.372251
164,0.369792
165,0.368345
166,0.366464
167,0.366609
168,0.364728
169,0.364149
170,0.36169
171,0.360966
172,0.360243
173,0.359809
174,0.356771
175,0.35923
176,0.356626
177,0.354167
178,0.355903
179,0.35272
180,0.353299
181,0.351273
182,0.354022
183,0.351997
184,0.353877
185,0.354167
186,0.351852
187,0.35026
188,0.34809
189,0.347656
190,0.348669
191,0.34838
192,0.348235
193,0.34809
194,0.34838
195,0.347512
196,0.34592
197,0.345486
198,0.344329
199,0.343895
200,0.344618
201,0.345052
202,0.346499
203,0.347367
204,0.346065
205,0.345197
206,0.344473
207,0.343605
208,0.344184
209,0.344763
210,0.345486
211,0.346499
212,0.346065
213,0.346354
214,0.345197
215,0.345775
216,0.345631
217,0.343895
218,0.344329
219,0.344763
220,0.34592
221,0.346065
222,0.345486
223,0.34592
224,0.345775
225,0.345775
226,0.346209
227,0.346209
228,0.344907
229,0.344907
230,0.344184
231,0.342593
232,0.342159
233,0.343027
234,0.34375
235,0.343895
236,0.342593
237,0.342737
238,0.342448
239,0.342593
240,0.341869
241,0.342448
242,0.342159
243,0.341146
244,0.341869
245,0.344329
246,0.343605
247,0.345197
248,0.34375
249,0.345197
250,0.345486
251,0.345197
252,0.343895
253,0.342882
254,0.342737
255,0.342882
256,0.342593
257,0.343171
258,0.343316
259,0.341435
260,0.341869
261,0.341725
262,0.343027
263,0.343027
264,0.342014
265,0.342159
266,0.341725
267,0.341435
268,0.341435
269,0.340278
270,0.338252
271,0.337095
272,0.337384
273,0.337674
274,0.33724
275,0.336516
276,0.334925
277,0.33478
278,0.33478
279,0.334201
280,0.334635
281,0.336082
282,0.337095
283,0.338542
284,0.339988
285,0.339844
286,0.339265
287,0.338976
288,0.340422
289,0.341435
290,0.340278
291,0.338976
292,0.339265
293,0.338976
294,0.338397
295,0.335359
296,0.335359
297,0.336082
298,0.335793
299,0.335069
300,0.335069
301,0.33478
302,0.336227
303,0.334346
304,0.332899
305,0.333478
306,0.333044
307,0.333333
308,0.334057
309,0.333333
310,0.334201
311,0.332899
312,0.333189
313,0.332465
314,0.332899
315,0.33261
316,0.332899
317,0.332755
318,0.333478
319,0.332031
320,0.337674
321,0.339554
322,0.338542
323,0.338252
324,0.338686
325,0.339554
326,0.339554
327,0.338831
328,0.337674
329,0.337963
330,0.33724
331,0.33695
332,0.336227
333,0.336516
334,0.33724
335,0.337384
336,0.33724
337,0.337529
338,0.33695
339,0.33724
340,0.337674
341,0.338397
342,0.338252
343,0.340567
344,0.343171
345,0.344473
346,0.347946
347,0.350405
348,0.35055
349,0.354167
350,0.356337
351,0.358652
352,0.360822
353,0.361979
354,0.362558
355,0.364439
356,0.367043
357,0.366753
358,0.36849
359,0.369502
360,0.370515
361,0.373409
362,0.372685
363,0.373119
364,0.373553
365,0.374421
366,0.372396
367,0.373698
368,0.372541
369,0.37037
370,0.359954
371,0.359954
372,0.361256
373,0.360677
374,0.360243
375,0.360388
376,0.359954
377,0.35952
378,0.35706
379,0.357205
380,0.356916
381,0.354745
382,0.354601
383,0.355179
384,0.353733
385,0.353299
386,0.356192
387,0.356916
388,0.35706
389,0.360677
390,0.360677
391,0.366319
392,0.370226
393,0.369647
394,0.375289
395,0.372396
396,0.37717
397,0.380353
398,0.384259
399,0.383536
400,0.38614
401,0.386574
402,0.386429
403,0.389034
404,0.390625
405,0.391782
406,0.393374
407,0.395255
408,0.396557
409,0.399595
410,0.40625
411,0.404803
412,0.407552
413,0.41059
414,0.410735
415,0.417245
416,0.418403
417,0.419126
418,0.423032
419,0.426505
420,0.428241
421,0.435909
422,0.435909
423,0.436198
424,0.441696
425,0.450666
426,0.450231
427,0.457321
428,0.462384
429,0.467014
430,0.469618
431,0.473669
432,0.47526
433,0.487847
434,0.496094
435,0.497541
436,0.497685
437,0.506366
438,0.509693
439,0.514468
440,0.518519
441,0.518084
442,0.525897
443,0.528212
444,0.528067
445,0.534433
446,0.536314
447,0.53776
448,0.541233
449,0.541233
450,0.545573
451,0.549045
452,0.552373
453,0.550347
454,0.554253
455,0.552517
456,0.55599
457,0.553819
458,0.561053
459,0.563513
460,0.560909
461,0.56684
462,0.568432
463,0.565828
464,0.571759
465,0.574942
466,0.577836
467,0.574074
468,0.576244
469,0.57798
470,0.588686
471,0.590856
472,0.59158
473,0.591001
474,0.592014
475,0.59158
476,0.589988
477,0.592014
478,0.591001
479,0.592303
480,0.592159
481,0.597222
482,0.599248
483,0.59592
484,0.59809
485,0.595775
486,0.597222
487,0.597946
488,0.597512
489,0.597512
490,0.598524
491,0.597367
492,0.596788
493,0.599103
494,0.601273
495,0.602431
496,0.601997
497,0.603588
498,0.602865
499,0.601562
500,0.601997
501,0.602286
502,0.603443
503,0.601273
504,0.600405
505,0.601273
506,0.599971
507,0.596644
508,0.598669
509,0.598235
510,0.597656
511,0.59592
512,0.597512
513,0.597222
514,0.599682
515,0.601128
516,0.605613
517,0.610388
518,0.616898
519,0.622396
520,0.637731
521,0.641782
522,0.646557
523,0.653212
524,0.664786
525,0.667535
526,0.672743
527,0.674769
528,0.679832
529,0.682581
530,0.684606
531,0.686487
532,0.686921
533,0.683304
534,0.688657
535,0.688802
536,0.691985
537,0.690394
538,0.689525
539,0.689815
540,0.689525
541,0.691406
542,0.691406
543,0.692419
544,0.690249
545,0.707321
546,0.70298
547,0.706019
548,0.706163
549,0.701389
550,0.702691
551,0.699508
552,0.702402
553,0.701823
554,0.700955
555,0.698785
556,0.697772
557,0.697483
558,0.69647
559,0.692708
560,0.692998
561,0.69213
562,0.693142
563,0.690249
564,0.69213
565,0.692998
566,0.694734
567,0.697338
568,0.697627
569,0.697772
570,0.692274
571,0.692564
572,0.689236
573,0.690972
574,0.691551
575,0.688657
576,0.688947
577,0.689091
578,0.689525
579,0.688079
580,0.689236
581,0.687355
582,0.687211
583,0.688802
584,0.689381
585,0.687355
586,0.687066
587,0.6875
588,0.686343
589,0.687211
590,0.686632
591,0.686487
592,0.685185
593,0.689236
594,0.69213
595,0.713252
596,0.717737
597,0.719763
598,0.726273
599,0.729456
600,0.73235
601,0.735098
602,0.734954
603,0.736834
604,0.736256
605,0.736834
606,0.737558
607,0.740307
608,0.747396
609,0.749132
610,0.756221
611,0.7568
612,0.757668
613,0.757668
614,0.760561
615,0.762876
616,0.763021
617,0.76331
618,0.764902
619,0.764612
620,0.78125
621,0.780093
622,0.781539
623,0.780527
624,0.77691
625,0.782407
626,0.777488
627,0.779803
628,0.779803
629,0.782407
630,0.782118
631,0.785156
632,0.789497
633,0.79485
634,0.793692
635,0.792679
636,0.796875
637,0.798032
638,0.799624
639,0.803819
640,0.806279
641,0.806568
642,0.805411
643,0.8057
644,0.806713
645,0.818866
646,0.818432
647,0.819734
648,0.819155
649,0.817853
650,0.81713
651,0.818721
652,0.819444
653,0.816985
654,0.823785
655,0.824942
656,0.82581
657,0.826389
658,0.829716
659,0.826244
660,0.823495
661,0.825087
662,0.821181
663,0.826678
664,0.825955
665,0.823785
666,0.821615
667,0.822193
668,0.822193
669,0.820602
670,0.81901
671,0.816551
672,0.817564
673,0.817419
674,0.817564
675,0.817853
676,0.816117
677,0.817998
678,0.816117
679,0.811632
680,0.812789
681,0.811921
682,0.813947
683,0.811777
684,0.810909
685,0.812211
686,0.811053
687,0.8125
688,0.809028
689,0.809172
690,0.808738
691,0.8057
692,0.806568
693,0.806134
694,0.805411
695,0.815828
696,0.814381
697,0.813947
698,0.814959
699,0.8125
700,0.813079
701,0.812789
702,0.813368
703,0.812934
704,0.815104
705,0.816985
706,0.815104
707,0.813657
708,0.818866
709,0.820312
710,0.823061
711,0.824797
712,0.824219
713,0.824797
714,0.826389
715,0.828125
716,0.826968
717,0.827836
718,0.829138
719,0.831597
720,0.839554
721,0.841869
722,0.842593
723,0.843171
724,0.840422
725,0.842014
726,0.843461
727,0.844329
728,0.844618
729,0.844329
730,0.843461
731,0.842882
732,0.842303
733,0.841146
734,0.84158
735,0.842737
736,0.842159
737,0.840278
738,0.840133
739,0.838542
740,0.83941
741,0.840133
742,0.84158
743,0.841146
744,0.841725
745,0.843605
746,0.844618
747,0.843171
748,0.842737
749,0.843027
750,0.843605
751,0.844473
752,0.842593
753,0.840712
754,0.840856
755,0.840278
756,0.839844
757,0.841435
758,0.841435
759,0.841435
760,0.841001
761,0.841435
762,0.841146
763,0.842448
764,0.841869
765,0.842593
766,0.842737
767,0.843027
768,0.842737
769,0.842448
770,0.845631
771,0.845486
772,0.845775
773,0.845486
774,0.846354
775,0.846065
776,0.846209
777,0.846065
778,0.846209
779,0.845775
780,0.845486
781,0.845631
782,0.843461
783,0.843895
784,0.845052
785,0.84375
786,0.843461
787,0.842737
788,0.844039
789,0.843461
790,0.843605
791,0.844329
792,0.842882
793,0.842593
794,0.841725
795,0.841435
796,0.842303
797,0.841001
798,0.84158
799,0.842593
800,0.842303
801,0.842448
802,0.841435
803,0.843171
804,0.844763
805,0.845775
806,0.84375
807,0.844039
808,0.845631
809,0.84375
810,0.843316
811,0.843027
812,0.843461
813,0.843316
814,0.843605
815,0.842448
816,0.843171
817,0.842737
818,0.842448
819,0.84158
820,0.841146
821,0.841725
822,0.84158
823,0.841725
824,0.841001
825,0.843461
826,0.843461
827,0.844907
828,0.845197
829,0.844763
830,0.845486
831,0.844907
832,0.844184
833,0.844763
834,0.845631
835,0.846644
836,0.847222
837,0.847946
838,0.847078
839,0.847656
840,0.846788
841,0.847367
842,0.846933
843,0.845775
844,0.847078
845,0.846499
846,0.847946
847,0.847801
848,0.847512
849,0.847367
850,0.847801
851,0.847078
852,0.846354
853,0.846933
854,0.847801
855,0.848958
856,0.847656
857,0.847222
858,0.846499
859,0.846499
860,0.845197
861,0.844329
862,0.845341
863,0.845631
864,0.845197
865,0.845052
866,0.844763
867,0.844184
868,0.845631
869,0.846065
870,0.845052
871,0.844907
872,0.843461
873,0.843605
874,0.842737
875,0.84375
876,0.843461
877,0.843027
878,0.843605
879,0.844329
880,0.845486
881,0.84592
882,0.846354
883,0.846065
884,0.845197
885,0.845486
886,0.845486
887,0.84592
888,0.846644
889,0.846788
890,0.847946
891,0.847222
892,0.84809
893,0.847801
894,0.846933
895,0.847078
896,0.847367
897,0.846933
898,0.847222
899,0.847656
900,0.847512
901,0.847512
902,0.847512
903,0.846933
904,0.846933
905,0.845486
906,0.846065
907,0.845775
908,0.845341
909,0.845052
910,0.846354
911,0.846788
912,0.846065
913,0.846209
914,0.846065
915,0.847367
916,0.847512
917,0.846499
918,0.84592
919,0.845775
920,0.84592
921,0.846209
922,0.846209
923,0.846644
924,0.846933
925,0.847078
926,0.847222
927,0.847367
928,0.847367
929,0.847222
930,0.845775
931,0.845631
932,0.845197
933,0.845486
934,0.844618
935,0.845052
936,0.844184
937,0.844473
938,0.844039
939,0.844039
940,0.842737
941,0.843171
942,0.842593
943,0.842737
944,0.842303
945,0.842159
946,0.843316
947,0.843027
948,0.84375
949,0.844473
950,0.844039
951,0.844039
952,0.844039
953,0.844329
954,0.844184
955,0.849826
956,0.847656
957,0.847946
958,0.847801
959,0.84838
960,0.847078
961,0.847078
962,0.846933
963,0.847367
964,0.847512
965,0.847656
966,0.849103
967,0.848814
968,0.849248
969,0.847801
970,0.847656
971,0.847078
972,0.847222
973,0.847512
974,0.846933
975,0.847512
976,0.846788
977,0.846354
978,0.845631
979,0.845631
980,0.841291
981,0.842159
982,0.843171
983,0.841291
984,0.841291
985,0.842014
986,0.842303
987,0.841725
988,0.842303
989,0.842593
990,0.841869
991,0.840133
992,0.840278
993,0.841001
994,0.840133
995,0.841001
996,0.841435
997,0.841146
998,0.841725
999,0.842882
1000,0.842593
1001,0.841146
1002,0.841435
1003,0.841869
1004,0.842159
1005,0.84375
1006,0.84375
1007,0.844184
1008,0.84375
1009,0.843027
1010,0.842882
1011,0.842882
1012,0.842882
1013,0.842014
1014,0.843171
1015,0.843027
1016,0.843461
1017,0.84375
1018,0.842882
1019,0.843027
1020,0.843316
1021,0.844473
1022,0.844473
1023,0.844039
1024,0.843461
1025,0.842303
1026,0.842159
1027,0.841725
1028,0.841869
1029,0.841001
1030,0.841725
1031,0.843027
1032,0.844039
1033,0.842303
1034,0.842014
1035,0.842014
1036,0.842303
1037,0.842014
1038,0.842159
1039,0.843171
1040,0.843895
1041,0.843895
1042,0.843027
1043,0.842593
1044,0.843316
1045,0.843605
1046,0.84375
1047,0.843316
1048,0.842303
1049,0.842737
1050,0.843316
1051,0.842882
1052,0.843171
1053,0.844329
1054,0.843895
1055,0.843027
1056,0.844763
1057,0.84375
1058,0.844329
1059,0.843461
1060,0.84375
1061,0.840278
1062,0.83941
1063,0.840712
1064,0.841291
1065,0.843171
1066,0.843027
1067,0.843461
1068,0.84375
1069,0.842159
1070,0.842448
1071,0.842448
1072,0.842593
1073,0.842882
1074,0.842014
1075,0.842159
1076,0.84158
1077,0.842303
1078,0.843027
1079,0.843027
1080,0.842593
1081,0.842303
1082,0.842882
1083,0.843316
1084,0.842303
1085,0.842014
1086,0.839554
1087,0.839554
1088,0.841291
1089,0.840567
1090,0.84158
1091,0.84158
1092,0.842303
1093,0.839699
1094,0.839554
1095,0.839554
1096,0.839988
1097,0.840133
1098,0.840278
1099,0.840567
1100,0.841001
1101,0.839988
1102,0.840422
1103,0.840278
1104,0.840422
1105,0.841001
1106,0.840712
1107,0.840422
1108,0.840856
1109,0.840278
1110,0.840567
1111,0.842448
1112,0.844184
1113,0.844473
1114,0.845052
1115,0.843461
1116,0.844473
1117,0.843461
1118,0.843461
1119,0.843895
1120,0.845052
1121,0.843605
1122,0.843895
1123,0.844763
1124,0.84375
1125,0.843171
1126,0.843605
1127,0.841146
1128,0.842737
1129,0.842593
1130,0.843316
1131,0.842593
1132,0.842159
1133,0.84158
1134,0.840712
1135,0.841146
1136,0.838542
1137,0.837963
1138,0.837818
1139,0.837674
1140,0.83912
1141,0.838686
1142,0.839554
1143,0.839844
1144,0.841146
1145,0.842014
1146,0.842159
1147,0.840278
1148,0.839699
1149,0.839844
1150,0.839699
1151,0.837963
1152,0.840712
1153,0.841291
1154,0.839844
1155,0.841869
1156,0.841869
1157,0.842303
1158,0.840567
1159,0.840133
1160,0.839699
1161,0.842303
1162,0.840422
1163,0.840422
1164,0.841001
1165,0.841146
1166,0.840856
1167,0.84158
1168,0.842014
1169,0.842882
1170,0.843461
1171,0.844039
1172,0.844618
1173,0.844184
1174,0.843316
1175,0.844039
1176,0.844473
1177,0.844473
1178,0.844039
1179,0.844039
1180,0.845341
1181,0.845052
1182,0.845052
1183,0.844763
1184,0.844473
1185,0.843895
1186,0.844329
1187,0.844473
1188,0.844329
1189,0.844618
1190,0.844618
1191,0.845775
1192,0.844907
1193,0.845341
1194,0.84592
1195,0.845486
1196,0.845775
1197,0.84592
1198,0.844907
1199,0.845341
1200,0.844618
1201,0.84375
1202,0.843316
1203,0.844907
1204,0.844907
1205,0.844184
1206,0.843027
1207,0.844184
1208,0.843461
1209,0.843895
1210,0.844039
1211,0.842882
1212,0.843027
1213,0.842159
1214,0.842882
1215,0.842303
1216,0.842159
1217,0.841725
1218,0.842014
1219,0.842303
1220,0.842159
1221,0.841146
1222,0.841869
1223,0.841869
1224,0.841725
1225,0.840567
1226,0.841146
1227,0.841001
1228,0.842014
1229,0.84158
1230,0.841725
1231,0.842593
1232,0.842159
1233,0.841725
1234,0.842159
1235,0.84158
1236,0.840712
1237,0.840422
1238,0.840133
1239,0.840422
1240,0.841435
1241,0.840856
1242,0.840422
1243,0.840278
1244,0.839265
1245,0.840278
1246,0.841001
1247,0.840422
1248,0.839988
1249,0.840422
1250,0.840422
1251,0.842159
1252,0.841435
1253,0.840567
1254,0.839844
1255,0.840567
1256,0.842593
1257,0.841725
1258,0.843027
1259,0.843171
1260,0.843027
1261,0.843316
1262,0.844763
1263,0.843461
1264,0.843316
1265,0.843027
1266,0.843461
1267,0.842014
1268,0.841291
1269,0.843316
1270,0.844907
1271,0.844329
1272,0.844618
1273,0.843171
1274,0.842737
1275,0.844184
1276,0.844618
1277,0.843895
1278,0.844184
1279,0.844763
1280,0.844329
1281,0.844329
1282,0.844184
1283,0.844618
1284,0.845052
1285,0.844763
1286,0.839988
1287,0.841725
1288,0.84158
1289,0.842014
1290,0.842159
1291,0.84158
1292,0.840567
1293,0.841001
1294,0.841291
1295,0.842303
1296,0.84158
1297,0.841725
1298,0.842014
1299,0.841869
1300,0.842159
1301,0.843461
1302,0.843027
1303,0.841869
1304,0.842448
1305,0.84375
1306,0.844184
1307,0.844329
1308,0.843895
1309,0.844039
1310,0.843316
1311,0.843895
1312,0.842448
1313,0.841291
1314,0.842303
1315,0.842448
1316,0.843027
1317,0.843027
1318,0.842593
1319,0.843027
1320,0.842737
1321,0.843171
1322,0.844184
1323,0.845197
1324,0.845486
1325,0.845341
1326,0.845341
1327,0.843461
1328,0.843027
1329,0.842014
1330,0.842593
1331,0.842448
1332,0.84375
1333,0.843171
1334,0.843027
1335,0.842593
1336,0.843316
1337,0.844039
1338,0.844907
1339,0.845341
1340,0.845052
1341,0.845486
1342,0.844763
1343,0.843605
1344,0.844039
1345,0.844329
1346,0.843895
1347,0.844039
1348,0.844763
1349,0.843027
1350,0.842448
1351,0.841725
1352,0.841291
1353,0.842448
1354,0.842303
1355,0.841869
1356,0.842737
1357,0.84158
1358,0.841725
1359,0.843171
1360,0.843316
1361,0.843027
1362,0.84158
1363,0.842448
1364,0.84158
1365,0.842593
1366,0.843171
1367,0.841146
1368,0.841725
1369,0.839988
1370,0.840278
1371,0.842159
1372,0.840422
1373,0.840133
1374,0.841869
1375,0.842014
1376,0.841001
1377,0.841146
1378,0.842303
1379,0.84158
1380,0.840712
1381,0.844039
1382,0.843895
1383,0.842159
1384,0.842448
1385,0.842882
1386,0.841146
1387,0.838976
1388,0.840422
1389,0.841001
1390,0.840712
1391,0.839554
1392,0.842159
1393,0.844039
1394,0.842303
1395,0.841291
1396,0.844329
1397,0.845341
1398,0.844907
1399,0.843171
1400,0.84592
1401,0.845631
1402,0.846065
1403,0.845486
1404,0.844329
1405,0.845052
1406,0.845052
1407,0.846065
1408,0.844907
1409,0.845341
1410,0.846644
1411,0.844907
1412,0.844763
1413,0.845775
1414,0.846499
1415,0.847946
1416,0.846933
1417,0.845631
1418,0.846209
1419,0.846933
1420,0.847367
1421,0.845197
1422,0.843605
1423,0.843027
1424,0.844618
1425,0.846933
1426,0.847656
1427,0.846788
1428,0.849103
1429,0.850839
1430,0.852865
1431,0.848814
1432,0.85055
1433,0.849826
1434,0.848669
1435,0.846933
1436,0.850116
1437,0.853443
1438,0.852141
1439,0.852286
1440,0.846354
1441,0.850984
1442,0.852286
1443,0.853877
1444,0.851128
1445,0.846644
1446,0.850116
1447,0.854167
1448,0.854311
1449,0.851128
1450,0.854601
1451,0.854311
1452,0.857639
1453,0.855179
1454,0.849537
1455,0.852431
1456,0.856771
1457,0.852141
1458,0.854311
1459,0.852431
1460,0.849103
1461,0.851997
1462,0.855469
1463,0.855758
1464,0.855324
1465,0.857205
1466,0.852575
1467,0.857639
1468,0.854601
1469,0.856337
1470,0.85706
1471,0.854456
1472,0.858218
1473,0.859086
1474,0.862558
1475,0.856771
1476,0.856481
1477,0.862124
1478,0.863571
1479,0.860388
1480,0.854456
1481,0.859809
1482,0.853733
1483,0.860388
1484,0.860098
1485,0.862124
1486,0.862558
1487,0.862269
1488,0.86386
1489,0.870804
1490,0.864583
1491,0.872541
1492,0.866464
1493,0.871962
1494,0.878038
1495,0.875434
1496,0.87934
1497,0.875723
1498,0.878762
1499,0.875
1500,0.878328
1501,0.870081
1502,0.868634
1503,0.860388
1504,0.868924
1505,0.872251
1506,0.865162
1507,0.873698
1508,0.869358
1509,0.862269
1510,0.867911
1511,0.874566
1512,0.861111
1513,0.875579
1514,0.864005
1515,0.876736
1516,0.867622
1517,0.871383
1518,0.873553
1519,0.873119
1520,0.873553
1521,0.869358
1522,0.870226
1523,0.865307
1524,0.879774
1525,0.866898
1526,0.87283
1527,0.873843
1528,0.878472
1529,0.874711
1530,0.879919
1531,0.884693
1532,0.87717
1533,0.884259
1534,0.87963
1535,0.883825
1536,0.874277
1537,0.881944
1538,0.874132
1539,0.880064
1540,0.87283
1541,0.871528
1542,0.881655
1543,0.870515
1544,0.874566
1545,0.869358
1546,0.878472
1547,0.870949
1548,0.876591
1549,0.873264
1550,0.871383
1551,0.877315
1552,0.870226
1553,0.877604
1554,0.875145
1555,0.882523
1556,0.882812
1557,0.882089
1558,0.881655
1559,0.881076
1560,0.88397
1561,0.882089
1562,0.871817
1563,0.874566
1564,0.875434
1565,0.873987
1566,0.870804
1567,0.875145
1568,0.874421
1569,0.873264
1570,0.876157
1571,0.881076
1572,0.873843
1573,0.870226
1574,0.873264
1575,0.87283
1576,0.885127
1577,0.872106
1578,0.873409
1579,0.872685
1580,0.879919
1581,0.880064
1582,0.87963
1583,0.878328
1584,0.887587
1585,0.890336
1586,0.881944
1587,0.887153
1588,0.885561
1589,0.883825
1590,0.882378
1591,0.877315
1592,0.878762
1593,0.883391
1594,0.876013
1595,0.871962
1596,0.860532
1597,0.862413
1598,0.862847
1599,0.866753
1600,0.860388
1601,0.864005
1602,0.856337
1603,0.854745
1604,0.866753
1605,0.855903
1606,0.862269
1607,0.858507
1608,0.862703
1609,0.851997
1610,0.853877
1611,0.857205
1612,0.860243
1613,0.856192
1614,0.857928
1615,0.862558
1616,0.867188
1617,0.869792
1618,0.862269
1619,0.868634
1620,0.862992
1621,0.852141
1622,0.85706
1623,0.861979
1624,0.86386
1625,0.872975
1626,0.860966
1627,0.853733
1628,0.857784
1629,0.85952
1630,0.860822
1631,0.856626
1632,0.855903
1633,0.856192
1634,0.85923
1635,0.857639
1636,0.84838
1637,0.865596
1638,0.864149
1639,0.862269
1640,0.864583
1641,0.869502
1642,0.865596
1643,0.864728
1644,0.867477
1645,0.870949
1646,0.864873
1647,0.869502
1648,0.86849
1649,0.865451
1650,0.865017
1651,0.866753
1652,0.860388
1653,0.860822
1654,0.856626
1655,0.860243
1656,0.849826
1657,0.851997
1658,0.847222
1659,0.847801
1660,0.85272
1661,0.85706
1662,0.847367
1663,0.853009
1664,0.858652
1665,0.852575
1666,0.854601
1667,0.865885
1668,0.857784
1669,0.849682
1670,0.85952
1671,0.85952
1672,0.860098
1673,0.856337
1674,0.868924
1675,0.857928
1676,0.857494
1677,0.857205
1678,0.85272
1679,0.848814
1680,0.853877
1681,0.851128
1682,0.846499
1683,0.835648
1684,0.835793
1685,0.83044
1686,0.827257
1687,0.830584
1688,0.838542
1689,0.837963
1690,0.841291
1691,0.835938
1692,0.838831
1693,0.839844
1694,0.844618
1695,0.835938
1696,0.833189
1697,0.831019
1698,0.836516
1699,0.837963
1700,0.825955
1701,0.827257
1702,0.827402
1703,0.829716
1704,0.824797
1705,0.825087
1706,0.827546
1707,0.830295
1708,0.833478
1709,0.838542
1710,0.845052
1711,0.842448
1712,0.833333
1713,0.836661
1714,0.838397
1715,0.829427
1716,0.826678
1717,0.827257
1718,0.823206
1719,0.82581
1720,0.826389
1721,0.828993
1722,0.830874
1723,0.830874
1724,0.835069
1725,0.835938
1726,0.841435
1727,0.840567
1728,0.844184
1729,0.855035
1730,0.851418
1731,0.850116
1732,0.838976
1733,0.83912
1734,0.832031
1735,0.822627
1736,0.79673
1737,0.798322
1738,0.792245
1739,0.784433
1740,0.787905
1741,0.782118
1742,0.776331
1743,0.773872
1744,0.755498
1745,0.75897
1746,0.759549
1747,0.762587
1748,0.714699
1749,0.707321
1750,0.713686
1751,0.711227
1752,0.707899
1753,0.670139
1754,0.667101
1755,0.651331
1756,0.644242
1757,0.64728
1758,0.641493
1759,0.63397
1760,0.623553
1761,0.623698
1762,0.607494
1763,0.605324
1764,0.595052
1765,0.580006
1766,0.583912
1767,0.597946
1768,0.597656
1769,0.615885
1770,0.617911
1771,0.630064
1772,0.641638
1773,0.650029
1774,0.655527
1775,0.65162
1776,0.671875
1777,0.682581
1778,0.689525
1779,0.696325
1780,0.702546
1781,0.7011
1782,0.695168
1783,0.692274
1784,0.690104
1785,0.681858
1786,0.674479
1787,0.677951
1788,0.679977
1789,0.670284
1790,0.670428
1791,0.660156
1792,0.65408
1793,0.652344
1794,0.644097
1795,0.634838
1796,0.630787
1797,0.619213
1798,0.616319
1799,0.616319
1800,0.615885
1801,0.614728
1802,0.616319
1803,0.611111
1804,0.614439
1805,0.613715
1806,0.621962
1807,0.620804
1808,0.610388
1809,0.62283
1810,0.623553
1811,0.603877
1812,0.613715
1813,0.60923
1814,0.606047
1815,0.60952
1816,0.615741
1817,0.599392
1818,0.602865
1819,0.598669
1820,0.592593
1821,0.589844
1822,0.585214
1823,0.577836
1824,0.572772
1825,0.569878
1826,0.563223
1827,0.558304
1828,0.54456
1829,0.540943
1830,0.534288
1831,0.539497
1832,0.532841
1833,0.528646
1834,0.519531
1835,0.518663
1836,0.501881
1837,0.504196
1838,0.509404
1839,0.516204
1840,0.514468
1841,0.519821
1842,0.522714
1843,0.512876
1844,0.522859
1845,0.517072
1846,0.525897
1847,0.523148
1848,0.525897
1849,0.53588
1850,0.531539
1851,0.529225
1852,0.528646
1853,0.528212
1854,0.521123
1855,0.50897
1856,0.507523
1857,0.498698
1858,0.500434
1859,0.498553
1860,0.493056
1861,0.486545
1862,0.484375
1863,0.480035
1864,0.47526
1865,0.476273
1866,0.459491
1867,0.447483
1868,0.445891
1869,0.439091
1870,0.438513
1871,0.438513
1872,0.439091
1873,0.444444
1874,0.450087
1875,0.453414
1876,0.464554
1877,0.461516
1878,0.472946
1879,0.484954
1880,0.480035
1881,0.484086
1882,0.499566
1883,0.485966
1884,0.473524
1885,0.480613
1886,0.474537
1887,0.479311
1888,0.486834
1889,0.493634
1890,0.497541
1891,0.505498
1892,0.508102
1893,0.522714
1894,0.524884
1895,0.531684
1896,0.537037
1897,0.528356
1898,0.509838
1899,0.514757
1900,0.51577
1901,0.517506
1902,0.536169
1903,0.543837
1904,0.550058
1905,0.571759
1906,0.605903
1907,0.619358
1908,0.637442
1909,0.661314
1910,0.674479
1911,0.671007
1912,0.6807
1913,0.6875
1914,0.701678
1915,0.708189
1916,0.713108
1917,0.723958
1918,0.73669
1919,0.738281
1920,0.739873
1921,0.747396
1922,0.75
1923,0.745515
1924,0.74783
1925,0.71224
1926,0.702546
1927,0.686921
1928,0.684606
1929,0.67202
1930,0.648148
1931,0.633102
1932,0.618924
1933,0.541088
1934,0.524884
1935,0.507523
1936,0.471644
1937,0.471788
1938,0.45515
1939,0.428819
1940,0.4307
1941,0.418403
1942,0.412326
1943,0.417969
1944,0.415943
1945,0.404659
1946,0.410012
1947,0.395544
1948,0.383536
1949,0.382089
1950,0.372685
1951,0.367043
1952,0.359086
1953,0.356481
1954,0.346788
1955,0.348524
1956,0.349826
1957,0.342448
1958,0.335069
1959,0.326823
1960,0.321759
1961,0.325231
1962,0.319589
1963,0.318432
1964,0.306279
1965,0.304253
1966,0.306424
1967,0.296586
1968,0.292535
1969,0.291667
1970,0.287037
1971,0.276331
1972,0.265625
1973,0.258825
1974,0.24103
1975,0.230469
1976,0.223524
1977,0.213542
1978,0.208333
1979,0.205584
1980,0.199653
1981,0.195457
1982,0.192998
1983,0.188947
1984,0.186632
1985,0.181713
1986,0.16305
1987,0.162616
1988,0.162182
1989,0.161603
1990,0.160446
1991,0.160735
1992,0.160301
1993,0.159867
1994,0.160735
1995,0.160156
1996,0.160446
1997,0.159867
1998,0.155527
1999,0.155961
2000,0.154225
2001,0.152922
2002,0.157407
2003,0.162905
2004,0.169271
2005,0.181134
2006,0.189525
2007,0.201678
2008,0.216146
2009,0.223958
2010,0.240741
2011,0.253183
2012,0.260561
2013,0.29456
2014,0.313223
2015,0.342014
2016,0.370081
2017,0.391348
2018,0.417245
2019,0.451823
2020,0.457465
2021,0.456308
2022,0.467593
2023,0.490017
2024,0.504485
2025,0.533854
2026,0.563368
2027,0.580006
2028,0.60952
2029,0.640625
2030,0.653067
2031,0.683304
2032,0.677517
2033,0.674769
2034,0.672309
2035,0.679832
2036,0.683738
2037,0.694444
2038,0.682292
2039,0.686921
2040,0.696904
2041,0.690683
2042,0.653356
2043,0.635851
2044,0.570023
2045,0.549913
2046,0.523727
2047,0.495081
2048,0.487992
2049,0.472078
2050,0.445891
2051,0.43967
2052,0.417969
2053,0.401765
2054,0.394531
2055,0.373264
2056,0.370081
2057,0.358652
2058,0.34158
2059,0.325955
2060,0.313513
2061,0.282118
2062,0.278646
2063,0.271267
2064,0.273438
2065,0.269242
2066,0.262442
2067,0.262297
2068,0.260851
2069,0.262442
2070,0.259983
2071,0.262731
2072,0.256944
2073,0.259115
2074,0.257957
2075,0.256221
2076,0.249855
2077,0.238426
2078,0.235532
2079,0.219329
2080,0.208044
2081,0.20298
2082,0.190394
2083,0.18099
2084,0.176794
2085,0.171441
2086,0.156105
2087,0.154948
2088,0.15625
2089,0.155382
2090,0.15408
2091,0.154369
2092,0.154803
2093,0.154803
2094,0.154369
2095,0.155093
2096,0.155382
2097,0.156105
2098,0.156395
2099,0.155816
2100,0.157407
2101,0.159433
2102,0.162471
2103,0.165509
2104,0.173032
2105,0.176071
2106,0.184317
2107,0.191696
2108,0.196181
2109,0.20515
2110,0.22092
2111,0.228299
2112,0.247975
2113,0.277633
2114,0.285012
2115,0.326968
2116,0.347512
2117,0.376881
2118,0.415654
2119,0.467303
2120,0.484664
2121,0.527922
2122,0.554398
2123,0.600405
2124,0.645833
2125,0.666088
2126,0.689815
2127,0.722078
2128,0.767506
2129,0.788628
2130,0.805266
2131,0.81901
2132,0.829572
2133,0.843895
2134,0.851128
2135,0.853154
2136,0.881221
2137,0.884983
2138,0.885417
2139,0.8886
2140,0.886285
2141,0.887731
2142,0.883536
2143,0.882668
2144,0.875289
2145,0.878038
2146,0.878183
2147,0.877459
2148,0.879196
2149,0.88397
2150,0.884693
2151,0.878472
2152,0.855179
2153,0.852575
2154,0.802517
2155,0.766348
2156,0.764468
2157,0.726707
2158,0.698351
2159,0.689525
2160,0.678819
2161,0.632378
2162,0.635995
2163,0.637442
2164,0.6318
2165,0.637876
2166,0.644821
2167,0.639612
2168,0.637008
2169,0.634549
2170,0.635995
2171,0.629485
2172,0.62717
2173,0.626447
2174,0.626157
2175,0.625434
2176,0.574653
2177,0.564525
2178,0.544994
2179,0.514468
2180,0.474971
2181,0.433738
2182,0.408999
2183,0.395544
2184,0.38397
2185,0.351852
2186,0.303096
2187,0.295718
2188,0.289786
2189,0.290943
2190,0.278501
2191,0.265191
2192,0.261863
2193,0.255353
2194,0.244502
2195,0.241319
2196,0.231626
2197,0.224103
2198,0.225405
2199,0.215856
2200,0.20761
2201,0.204427
2202,0.195747
2203,0.191117
2204,0.186777
2205,0.183594
2206,0.184028
2207,0.182002
2208,0.180122
2209,0.177083
2210,0.177083
2211,0.165799
2212,0.160735
2213,0.159722
2214,0.157118
2215,0.155093
2216,0.153935
2217,0.150752
2218,0.149016
2219,0.149161
2220,0.150174
2221,0.150318
2222,0.150608
2223,0.150174
2224,0.14945
2225,0.149884
2226,0.150174
2227,0.149595
2228,0.150029
2229,0.15191
2230,0.150174
2231,0.150318
2232,0.150608
2233,0.150174
2234,0.150752
2235,0.151186
2236,0.149306
2237,0.149016
2238,0.150318
2239,0.150174
2240,0.150897
2241,0.152633
2242,0.152199
2243,0.152488
2244,0.151042
2245,0.152778
2246,0.153501
2247,0.155093
2248,0.155527
2249,0.155093
2250,0.155237
2251,0.152922
2252,0.152344
2253,0.153356
2254,0.155237
2255,0.155237
2256,0.153935
2257,0.152488
2258,0.154369
2259,0.155527
2260,0.155093
2261,0.155671
2262,0.154225
2263,0.155093
2264,0.157552
2265,0.157118
2266,0.158275
2267,0.156395
2268,0.160156
2269,0.16985
2270,0.172598
2271,0.182726
2272,0.189815
2273,0.192564
2274,0.202836
2275,0.213397
2276,0.217448
2277,0.231192
2278,0.244068
2279,0.244936
2280,0.260127
2281,0.264468
2282,0.27011
2283,0.276476
2284,0.285156
2285,0.281973
2286,0.275752
2287,0.283565
2288,0.293113
2289,0.290075
2290,0.292969
2291,0.29456
2292,0.293547
2293,0.293981
2294,0.282407
2295,0.279659
2296,0.270833
2297,0.266782
2298,0.255064
2299,0.260561
2300,0.257089
2301,0.263166
2302,0.261285
2303,0.262153
2304,0.265914
2305,0.270978
2306,0.272714
2307,0.273872
2308,0.275463
2309,0.274884
2310,0.274016
2311,0.264902
2312,0.268374
2313,0.263455
2314,0.260706
2315,0.262442
2316,0.256076
2317,0.259259
2318,0.255642
2319,0.259404
2320,0.260995
2321,0.255208
2322,0.255353
2323,0.249711
2324,0.245804
2325,0.24103
2326,0.244358
2327,0.238715
2328,0.228877
2329,0.22555
2330,0.223958
2331,0.216869
2332,0.208478
2333,0.205874
2334,0.197627
2335,0.18967
2336,0.187066
2337,0.181279
2338,0.179109
2339,0.175926
2340,0.172164
2341,0.17173
2342,0.169705
2343,0.168113
2344,0.165943
2345,0.167824
2346,0.164207
2347,0.163628
2348,0.162905
2349,0.162037
2350,0.165654
2351,0.165654
2352,0.168403
2353,0.173611
2354,0.179977
2355,0.183015
2356,0.188802
2357,0.191551
2358,0.195747
2359,0.195891
2360,0.19647
2361,0.186487
2362,0.180556
2363,0.176794
2364,0.170718
2365,0.172454
2366,0.167101
2367,0.168113
2368,0.166811
2369,0.16739
2370,0.163484
2371,0.158709
2372,0.158999
2373,0.15408
2374,0.153212
2375,0.154369
2376,0.154225
2377,0.15191
2378,0.152922
2379,0.150752
2380,0.149884
2381,0.148582
2382,0.149306
2383,0.150752
2384,0.152778
2385,0.16088
2386,0.168403
2387,0.172598
2388,0.186053
2389,0.207321
2390,0.215133
2391,0.235243
2392,0.268229
2393,0.285156
2394,0.301215
2395,0.34809
2396,0.356771
2397,0.379774
2398,0.399306
2399,0.402922
2400,0.419994
2401,0.420862
2402,0.427517
2403,0.426794
2404,0.421007
2405,0.418692
2406,0.42419
2407,0.42173
2408,0.420862
2409,0.415075
2410,0.373119
2411,0.342882
2412,0.34375
2413,0.347512
2414,0.328559
2415,0.303675
2416,0.292535
2417,0.283854
2418,0.276042
2419,0.257089
2420,0.248698
2421,0.237124
2422,0.220197
2423,0.212529
2424,0.202836
2425,0.189815
2426,0.186487
2427,0.178385
2428,0.171586
2429,0.166667
2430,0.159578
2431,0.152633
2432,0.149595
2433,0.145689
2434,0.150608
2435,0.152488
2436,0.161024
2437,0.174334
2438,0.182002
2439,0.193142
2440,0.204716
2441,0.211516
2442,0.219184
2443,0.226273
2444,0.231047
2445,0.231771
2446,0.229311
2447,0.227286
2448,0.220631
2449,0.21658
2450,0.211516
2451,0.205729
2452,0.195023
2453,0.190538
2454,0.177807
2455,0.173466
2456,0.174913
2457,0.174479
2458,0.17853
2459,0.178675
2460,0.181279
2461,0.177228
2462,0.182147
2463,0.18316
2464,0.177228
2465,0.176939
2466,0.175637
2467,0.174913
2468,0.175492
2469,0.174479
2470,0.177083
2471,0.169126
2472,0.166956
2473,0.16059
2474,0.158709
2475,0.156539
2476,0.154948
2477,0.152488
2478,0.155816
2479,0.157841
2480,0.161892
2481,0.165365
2482,0.170284
2483,0.176071
2484,0.181713
2485,0.182002
2486,0.179688
2487,0.182147
2488,0.176505
2489,0.175492
2490,0.168258
2491,0.168258
2492,0.16739
2493,0.166811
2494,0.166088
2495,0.164786
2496,0.165075
2497,0.162037
2498,0.161314
2499,0.159578
2500,0.157841
2501,0.157697
2502,0.156105
2503,0.154514
2504,0.15408
2505,0.155816
2506,0.155816
2507,0.155382
2508,0.157407
2509,0.161603
2510,0.164931
2511,0.16522
2512,0.177083
2513,0.182292
2514,0.19647
2515,0.210503
2516,0.217593
2517,0.23206
2518,0.241898
2519,0.247251
2520,0.262587
2521,0.272135
2522,0.274016
2523,0.297309
2524,0.311487
2525,0.315683
2526,0.324219
2527,0.33695
2528,0.342448
2529,0.343605
2530,0.34158
2531,0.342448
2532,0.344039
2533,0.347078
2534,0.338397
2535,0.325087
2536,0.320312
2537,0.320747
2538,0.31684
2539,0.30787
2540,0.304109
2541,0.291377
2542,0.278646
2543,0.271701
2544,0.259259
2545,0.259404
2546,0.251591
2547,0.229456
2548,0.222946
2549,0.222656
2550,0.221644
2551,0.223958
2552,0.222801
2553,0.221644
2554,0.221209
2555,0.22309
2556,0.227286
2557,0.221788
2558,0.216291
2559,0.211661
2560,0.201823
2561,0.188368
2562,0.182436
2563,0.173611
2564,0.170284
2565,0.164497
2566,0.157263
2567,0.155237
2568,0.150752
2569,0.144242
2570,0.14294
2571,0.139178
2572,0.136574
2573,0.135272
2574,0.133681
2575,0.132668
2576,0.133247
2577,0.133102
2578,0.132378
2579,0.132957
2580,0.132812
2581,0.132812
2582,0.132812
2583,0.132812
2584,0.132812
2585,0.132812
2586,0.13151
2587,0.131076
2588,0.131655
2589,0.131366
2590,0.131655
2591,0.132234
2592,0.131944
2593,0.131221
2594,0.13151
2595,0.131944
2596,0.131944
2597,0.131944
2598,0.133102
2599,0.133536
2600,0.133391
2601,0.133536
2602,0.13397
2603,0.13397
2604,0.133391
2605,0.133536
2606,0.132957
2607,0.132812
2608,0.133247
2609,0.133536
2610,0.133391
2611,0.132812
2612,0.132668
2613,0.133825
2614,0.134549
2615,0.134983
2616,0.134693
2617,0.134838
2618,0.134983
2619,0.135417
2620,0.135417
2621,0.135561
2622,0.135417
2623,0.135417
2624,0.135561
2625,0.135417
2626,0.141493
2627,0.146123
2628,0.155961
2629,0.168258
2630,0.172598
2631,0.180556
2632,0.191262
2633,0.195602
2634,0.203848
2635,0.206887
2636,0.204282
2637,0.207899
2638,0.211227
2639,0.213108
2640,0.218895
2641,0.230179
2642,0.236979
2643,0.25
2644,0.26577
2645,0.273148
2646,0.292535
2647,0.315683
2648,0.320168
2649,0.344473
2650,0.358652
2651,0.360243
2652,0.399016
2653,0.425058
2654,0.42853
2655,0.441985
2656,0.461661
2657,0.472367
2658,0.485677
2659,0.496528
2660,0.496094
2661,0.506944
2662,0.510127
2663,0.516059
2664,0.517216
2665,0.506076
2666,0.504196
2667,0.50217
2668,0.492043
2669,0.48452
2670,0.480903
2671,0.488715
2672,0.488715
2673,0.473958
2674,0.464699
2675,0.470197
2676,0.44213
2677,0.433015
2678,0.425637
2679,0.422598
2680,0.417535
2681,0.40191
2682,0.391927
2683,0.37963
2684,0.381076
2685,0.371962
2686,0.345341
2687,0.346499
2688,0.353154
2689,0.355324
2690,0.368056
2691,0.365596
2692,0.369792
2693,0.371094
2694,0.374132
2695,0.376302
2696,0.369213
2697,0.365451
2698,0.358941
2699,0.35735
2700,0.345197
2701,0.337095
2702,0.328125
2703,0.318142
2704,0.308738
2705,0.302083
2706,0.295718
2707,0.284722
2708,0.280093
2709,0.271991
2710,0.267216
2711,0.254919
2712,0.256944
2713,0.259838
2714,0.260706
2715,0.253328
2716,0.258681
2717,0.257812
2718,0.255208
2719,0.25897
2720,0.253183
2721,0.249132
2722,0.242622
2723,0.238715
2724,0.236111
2725,0.235098
2726,0.229311
2727,0.230324
2728,0.230324
2729,0.227286
2730,0.233218
2731,0.235677
2732,0.240162
2733,0.243924
2734,0.248119
2735,0.244647
2736,0.237269
2737,0.245081
2738,0.247975
2739,0.248987
2740,0.254919
2741,0.255064
2742,0.260417
2743,0.263744
2744,0.266059
2745,0.269242
2746,0.270255
2747,0.267072
2748,0.264757
2749,0.268953
2750,0.268808
2751,0.269821
2752,0.270689
2753,0.272714
2754,0.268808
2755,0.273438
2756,0.271412
2757,0.27445
2758,0.269097
2759,0.269387
2760,0.268808
2761,0.263744
2762,0.264612
2763,0.264612
2764,0.260272
2765,0.259838
2766,0.260561
2767,0.257957
2768,0.255932
2769,0.259983
2770,0.256366
2771,0.254196
2772,0.252749
2773,0.253328
2774,0.254485
2775,0.251447
2776,0.250723
2777,0.247106
2778,0.248843
2779,0.24783
2780,0.24783
2781,0.243779
2782,0.245804
2783,0.241464
2784,0.244792
2785,0.246383
2786,0.242332
2787,0.244502
2788,0.241464
2789,0.243634
2790,0.241464
2791,0.241898
2792,0.24103
2793,0.237847
2794,0.238571
2795,0.240017
2796,0.234954
2797,0.237558
2798,0.235966
2799,0.238281
2800,0.239439
2801,0.237269
2802,0.232205
2803,0.234664
2804,0.23235
2805,0.229745
2806,0.229311
2807,0.231192
2808,0.233652
2809,0.23452
2810,0.233507
2811,0.226418
2812,0.228443
2813,0.230613
2814,0.231481
2815,0.231192
2816,0.231481
2817,0.23235
2818,0.231626
2819,0.232205
2820,0.231771
2821,0.232205
2822,0.233218
2823,0.234086
2824,0.232928
2825,0.232928
2826,0.231916
2827,0.230613
2828,0.230179
2829,0.229167
2830,0.228443
2831,0.228154
2832,0.227575
2833,0.226707
2834,0.226128
2835,0.226128
2836,0.22989
2837,0.228299
2838,0.228733
2839,0.229456
2840,0.22989
2841,0.22989
2842,0.229311
2843,0.22989
2844,0.230179
2845,0.229022
2846,0.228299
2847,0.228299
2848,0.228299
2849,0.228154
2850,0.229022
2851,0.229456
2852,0.228443
2853,0.229167
2854,0.229601
2855,0.229745
2856,0.229456
2857,0.227141
2858,0.226562
2859,0.228733
2860,0.227575
2861,0.226852
2862,0.227865
2863,0.227575
2864,0.22772
2865,0.22989
2866,0.22989
2867,0.229167
2868,0.230613
2869,0.230903
2870,0.232205
2871,0.231481
2872,0.233073
2873,0.231337
2874,0.231626
2875,0.231192
2876,0.231771
2877,0.230613
2878,0.229745
2879,0.22989
2880,0.232639
2881,0.237413
2882,0.238571
2883,0.244792
2884,0.249421
2885,0.249421
2886,0.252025
2887,0.253472
2888,0.253762
2889,0.25434
2890,0.255932
2891,0.256655
2892,0.25651
2893,0.255787
2894,0.253762
2895,0.250434
2896,0.249277
2897,0.25217
2898,0.250145
2899,0.246962
2900,0.248409
2901,0.247975
2902,0.247975
2903,0.247685
2904,0.244502
2905,0.243779
2906,0.244213
2907,0.244647
2908,0.244792
2909,0.245949
2910,0.246094
2911,0.240885
2912,0.241319
2913,0.240885
2914,0.241898
2915,0.242332
2916,0.242477
2917,0.241464
2918,0.240741
2919,0.240162
2920,0.240885
2921,0.240307
2922,0.240017
2923,0.241319
2924,0.240741
2925,0.241464
2926,0.24103
2927,0.240017
2928,0.239873
2929,0.240307
2930,0.242332
2931,0.244647
2932,0.244792
2933,0.245949
2934,0.247251
2935,0.246528
2936,0.242332
2937,0.241319
2938,0.240162
2939,0.239005
2940,0.241609
2941,0.242622
2942,0.243345
2943,0.242477
2944,0.243924
2945,0.243634
2946,0.246094
2947,0.249277
2948,0.250723
2949,0.252459
2950,0.258681
2951,0.260417
2952,0.264902
2953,0.269097
2954,0.269531
2955,0.278356
2956,0.284433
2957,0.286748
2958,0.306424
2959,0.316985
2960,0.340856
2961,0.397569
2962,0.403067
2963,0.406684
2964,0.439091
2965,0.459057
2966,0.469618
2967,0.479601
2968,0.529659
2969,0.542535
2970,0.554688
2971,0.570457
2972,0.579282
2973,0.603154
2974,0.633247
2975,0.648293
2976,0.660735
2977,0.669271
2978,0.674913
2979,0.680266
2980,0.683015
2981,0.685619
2982,0.694878
2983,0.726418
2984,0.736834
2985,0.745804
2986,0.792824
2987,0.797743
2988,0.797454
2989,0.798177
2990,0.806279
2991,0.818432
2992,0.8261
2993,0.832899
2994,0.832031
2995,0.837963
2996,0.839554
2997,0.83912
2998,0.848958
2999,0.851562
3000,0.85489
3001,0.857205
3002,0.859375
3003,0.860822
3004,0.861111
3005,0.865451
3006,0.867622
3007,0.867911
3008,0.861979
3009,0.865885
3010,0.861979
3011,0.874711
3012,0.874277
3013,0.870226
3014,0.865741
3015,0.869358
3016,0.869358
3017,0.869936
3018,0.865451
3019,0.870081
3020,0.865451
3021,0.866464
3022,0.866175
3023,0.869647
3024,0.870949
3025,0.869792
3026,0.872106
3027,0.875289
3028,0.876447
3029,0.871962
3030,0.874855
3031,0.87283
3032,0.877315
3033,0.873843
3034,0.877894
3035,0.873987
3036,0.885417
3037,0.881366
3038,0.888889
3039,0.884983
3040,0.89077
3041,0.885995
3042,0.89048
3043,0.889612
3044,0.887008
3045,0.884693
3046,0.8886
3047,0.888889
3048,0.886719
3049,0.889612
3050,0.888021
3051,0.891927
3052,0.886285
3053,0.888455
3054,0.886429
3055,0.886574
3056,0.888021
3057,0.892072
3058,0.886863
3059,0.882523
3060,0.885127
3061,0.889902
3062,0.884259
3063,0.886429
3064,0.888021
3065,0.888455
3066,0.884693
3067,0.882089
3068,0.876591
3069,0.873409
3070,0.875145
3071,0.8682
3072,0.87037
3073,0.870949
3074,0.874711
3075,0.874855
3076,0.869936
3077,0.866464
3078,0.865451
3079,0.865017
3080,0.866175
3081,0.871238
3082,0.870515
3083,0.865741
3084,0.869502
3085,0.86603
3086,0.871672
3087,0.870804
3088,0.869936
3089,0.872396
3090,0.870081
3091,0.869792
3092,0.872106
3093,0.871238
3094,0.872396
3095,0.866175
3096,0.870949
3097,0.863137
3098,0.865741
3099,0.86169
3100,0.864294
3101,0.864873
3102,0.862992
3103,0.86603
3104,0.864005
3105,0.865451
3106,0.866319
3107,0.866319
3108,0.863281
3109,0.864728
3110,0.865451
3111,0.867766
3112,0.867332
3113,0.867332
3114,0.86386
3115,0.864294
3116,0.861834
3117,0.866464
3118,0.865451
3119,0.864149
3120,0.863571
3121,0.858507
3122,0.862413
3123,0.864439
3124,0.86603
3125,0.864149
3126,0.863715
3127,0.865885
3128,0.865162
3129,0.867911
3130,0.867188
3131,0.867477
3132,0.867188
3133,0.868634
3134,0.866753
3135,0.866319
3136,0.863715
3137,0.862703
3138,0.865307
3139,0.861834
3140,0.861979
3141,0.862703
3142,0.862992
3143,0.864583
3144,0.864728
3145,0.861979
3146,0.860243
3147,0.861979
3148,0.860388
3149,0.858362
3150,0.85952
3151,0.857205
3152,0.858507
3153,0.855469
3154,0.856337
3155,0.855469
3156,0.852865
3157,0.854745
3158,0.854601
3159,0.856047
3160,0.85489
3161,0.853588
3162,0.852865
3163,0.855179
3164,0.853009
3165,0.852431
3166,0.853154
3167,0.85489
3168,0.851707
3169,0.850984
3170,0.851562
3171,0.854745
3172,0.85489
3173,0.855469
3174,0.853299
3175,0.854167
3176,0.854167
3177,0.854311
3178,0.855035
3179,0.853588
3180,0.851418
3181,0.853443
3182,0.853009
3183,0.852286
3184,0.853443
3185,0.853588
3186,0.854022
3187,0.852865
3188,0.852865
3189,0.851997
3190,0.852575
3191,0.851562
3192,0.848814
3193,0.851707
3194,0.850984
3195,0.850839
3196,0.851128
3197,0.851562
3198,0.851562
3199,0.849971
3200,0.846788
3201,0.844329
3202,0.845486
3203,0.845631
3204,0.845341
3205,0.843895
3206,0.841435
3207,0.841869
3208,0.845197
3209,0.843895
3210,0.845341
3211,0.846933
3212,0.846065
3213,0.845486
3214,0.847367
3215,0.846499
3216,0.846933
3217,0.847078
3218,0.84592
3219,0.846644
3220,0.847222
3221,0.846933
3222,0.846499
3223,0.847222
3224,0.847078
3225,0.846788
3226,0.846788
3227,0.846933
3228,0.847078
3229,0.847222
3230,0.845486
3231,0.844907
3232,0.844907
3233,0.844763
3234,0.844618
3235,0.843895
3236,0.846209
3237,0.847367
3238,0.846354
3239,0.844907
3240,0.844039
3241,0.843895
3242,0.84375
3243,0.84375
3244,0.842882
3245,0.843895
3246,0.843895
3247,0.843461
3248,0.844039
3249,0.843895
3250,0.845052
3251,0.842303
3252,0.84375
3253,0.843316
3254,0.843171
3255,0.842159
3256,0.842014
3257,0.842159
3258,0.841869
3259,0.842303
3260,0.842014
3261,0.846644
3262,0.846788
3263,0.847078
3264,0.847656
3265,0.846933
3266,0.846644
3267,0.846644
3268,0.846644
3269,0.845486
3270,0.845631
3271,0.84592
3272,0.845341
3273,0.844473
3274,0.844329
3275,0.844618
3276,0.844618
3277,0.844329
3278,0.843895
3279,0.844473
3280,0.844907
3281,0.845631
3282,0.846065
3283,0.845775
3284,0.845341
3285,0.845486
3286,0.853009
3287,0.852575
3288,0.853443
3289,0.853733
3290,0.853154
3291,0.852286
3292,0.851997
3293,0.851707
3294,0.85026
3295,0.851273
3296,0.850116
3297,0.849682
3298,0.849826
3299,0.849682
3300,0.850405
3301,0.849392
3302,0.849682
3303,0.849826
3304,0.84809
3305,0.84838
3306,0.848524
3307,0.84838
3308,0.848814
3309,0.848524
3310,0.84838
3311,0.852575
3312,0.851418
3313,0.849248
3314,0.85055
3315,0.851128
3316,0.849971
3317,0.849682
3318,0.85055
3319,0.849971
3320,0.850116
3321,0.851128
3322,0.85055
3323,0.850984
3324,0.850839
3325,0.852141
3326,0.852141
3327,0.852431
3328,0.853009
3329,0.852865
3330,0.853154
3331,0.85272
3332,0.853009
3333,0.853154
3334,0.852141
3335,0.852431
3336,0.853733
3337,0.853154
3338,0.85272
3339,0.851852
3340,0.852431
3341,0.851418
3342,0.851273
3343,0.852431
3344,0.851128
3345,0.851418
3346,0.852141
3347,0.850694
3348,0.851997
3349,0.851562
3350,0.85272
3351,0.851418
3352,0.851418
3353,0.850839
3354,0.851128
3355,0.85055
3356,0.851128
3357,0.851128
3358,0.851562
3359,0.851997
3360,0.852865
3361,0.851852
3362,0.849682
3363,0.850984
3364,0.851997
3365,0.852286
3366,0.853299
3367,0.853009
3368,0.852575
3369,0.85272
3370,0.851418
3371,0.850984
3372,0.851273
3373,0.851273
3374,0.850984
3375,0.850694
3376,0.849971
3377,0.849826
3378,0.849537
3379,0.850405
3380,0.849682
3381,0.849826
3382,0.849682
3383,0.849826
3384,0.85026
3385,0.850405
3386,0.853877
3387,0.85272
3388,0.852575
3389,0.853588
3390,0.853009
3391,0.853009
3392,0.851997
3393,0.852575
3394,0.852141
3395,0.85272
3396,0.851852
3397,0.85055
3398,0.850984
3399,0.850694
3400,0.85055
3401,0.851128
3402,0.850839
3403,0.851418
3404,0.850984
3405,0.851128
3406,0.85055
3407,0.850694
3408,0.851418
3409,0.850694
3410,0.85026
3411,0.855179
3412,0.854311
3413,0.855035
3414,0.855324
3415,0.854745
3416,0.855613
3417,0.854456
3418,0.852865
3419,0.852286
3420,0.853443
3421,0.854167
3422,0.855179
3423,0.855324
3424,0.85489
3425,0.855324
3426,0.85489
3427,0.855324
3428,0.855179
3429,0.85489
3430,0.855179
3431,0.855469
3432,0.85489
3433,0.855179
3434,0.854601
3435,0.855179
3436,0.862992
3437,0.863571
3438,0.863281
3439,0.862992
3440,0.861545
3441,0.862703
3442,0.862269
3443,0.861979
3444,0.86169
3445,0.861834
3446,0.861979
3447,0.861979
3448,0.862124
3449,0.8614
3450,0.861256
3451,0.86169
3452,0.861256
3453,0.861834
3454,0.861545
3455,0.861545
3456,0.861111
3457,0.860532
3458,0.861545
3459,0.861979
3460,0.8614
3461,0.862558
3462,0.862847
3463,0.862269
3464,0.861979
3465,0.862558
3466,0.862847
3467,0.862413
3468,0.863426
3469,0.862703
3470,0.862269
3471,0.8614
3472,0.862124
3473,0.862124
3474,0.861256
3475,0.860966
3476,0.861256
3477,0.861111
3478,0.8614
3479,0.860677
3480,0.860822
3481,0.860532
3482,0.860098
3483,0.860243
3484,0.85952
3485,0.859664
3486,0.864294
3487,0.864149
3488,0.863715
3489,0.862992
3490,0.862558
3491,0.863137
3492,0.862992
3493,0.862413
3494,0.862269
3495,0.862124
3496,0.861545
3497,0.8614
3498,0.861545
3499,0.860822
3500,0.860966
3501,0.861834
3502,0.861111
3503,0.861111
3504,0.86169
3505,0.861111
3506,0.861111
3507,0.860532
3508,0.860098
3509,0.860243
3510,0.859954
3511,0.862124
3512,0.861111
3513,0.861256
3514,0.861545
3515,0.861834
3516,0.86169
3517,0.860388
3518,0.860388
3519,0.860532
3520,0.860098
3521,0.859664
3522,0.859954
3523,0.859954
3524,0.858073
3525,0.857784
3526,0.858362
3527,0.858073
3528,0.859086
3529,0.859664
3530,0.858941
3531,0.858362
3532,0.858218
3533,0.858652
3534,0.858941
3535,0.85923
3536,0.859954
3537,0.860388
3538,0.858796
3539,0.85923
3540,0.859086
3541,0.858507
3542,0.859086
3543,0.858362
3544,0.858073
3545,0.858218
3546,0.859086
3547,0.858796
3548,0.858507
3549,0.858218
3550,0.85923
3551,0.858073
3552,0.858362
3553,0.857784
3554,0.857928
3555,0.857928
3556,0.857494
3557,0.858218
3558,0.858362
3559,0.857639
3560,0.858073
3561,0.857494
3562,0.858796
3563,0.858652
3564,0.858362
3565,0.857494
3566,0.856626
3567,0.856916
3568,0.856626
3569,0.856192
3570,0.85735
3571,0.856916
3572,0.857494
3573,0.858362
3574,0.858796
3575,0.858652
3576,0.857205
3577,0.857784
3578,0.857639
3579,0.858362
3580,0.858362
3581,0.858362
3582,0.857494
3583,0.857639
3584,0.858362
3585,0.858941
3586,0.858362
3587,0.857639
3588,0.857494
3589,0.857639
3590,0.85735
3591,0.857205
3592,0.85706
3593,0.85735
3594,0.858362
3595,0.857494
3596,0.857494
3597,0.857205
3598,0.857784
3599,0.857639
3600,0.858218
3601,0.859664
3602,0.859809
3603,0.859375
3604,0.859086
3605,0.860098
3606,0.861111
3607,0.860532
3608,0.860532
3609,0.860677
3610,0.861111
3611,0.860822
3612,0.860966
3613,0.8614
3614,0.862269
3615,0.862124
3616,0.861979
3617,0.862558
3618,0.862558
3619,0.863426
3620,0.8614
3621,0.861545
3622,0.861256
3623,0.861111
3624,0.862413
3625,0.861834
3626,0.860822
3627,0.861979
3628,0.862413
3629,0.862124
3630,0.861256
3631,0.862413
3632,0.861111
3633,0.861256
3634,0.861979
3635,0.860677
3636,0.860822
3637,0.860532
3638,0.859664
3639,0.85952
3640,0.859954
3641,0.860243
3642,0.857639
3643,0.857639
3644,0.857639
3645,0.856337
3646,0.855469
3647,0.855903
3648,0.856047
3649,0.855903
3650,0.856916
3651,0.856047
3652,0.857639
3653,0.856916
3654,0.858507
3655,0.858073
3656,0.85735
3657,0.857639
3658,0.858362
3659,0.858218
3660,0.858218
3661,0.857784
3662,0.858362
3663,0.858796
3664,0.857205
3665,0.85735
3666,0.858652
3667,0.858073
3668,0.85735
3669,0.857205
3670,0.856481
3671,0.855035
3672,0.855903
3673,0.856337
3674,0.855758
3675,0.855179
3676,0.857639
3677,0.858507
3678,0.85735
3679,0.858218
3680,0.857784
3681,0.858796
3682,0.858941
3683,0.859375
3684,0.858941
3685,0.859375
3686,0.859954
3687,0.858941
3688,0.858796
3689,0.858796
3690,0.859375
3691,0.85952
3692,0.859375
3693,0.858796
3694,0.858941
3695,0.860677
3696,0.860388
3697,0.860677
3698,0.860098
3699,0.860388
3700,0.860822
3701,0.860098
3702,0.859809
3703,0.859954
3704,0.855758
3705,0.859809
3706,0.859375
3707,0.859809
3708,0.860532
3709,0.860098
3710,0.857928
3711,0.857205
3712,0.856481
3713,0.857928
3714,0.859954
3715,0.858218
3716,0.85706
3717,0.855469
3718,0.855179
3719,0.853588
3720,0.855469
3721,0.851852
3722,0.855613
3723,0.852865
3724,0.853733
3725,0.853443
3726,0.855179
3727,0.853009
3728,0.852286
3729,0.852575
3730,0.852865
3731,0.854167
3732,0.856192
3733,0.855035
3734,0.854022
3735,0.853443
3736,0.852575
3737,0.853443
3738,0.853443
3739,0.851707
3740,0.853299
3741,0.855035
3742,0.853299
3743,0.85272
3744,0.851707
3745,0.850405
3746,0.850405
3747,0.852141
3748,0.853877
3749,0.855179
3750,0.853009
3751,0.851707
3752,0.851852
3753,0.851852
3754,0.849248
3755,0.849826
3756,0.851128
3757,0.849103
3758,0.849392
3759,0.847512
3760,0.848958
3761,0.848958
3762,0.848669
3763,0.848524
3764,0.848814
3765,0.847367
3766,0.846644
3767,0.845341
3768,0.844763
3769,0.84592
3770,0.84809
3771,0.848524
3772,0.846933
3773,0.848524
3774,0.85055
3775,0.85026
3776,0.849103
3777,0.848958
3778,0.848669
3779,0.847801
3780,0.848669
3781,0.849537
3782,0.850116
3783,0.848958
3784,0.85026
3785,0.849392
3786,0.849971
3787,0.849248
3788,0.848235
3789,0.847946
3790,0.848958
3791,0.846644
3792,0.848814
3793,0.848235
3794,0.846788
3795,0.850694
3796,0.849248
3797,0.849971
3798,0.848524
3799,0.84838
3800,0.849971
3801,0.84838
3802,0.849537
3803,0.847656
3804,0.846209
3805,0.847512
3806,0.850116
3807,0.848669
3808,0.849103
3809,0.847801
3810,0.846499
3811,0.847078
3812,0.846644
3813,0.845775
3814,0.846788
3815,0.848524
3816,0.847801
3817,0.847801
3818,0.847946
3819,0.84838
3820,0.859086
3821,0.858941
3822,0.859809
3823,0.860098
3824,0.858652
3825,0.858362
3826,0.857784
3827,0.859375
3828,0.858073
3829,0.857784
3830,0.858073
3831,0.857639
3832,0.857928
3833,0.858652
3834,0.858941
3835,0.858941
3836,0.858941
3837,0.858362
3838,0.858507
3839,0.857928
3840,0.857639
3841,0.857784
3842,0.858073
3843,0.858941
3844,0.858218
3845,0.859086
3846,0.858796
3847,0.858796
3848,0.858507
3849,0.858073
3850,0.858073
3851,0.857494
3852,0.856916
3853,0.857494
3854,0.857784
3855,0.857784
3856,0.858073
3857,0.85706
3858,0.855613
3859,0.855035
3860,0.854601
3861,0.854745
3862,0.854456
3863,0.854456
3864,0.855469
3865,0.856337
3866,0.856916
3867,0.857205
3868,0.856481
3869,0.856192
3870,0.858218
3871,0.85735
3872,0.859086
3873,0.858941
3874,0.858652
3875,0.859809
3876,0.861111
3877,0.860677
3878,0.859954
3879,0.860388
3880,0.860966
3881,0.860677
3882,0.861545
3883,0.860966
3884,0.861545
3885,0.860677
3886,0.860098
3887,0.859375
3888,0.859664
3889,0.860532
3890,0.859664
3891,0.85952
3892,0.860822
3893,0.8614
3894,0.860822
3895,0.862847
3896,0.860966
3897,0.858652
3898,0.85952
3899,0.860822
3900,0.858941
3901,0.854745
3902,0.855324
3903,0.857494
3904,0.856192
3905,0.858652
3906,0.858796
3907,0.857928
3908,0.858218
3909,0.857639
3910,0.858218
3911,0.85952
3912,0.859375
3913,0.858941
3914,0.859664
3915,0.859809
3916,0.859664
3917,0.859375
3918,0.858941
3919,0.858362
3920,0.859375
3921,0.859809
3922,0.859086
3923,0.860388
3924,0.86169
3925,0.860243
3926,0.85923
3927,0.859664
3928,0.858796
3929,0.858218
3930,0.858218
3931,0.858073
3932,0.856771
3933,0.858362
3934,0.858073
3935,0.858796
3936,0.859664
3937,0.859809
3938,0.858507
3939,0.858652
3940,0.858796
3941,0.85923
3942,0.857928
3943,0.857784
3944,0.857639
3945,0.858073
3946,0.858218
3947,0.858941
3948,0.859086
3949,0.859809
3950,0.859664
3951,0.859086
3952,0.85923
3953,0.85952
3954,0.85952
3955,0.860098
3956,0.85952
3957,0.860243
3958,0.85952
3959,0.85952
3960,0.859664
3961,0.858941
3962,0.858796
3963,0.857639
3964,0.858362
3965,0.856047
3966,0.85735
3967,0.856771
3968,0.856916
3969,0.857494
3970,0.862413
3971,0.862847
3972,0.862992
3973,0.862413
3974,0.862703
3975,0.862269
3976,0.861979
3977,0.861834
3978,0.8614
3979,0.861256
3980,0.8614
3981,0.862269
3982,0.859664
3983,0.859954
3984,0.856626
3985,0.856192
3986,0.855469
3987,0.857205
3988,0.85735
3989,0.858362
3990,0.860243
3991,0.859954
3992,0.860966
3993,0.8614
3994,0.86169
3995,0.861111
3996,0.86169
3997,0.861111
3998,0.860822
3999,0.860532
4000,0.861979
4001,0.85952
4002,0.858362
4003,0.857928
4004,0.857494
4005,0.857928
4006,0.857205
4007,0.856916
4008,0.856771
4009,0.857639
4010,0.85735
4011,0.857205
4012,0.858218
4013,0.857639
4014,0.85706
4015,0.857784
4016,0.857639
4017,0.85706
4018,0.85706
4019,0.85735
4020,0.85952
4021,0.85952
4022,0.858362
4023,0.858507
4024,0.85706
4025,0.856771
4026,0.85706
4027,0.857205
4028,0.855469
4029,0.855758
4030,0.856047
4031,0.855179
4032,0.855324
4033,0.856047
4034,0.856481
4035,0.856626
4036,0.856626
4037,0.856192
4038,0.85735
4039,0.856192
4040,0.855758
4041,0.857494
4042,0.857205
4043,0.857928
4044,0.857784
4045,0.858796
4046,0.858941
4047,0.857494
4048,0.857494
4049,0.856916
4050,0.85706
4051,0.857205
4052,0.857784
4053,0.85735
4054,0.85706
4055,0.856626
4056,0.856626
4057,0.85706
4058,0.856626
4059,0.855903
4060,0.855758
4061,0.855469
4062,0.855324
4063,0.855758
4064,0.856771
4065,0.856771
4066,0.856626
4067,0.85706
4068,0.85735
4069,0.85706
4070,0.857494
4071,0.857205
4072,0.856337
4073,0.856626
4074,0.856626
4075,0.856771
4076,0.858218
4077,0.85706
4078,0.856626
4079,0.856337
4080,0.856481
4081,0.856337
4082,0.85735
4083,0.85706
4084,0.857205
4085,0.858073
4086,0.857928
4087,0.857784
4088,0.858218
4089,0.858507
4090,0.858652
4091,0.859375
4092,0.858652
4093,0.858941
4094,0.858652
4095,0.8614
4096,0.862703
4097,0.862992
4098,0.862413
4099,0.861256
4100,0.860098
4101,0.859664
4102,0.859375
4103,0.859086
4104,0.85923
4105,0.859086
4106,0.858073
4107,0.858073
4108,0.858073
4109,0.856481
4110,0.85489
4111,0.856192
4112,0.855903
4113,0.856771
4114,0.855613
4115,0.855758
4116,0.856337
4117,0.855613
4118,0.855613
4119,0.855613
4120,0.856481
4121,0.854745
4122,0.854745
4123,0.855758
4124,0.855469
4125,0.856626
4126,0.855469
4127,0.855035
4128,0.85489
4129,0.856337
4130,0.856337
4131,0.855324
4132,0.854601
4133,0.854745
4134,0.854601
4135,0.85489
4136,0.855324
4137,0.854745
4138,0.856047
4139,0.85706
4140,0.855903
4141,0.856771
4142,0.855035
4143,0.855324
4144,0.856626
4145,0.858362
4146,0.858073
4147,0.858652
4148,0.858941
4149,0.859664
4150,0.858362
4151,0.857784
4152,0.858362
4153,0.858507
4154,0.855469
4155,0.85735
4156,0.856337
4157,0.855613
4158,0.857494
4159,0.853588
4160,0.856047
4161,0.854022
4162,0.856337
4163,0.853588
4164,0.852431
4165,0.851852
4166,0.852141
4167,0.852431
4168,0.851707
4169,0.847946
4170,0.850839
4171,0.852141
4172,0.850694
4173,0.849971
4174,0.851273
4175,0.850405
4176,0.847367
4177,0.845197
4178,0.846209
4179,0.846499
4180,0.845631
4181,0.843895
4182,0.846644
4183,0.846788
4184,0.854311
4185,0.851128
4186,0.856771
4187,0.858507
4188,0.85923
4189,0.85923
4190,0.863715
4191,0.864873
4192,0.865451
4193,0.866175
4194,0.866609
4195,0.867622
4196,0.866609
4197,0.873553
4198,0.870226
4199,0.873264
4200,0.876013
4201,0.867766
4202,0.872975
4203,0.867766
4204,0.865596
4205,0.861979
4206,0.864439
4207,0.87037
4208,0.866609
4209,0.864873
4210,0.867477
4211,0.862269
4212,0.863715
4213,0.8614
4214,0.865596
4215,0.864728
4216,0.863571
4217,0.865162
4218,0.865307
4219,0.869936
4220,0.869502
4221,0.861545
4222,0.871528
4223,0.876302
4224,0.87066
4225,0.873119
4226,0.877025
4227,0.878617
4228,0.878762
4229,0.880064
4230,0.879485
4231,0.882812
4232,0.891204
4233,0.893229
4234,0.8886
4235,0.891059
4236,0.889034
4237,0.896991
4238,0.895399
4239,0.900174
4240,0.893229
4241,0.898293
4242,0.897425
4243,0.901186
4244,0.896412
4245,0.905093
4246,0.902344
4247,0.904225
4248,0.896701
4249,0.89294
4250,0.897859
4251,0.890336
4252,0.89265
4253,0.887442
4254,0.87934
4255,0.882812
4256,0.880642
4257,0.880932
4258,0.875145
4259,0.874277
4260,0.875289
4261,0.866319
4262,0.86849
4263,0.862847
4264,0.866175
4265,0.873264
4266,0.86603
4267,0.873119
4268,0.86849
4269,0.871094
4270,0.862124
4271,0.871238
4272,0.869358
4273,0.872251
4274,0.877315
4275,0.884259
4276,0.877025
4277,0.883247
4278,0.883247
4279,0.886863
4280,0.889757
4281,0.888166
4282,0.897859
4283,0.894531
4284,0.898872
4285,0.902199
4286,0.904659
4287,0.904514
4288,0.904369
4289,0.909867
4290,0.908709
4291,0.913628
4292,0.918403
4293,0.914062
4294,0.915509
4295,0.898003
4296,0.905671
4297,0.904514
4298,0.89265
4299,0.895689
4300,0.891782
4301,0.884838
4302,0.886429
4303,0.891927
4304,0.883247
4305,0.889612
4306,0.887442
4307,0.883681
4308,0.88151
4309,0.879774
4310,0.88397
4311,0.88831
4312,0.891782
4313,0.888455
4314,0.890191
4315,0.887876
4316,0.87963
4317,0.887731
4318,0.882378
4319,0.873409
4320,0.874566
4321,0.870515
4322,0.866464
4323,0.866464
4324,0.862269
4325,0.858073
4326,0.856047
4327,0.862703
4328,0.863426
4329,0.854456
4330,0.859086
4331,0.854745
4332,0.863715
4333,0.860677
4334,0.865596
4335,0.854745
4336,0.862847
4337,0.857784
4338,0.848669
4339,0.849971
4340,0.848814
4341,0.843171
4342,0.842593
4343,0.848669
4344,0.843027
4345,0.826389
4346,0.83941
4347,0.829138
4348,0.824219
4349,0.822338
4350,0.822338
4351,0.813223
4352,0.822049
4353,0.822338
4354,0.8193
4355,0.818432
4356,0.82581
4357,0.817564
4358,0.825521
4359,0.818287
4360,0.815104
4361,0.819878
4362,0.823206
4363,0.827546
4364,0.832176
4365,0.833189
4366,0.83478
4367,0.834925
4368,0.841435
4369,0.835359
4370,0.847656
4371,0.847801
4372,0.847078
4373,0.85272
4374,0.852141
4375,0.851852
4376,0.854745
4377,0.859809
4378,0.847078
4379,0.853877
4380,0.846644
4381,0.85272
4382,0.849537
4383,0.861979
4384,0.851562
4385,0.853154
4386,0.856771
4387,0.85735
4388,0.85055
4389,0.864583
4390,0.864005
4391,0.860677
4392,0.861834
4393,0.863715
4394,0.851997
4395,0.846209
4396,0.848814
4397,0.851852
4398,0.852575
4399,0.847656
4400,0.843895
4401,0.853154
4402,0.841869
4403,0.840278
4404,0.834201
4405,0.833912
4406,0.837963
4407,0.828414
4408,0.825376
4409,0.795862
4410,0.791667
4411,0.778646
4412,0.775174
4413,0.7636
4414,0.778501
4415,0.77908
4416,0.784433
4417,0.797454
4418,0.801071
4419,0.796441
4420,0.812645
4421,0.826823
4422,0.826244
4423,0.831019
4424,0.839988
4425,0.842014
4426,0.83724
4427,0.835503
4428,0.831887
4429,0.836516
4430,0.825376
4431,0.834491
4432,0.816262
4433,0.823351
4434,0.819589
4435,0.825231
4436,0.816117
4437,0.817853
4438,0.809751
4439,0.806424
4440,0.805266
4441,0.802083
4442,0.788628
4443,0.802373
4444,0.79673
4445,0.793403
4446,0.795573
4447,0.786892
4448,0.779369
4449,0.789641
4450,0.777633
4451,0.784288
4452,0.775463
4453,0.771412
4454,0.760561
4455,0.75
4456,0.751447
4457,0.748553
4458,0.740017
4459,0.73235
4460,0.731337
4461,0.72309
4462,0.729311
4463,0.727575
4464,0.722656
4465,0.730179
4466,0.720052
4467,0.719184
4468,0.726997
4469,0.730179
4470,0.724103
4471,0.722512
4472,0.723524
4473,0.72526
4474,0.732784
4475,0.734664
4476,0.736979
4477,0.743779
4478,0.737703
4479,0.730758
4480,0.725984
4481,0.729456
4482,0.729022
4483,0.723958
4484,0.732928
4485,0.725839
4486,0.731192
4487,0.729167
4488,0.724971
4489,0.727286
4490,0.729167
4491,0.736111
4492,0.736256
4493,0.741753
4494,0.745226
4495,0.739439
4496,0.755642
4497,0.750868
4498,0.76794
4499,0.780816
4500,0.773582
4501,0.769531
4502,0.778935
4503,0.783999
4504,0.794271
4505,0.805122
4506,0.807147
4507,0.828125
4508,0.837674
4509,0.842448
4510,0.866898
4511,0.862269
4512,0.860822
4513,0.872975
4514,0.872975
4515,0.871238
4516,0.893519
4517,0.898727
4518,0.893519
4519,0.888889
4520,0.902778
4521,0.907552
4522,0.899884
4523,0.89945
4524,0.904369
4525,0.89945
4526,0.900029
4527,0.892506
4528,0.891493
4529,0.897714
4530,0.900897
4531,0.898727
4532,0.900318
4533,0.894097
4534,0.891059
4535,0.892506
4536,0.890625
4537,0.892361
4538,0.898438
4539,0.894821
4540,0.899161
4541,0.895833
4542,0.888166
4543,0.893953
4544,0.896991
4545,0.898003
4546,0.892506
4547,0.893808
4548,0.885706
4549,0.878472
4550,0.884115
4551,0.875868
4552,0.879485
4553,0.875723
4554,0.868056
4555,0.864439
4556,0.85489
4557,0.857494
4558,0.850116
4559,0.846209
4560,0.854456
4561,0.839699
4562,0.845197
4563,0.839844
4564,0.84592
4565,0.827257
4566,0.835359
4567,0.839699
4568,0.837529
4569,0.835069
4570,0.841291
4571,0.845775
4572,0.839844
4573,0.846065
4574,0.847656
4575,0.842159
4576,0.846354
4577,0.838397
4578,0.836806
4579,0.834491
4580,0.814815
4581,0.818432
4582,0.818432
4583,0.811487
4584,0.808738
4585,0.799769
4586,0.808304
4587,0.805845
4588,0.806858
4589,0.803819
4590,0.813513
4591,0.813802
4592,0.811343
4593,0.822483
4594,0.826678
4595,0.834346
4596,0.835648
4597,0.834346
4598,0.839265
4599,0.840712
4600,0.83724
4601,0.839844
4602,0.835214
4603,0.823929
4604,0.822049
4605,0.813657
4606,0.820457
4607,0.807002
4608,0.813223
4609,0.811487
4610,0.806424
4611,0.804688
4612,0.810909
4613,0.823929
4614,0.821615
4615,0.824653
4616,0.828559
4617,0.829861
4618,0.828414
4619,0.823929
4620,0.826244
4621,0.824508
4622,0.825231
4623,0.827691
4624,0.817998
4625,0.821181
4626,0.811053
4627,0.815538
4628,0.810185
4629,0.805556
4630,0.796586
4631,0.787905
4632,0.789497
4633,0.780816
4634,0.779225
4635,0.771701
4636,0.774161
4637,0.766493
4638,0.761719
4639,0.768374
4640,0.766348
4641,0.773727
4642,0.778935
4643,0.777344
4644,0.778935
4645,0.783275
4646,0.786892
4647,0.794705
4648,0.79239
4649,0.78776
4650,0.780382
4651,0.792679
4652,0.795428
4653,0.790365
4654,0.791811
4655,0.796586
4656,0.799769
4657,0.800492
4658,0.809896
4659,0.808594
4660,0.813657
4661,0.825666
4662,0.822917
4663,0.835359
4664,0.832031
4665,0.839265
4666,0.835069
4667,0.844039
4668,0.841291
4669,0.837095
4670,0.829716
4671,0.82581
4672,0.824653
4673,0.818866
4674,0.82364
4675,0.809751
4676,0.799334
4677,0.797598
4678,0.792101
4679,0.789641
4680,0.77445
4681,0.755064
4682,0.75
4683,0.751591
4684,0.742332
4685,0.71412
4686,0.709635
4687,0.703993
4688,0.690249
4689,0.689091
4690,0.683738
4691,0.679688
4692,0.673756
4693,0.680411
4694,0.678819
4695,0.670284
4696,0.675058
4697,0.678241
4698,0.676505
4699,0.6807
4700,0.682002
4701,0.68099
4702,0.687211
4703,0.699653
4704,0.689959
4705,0.702257
4706,0.700521
4707,0.71412
4708,0.717303
4709,0.720052
4710,0.720341
4711,0.737703
4712,0.742911
4713,0.741464
4714,0.772714
4715,0.77691
4716,0.770255
4717,0.77445
4718,0.778212
4719,0.77445
4720,0.802662
4721,0.805556
4722,0.803096
4723,0.798756
4724,0.802807
4725,0.795573
4726,0.805122
4727,0.813947
4728,0.814815
4729,0.8193
4730,0.819444
4731,0.819878
4732,0.821615
4733,0.818721
4734,0.829572
4735,0.831742
4736,0.833912
4737,0.829427
4738,0.848524
4739,0.851128
4740,0.846644
4741,0.850694
4742,0.860966
4743,0.855035
4744,0.857784
4745,0.854167
4746,0.839988
4747,0.818866
4748,0.819589
4749,0.804688
4750,0.725694
4751,0.713976
4752,0.700955
4753,0.687645
4754,0.626881
4755,0.615162
4756,0.583478
4757,0.556858
4758,0.535301
4759,0.518084
4760,0.454861
4761,0.449219
4762,0.432002
4763,0.417824
4764,0.407118
4765,0.396701
4766,0.383825
4767,0.377025
4768,0.364149
4769,0.364005
4770,0.335648
4771,0.332755
4772,0.324797
4773,0.328704
4774,0.326244
4775,0.322483
4776,0.310909
4777,0.302662
4778,0.30136
4779,0.301649
4780,0.293113
4781,0.285156
4782,0.286603
4783,0.281539
4784,0.275318
4785,0.27011
4786,0.263455
4787,0.255208
4788,0.249566
4789,0.238281
4790,0.229022
4791,0.225405
4792,0.218895
4793,0.207465
4794,0.203704
4795,0.198351
4796,0.193142
4797,0.190249
4798,0.186053
4799,0.181134
4800,0.18099
4801,0.177517
4802,0.174334
4803,0.173032
4804,0.173032
4805,0.172888
4806,0.172598
4807,0.172743
4808,0.172888
4809,0.172454
4810,0.170862
4811,0.16985
4812,0.168981
4813,0.165654
4814,0.163339
4815,0.159867
4816,0.158999
4817,0.159288
4818,0.159144
4819,0.157263
4820,0.144965
4821,0.144676
4822,0.14511
4823,0.14511
4824,0.145399
4825,0.145689
4826,0.145399
4827,0.144821
4828,0.14511
4829,0.144821
4830,0.14511
4831,0.145689
4832,0.145978
4833,0.145833
4834,0.144242
4835,0.144531
4836,0.143953
4837,0.144387
4838,0.144676
4839,0.144676
4840,0.145255
4841,0.144965
4842,0.144676
4843,0.144821
4844,0.144242
4845,0.14511
4846,0.145255
4847,0.146123
4848,0.145833
4849,0.146412
4850,0.146846
4851,0.146412
4852,0.146123
4853,0.145978
4854,0.145255
4855,0.144821
4856,0.14511
4857,0.144821
4858,0.145399
4859,0.144387
4860,0.144387
4861,0.144676
4862,0.144676
4863,0.144821
4864,0.14511
4865,0.145978
4866,0.145689
4867,0.145399
4868,0.145255
4869,0.14511
4870,0.145833
4871,0.145544
4872,0.14511
4873,0.145255
4874,0.145255
4875,0.14511
4876,0.145255
4877,0.144676
4878,0.144531
4879,0.144531
4880,0.144242
4881,0.143663
4882,0.143808
4883,0.143519
4884,0.138744
4885,0.138455
4886,0.138744
4887,0.139612
4888,0.139757
4889,0.140336
4890,0.14048
4891,0.140046
4892,0.139612
4893,0.139902
4894,0.140336
4895,0.141927
4896,0.14265
4897,0.141782
4898,0.141782
4899,0.141782
4900,0.141927
4901,0.141927
4902,0.14265
4903,0.142506
4904,0.142216
4905,0.14294
4906,0.142795
4907,0.14294
4908,0.142795
4909,0.143084
4910,0.14265
4911,0.142795
4912,0.142216
4913,0.142072
4914,0.142216
4915,0.141782
4916,0.142072
4917,0.143519
4918,0.151476
4919,0.156973
4920,0.170428
4921,0.185909
4922,0.190972
4923,0.207465
4924,0.219763
4925,0.224826
4926,0.233941
4927,0.241175
4928,0.242911
4929,0.252315
4930,0.252025
4931,0.254485
4932,0.251013
4933,0.276186
4934,0.283275
4935,0.298032
4936,0.322627
4937,0.329282
4938,0.337529
4939,0.388021
4940,0.400897
4941,0.422454
4942,0.431713
4943,0.440972
4944,0.446036
4945,0.453704
4946,0.454861
4947,0.457031
4948,0.46658
4949,0.466869
4950,0.461661
4951,0.448929
4952,0.440828
4953,0.438947
4954,0.423466
4955,0.426649
4956,0.404514
4957,0.384983
4958,0.37934
4959,0.346209
4960,0.333912
4961,0.324363
4962,0.309896
4963,0.301071
4964,0.294126
4965,0.27691
4966,0.25463
4967,0.242332
4968,0.235677
4969,0.239439
4970,0.23423
4971,0.237847
4972,0.24537
4973,0.24537
4974,0.257234
4975,0.272425
4976,0.273872
4977,0.28776
4978,0.295428
4979,0.294126
4980,0.300058
4981,0.30353
4982,0.305122
4983,0.300492
4984,0.296296
4985,0.29702
4986,0.294126
4987,0.293403
4988,0.289786
4989,0.283854
4990,0.276186
4991,0.274595
4992,0.265336
4993,0.265336
4994,0.264034
4995,0.25897
4996,0.248119
4997,0.242477
4998,0.232639
4999,0.237269
5000,0.237124
5001,0.229022
5002,0.228733
5003,0.22989
5004,0.233218
5005,0.231192
5006,0.224537
5007,0.22555
5008,0.228877
5009,0.224971
5010,0.224537
5011,0.221644
5012,0.220197
5013,0.217159
5014,0.209635
5015,0.212384
5016,0.208189
5017,0.204572
5018,0.20327
5019,0.199074
5020,0.190394
5021,0.188802
5022,0.184896
5023,0.186343
5024,0.184896
5025,0.189091
5026,0.194155
5027,0.197627
5028,0.199508
5029,0.196904
5030,0.196759
5031,0.193576
5032,0.188947
5033,0.184172
5034,0.171441
5035,0.171152
5036,0.169994
5037,0.170573
5038,0.168113
5039,0.168981
5040,0.169271
5041,0.166088
5042,0.163339
5043,0.16088
5044,0.160156
5045,0.158565
5046,0.159867
5047,0.162616
5048,0.163918
5049,0.168547
5050,0.175926
5051,0.176939
5052,0.186632
5053,0.190972
5054,0.196904
5055,0.204716
5056,0.213686
5057,0.221644
5058,0.231916
5059,0.257089
5060,0.259404
5061,0.273003
5062,0.289786
5063,0.30787
5064,0.334925
5065,0.351997
5066,0.35952
5067,0.370081
5068,0.384259
5069,0.387297
5070,0.398727
5071,0.412471
5072,0.423466
5073,0.440104
5074,0.459925
5075,0.468605
5076,0.485243
5077,0.501447
5078,0.507089
5079,0.522569
5080,0.534288
5081,0.535301
5082,0.542245
5083,0.547454
5084,0.559028
5085,0.55816
5086,0.544994
5087,0.541377
5088,0.530527
5089,0.485532
5090,0.469329
5091,0.447193
5092,0.378762
5093,0.366319
5094,0.355903
5095,0.335648
5096,0.331019
5097,0.324074
5098,0.319155
5099,0.311777
5100,0.298032
5101,0.28559
5102,0.279659
5103,0.2636
5104,0.24783
5105,0.234809
5106,0.214988
5107,0.207465
5108,0.20081
5109,0.182436
5110,0.181713
5111,0.182292
5112,0.184317
5113,0.185185
5114,0.185909
5115,0.19213
5116,0.193142
5117,0.197193
5118,0.198785
5119,0.193142
5120,0.195168
5121,0.193721
5122,0.183015
5123,0.179688
5124,0.169705
5125,0.158709
5126,0.154659
5127,0.144531
5128,0.137731
5129,0.135127
5130,0.129196
5131,0.123264
5132,0.122106
5133,0.121383
5134,0.119792
5135,0.12037
5136,0.120226
5137,0.12037
5138,0.121094
5139,0.120804
5140,0.120949
5141,0.121094
5142,0.121383
5143,0.121672
5144,0.121528
5145,0.121817
5146,0.121817
5147,0.121817
5148,0.122541
5149,0.123119
5150,0.122396
5151,0.121817
5152,0.121672
5153,0.122106
5154,0.122251
5155,0.122251
5156,0.122251
5157,0.121962
5158,0.122106
5159,0.121962
5160,0.121962
5161,0.12283
5162,0.122541
5163,0.122106
5164,0.122106
5165,0.122396
5166,0.123119
5167,0.123119
5168,0.122975
5169,0.123409
5170,0.123264
5171,0.122975
5172,0.123553
5173,0.123409
5174,0.123698
5175,0.123409
5176,0.123843
5177,0.124132
5178,0.124132
5179,0.124277
5180,0.124277
5181,0.124566
5182,0.124277
5183,0.124277
5184,0.119936
5185,0.120226
5186,0.120226
5187,0.120949
5188,0.121383
5189,0.121383
5190,0.121672
5191,0.122106
5192,0.121672
5193,0.121962
5194,0.122251
5195,0.122251
5196,0.12283
5197,0.12283
5198,0.123264
5199,0.123409
5200,0.123409
5201,0.123264
5202,0.122975
5203,0.12283
5204,0.122975
5205,0.123119
5206,0.122685
5207,0.123119
5208,0.123119
5209,0.124132
5210,0.124277
5211,0.124132
5212,0.123698
5213,0.123698
5214,0.123698
5215,0.123698
5216,0.123843
5217,0.123843
5218,0.123843
5219,0.123698
5220,0.12037
5221,0.120081
5222,0.120081
5223,0.120081
5224,0.120226
5225,0.120515
5226,0.120515
5227,0.120949
5228,0.120949
5229,0.121383
5230,0.121962
5231,0.121383
5232,0.122106
5233,0.121817
5234,0.121962
5235,0.121528
5236,0.122106
5237,0.122251
5238,0.122396
5239,0.122541
5240,0.122685
5241,0.123119
5242,0.122541
5243,0.122685
5244,0.122685
5245,0.119936
5246,0.120081
5247,0.12037
5248,0.12066
5249,0.12037
5250,0.12066
5251,0.119792
5252,0.119792
5253,0.119792
5254,0.120081
5255,0.119792
5256,0.119936
5257,0.120081
5258,0.124277
5259,0.127894
5260,0.136863
5261,0.146846
5262,0.151476
5263,0.158565
5264,0.172309
5265,0.178819
5266,0.187355
5267,0.202402
5268,0.208044
5269,0.220775
5270,0.237269
5271,0.242188
5272,0.252894
5273,0.261429
5274,0.266927
5275,0.273438
5276,0.277344
5277,0.281395
5278,0.286748
5279,0.290509
5280,0.293258
5281,0.291956
5282,0.294126
5283,0.297164
5284,0.295573
5285,0.291667
5286,0.290509
5287,0.287326
5288,0.285735
5289,0.284433
5290,0.285156
5291,0.288194
5292,0.289641
5293,0.291522
5294,0.295139
5295,0.294271
5296,0.305266
5297,0.329427
5298,0.334346
5299,0.358507
5300,0.375579
5301,0.383536
5302,0.397859
5303,0.431713
5304,0.439381
5305,0.458044
5306,0.473524
5307,0.481771
5308,0.498843
5309,0.507668
5310,0.510127
5311,0.522569
5312,0.533709
5313,0.541088
5314,0.55353
5315,0.564381
5316,0.568432
5317,0.574363
5318,0.574942
5319,0.585214
5320,0.596644
5321,0.600984
5322,0.602431
5323,0.603154
5324,0.59838
5325,0.597222
5326,0.601997
5327,0.596209
5328,0.601707
5329,0.600116
5330,0.597801
5331,0.593895
5332,0.587818
5333,0.584925
5334,0.580006
5335,0.573206
5336,0.571615
5337,0.568142
5338,0.561921
5339,0.561198
5340,0.561632
5341,0.557581
5342,0.558594
5343,0.550058
5344,0.558015
5345,0.527922
5346,0.534722
5347,0.539352
5348,0.541667
5349,0.539352
5350,0.539352
5351,0.542101
5352,0.542245
5353,0.542969
5354,0.550492
5355,0.551939
5356,0.554688
5357,0.554977
5358,0.556424
5359,0.557147
5360,0.561487
5361,0.557581
5362,0.56467
5363,0.529803
5364,0.534722
5365,0.530816
5366,0.531539
5367,0.528501
5368,0.505208
5369,0.494647
5370,0.481916
5371,0.484664
5372,0.490307
5373,0.487703
5374,0.487413
5375,0.486979
5376,0.489583
5377,0.485243
5378,0.485243
5379,0.485532
5380,0.489294
5381,0.488281
5382,0.475984
5383,0.474103
5384,0.463397
5385,0.457755
5386,0.457176
5387,0.449508
5388,0.449074
5389,0.439959
5390,0.444589
5391,0.438802
5392,0.442274
5393,0.432292
5394,0.434896
5395,0.428385
5396,0.426939
5397,0.429977
5398,0.43967
5399,0.444444
5400,0.441262
5401,0.443432
5402,0.4443
5403,0.452112
5404,0.462384
5405,0.466725
5406,0.466725
5407,0.470486
5408,0.473958
5409,0.477575
5410,0.483796
5411,0.482784
5412,0.48423
5413,0.488281
5414,0.488715
5415,0.490162
5416,0.490741
5417,0.495226
5418,0.497975
5419,0.503906
5420,0.493345
5421,0.500723
5422,0.500723
5423,0.509983
5424,0.509693
5425,0.515191
5426,0.521701
5427,0.519676
5428,0.527054
5429,0.528501
5430,0.528935
5431,0.534144
5432,0.536314
5433,0.537037
5434,0.53805
5435,0.541377
5436,0.543837
5437,0.539786
5438,0.540075
5439,0.54239
5440,0.548466
5441,0.546586
5442,0.553819
5443,0.554543
5444,0.559896
5445,0.558594
5446,0.566117
5447,0.563079
5448,0.564525
5449,0.567274
5450,0.571615
5451,0.574942
5452,0.577546
5453,0.573785
5454,0.581308
5455,0.58695
5456,0.589265
5457,0.594039
5458,0.587818
5459,0.587963
5460,0.594329
5461,0.592882
5462,0.59809
5463,0.599537
5464,0.601997
5465,0.611545
5466,0.60952
5467,0.614294
5468,0.615451
5469,0.617332
5470,0.632668
5471,0.638744
5472,0.641204
5473,0.6386
5474,0.64048
5475,0.636285
5476,0.639323
5477,0.640191
5478,0.639757
5479,0.646267
5480,0.644676
5481,0.645833
5482,0.647859
5483,0.647569
5484,0.649016
5485,0.647569
5486,0.645544
5487,0.646123
5488,0.647425
5489,0.648293
5490,0.648582
5491,0.649016
5492,0.648438
5493,0.647859
5494,0.648872
5495,0.666233
5496,0.669126
5497,0.676071
5498,0.679398
5499,0.6875
5500,0.704282
5501,0.715278
5502,0.724826
5503,0.736111
5504,0.746962
5505,0.748698
5506,0.75651
5507,0.771701
5508,0.777778
5509,0.778501
5510,0.782986
5511,0.789352
5512,0.798466
5513,0.797309
5514,0.799913
5515,0.801649
5516,0.803241
5517,0.804977
5518,0.80353
5519,0.808015
5520,0.82581
5521,0.825521
5522,0.829716
5523,0.828414
5524,0.829716
5525,0.829716
5526,0.829282
5527,0.831597
5528,0.832755
5529,0.835648
5530,0.833189
5531,0.833333
5532,0.836516
5533,0.836516
5534,0.836516
5535,0.836082
5536,0.836082
5537,0.836806
5538,0.835503
5539,0.834635
5540,0.83478
5541,0.832755
5542,0.832321
5543,0.835938
5544,0.834201
5545,0.836516
5546,0.834346
5547,0.834057
5548,0.833623
5549,0.834057
5550,0.834057
5551,0.835214
5552,0.83724
5553,0.837529
5554,0.835069
5555,0.836372
5556,0.834925
5557,0.836372
5558,0.83478
5559,0.835214
5560,0.835793
5561,0.833478
5562,0.834491
5563,0.835359
5564,0.836227
5565,0.835793
5566,0.835069
5567,0.835793
5568,0.838542
5569,0.835069
5570,0.835938
5571,0.833189
5572,0.833333
5573,0.830006
5574,0.823785
5575,0.824074
5576,0.825087
5577,0.827257
5578,0.822193
5579,0.823061
5580,0.826389
5581,0.825231
5582,0.821615
5583,0.823929
5584,0.821904
5585,0.821181
5586,0.821036
5587,0.8193
5588,0.828848
5589,0.826823
5590,0.825955
5591,0.826968
5592,0.827257
5593,0.824942
5594,0.829861
5595,0.829138
5596,0.83261
5597,0.827546
5598,0.828848
5599,0.8261
5600,0.828848
5601,0.826534
5602,0.827546
5603,0.827836
5604,0.827112
5605,0.826823
5606,0.824074
5607,0.824508
5608,0.82798
5609,0.826244
5610,0.822917
5611,0.827112
5612,0.823929
5613,0.823785
5614,0.822193
5615,0.82581
5616,0.8261
5617,0.823785
5618,0.823351
5619,0.819734
5620,0.817708
5621,0.82147
5622,0.815683
5623,0.815972
5624,0.811053
5625,0.810475
5626,0.813513
5627,0.811777
5628,0.814525
5629,0.817274
5630,0.811053
5631,0.813079
5632,0.815104
5633,0.811632
5634,0.811487
5635,0.817419
5636,0.815683
5637,0.812934
5638,0.818432
5639,0.816262
5640,0.816406
5641,0.816262
5642,0.81901
5643,0.818287
5644,0.816551
5645,0.824219
5646,0.820747
5647,0.818721
5648,0.819155
5649,0.8193
5650,0.821036
5651,0.818576
5652,0.815104
5653,0.815538
5654,0.813657
5655,0.814959
5656,0.813223
5657,0.811487
5658,0.808304
5659,0.809028
5660,0.809462
5661,0.810909
5662,0.810475
5663,0.809028
5664,0.809606
5665,0.811777
5666,0.809751
5667,0.810185
5668,0.809172
5669,0.80816
5670,0.803385
5671,0.803385
5672,0.804977
5673,0.805845
5674,0.805845
5675,0.805411
5676,0.805845
5677,0.807436
5678,0.8057
5679,0.807002
5680,0.807292
5681,0.807726
5682,0.805845
5683,0.808738
5684,0.808015
5685,0.80816
5686,0.807726
5687,0.807581
5688,0.80787
5689,0.808015
5690,0.808015
5691,0.808594
5692,0.80816
5693,0.808304
5694,0.809172
5695,0.812789
5696,0.812645
5697,0.814525
5698,0.81467
5699,0.814815
5700,0.814236
5701,0.811921
5702,0.808883
5703,0.808015
5704,0.807292
5705,0.807581
5706,0.806279
5707,0.806279
5708,0.806713
5709,0.806858
5710,0.806858
5711,0.806424
5712,0.806279
5713,0.804543
5714,0.804253
5715,0.80353
5716,0.802517
5717,0.802662
5718,0.80353
5719,0.802662
5720,0.807436
5721,0.80787
5722,0.806134
