framenum,queue density
1,0.249295
2,0.246477
3,0.242049
4,0.23903
5,0.236514
6,0.235306
7,0.236413
8,0.236614
9,0.238325
10,0.24839
11,0.256039
12,0.261272
13,0.272846
14,0.279589
15,0.282709
16,0.289553
17,0.297705
18,0.297806
19,0.304549
20,0.304348
21,0.308776
22,0.311695
23,0.316828
24,0.318438
25,0.318337
26,0.315922
27,0.31713
28,0.315318
29,0.313205
30,0.311896
31,0.311292
32,0.316123
33,0.316023
34,0.313808
35,0.31562
36,0.316224
37,0.313205
38,0.318539
39,0.317834
40,0.31401
41,0.315519
42,0.316324
43,0.310588
44,0.309279
45,0.296095
46,0.297403
47,0.297101
48,0.297101
49,0.293277
50,0.294988
51,0.293579
52,0.293981
53,0.291969
54,0.292975
55,0.291566
56,0.293579
57,0.291264
58,0.292371
59,0.29066
60,0.291667
61,0.29066
62,0.292673
63,0.292673
64,0.290962
65,0.29056
66,0.288245
67,0.287339
68,0.289251
69,0.288043
70,0.280093
71,0.281401
72,0.282307
73,0.283112
74,0.285829
75,0.285225
76,0.287943
77,0.286433
78,0.286534
79,0.284823
80,0.286433
81,0.289452
82,0.290358
83,0.293076
84,0.29529
85,0.29841
86,0.306663
87,0.310386
88,0.318639
89,0.327194
90,0.329207
91,0.336051
92,0.343398
93,0.344002
94,0.352657
95,0.361715
96,0.364231
97,0.37037
98,0.377114
99,0.381139
100,0.38587
101,0.394223
102,0.395028
103,0.399255
104,0.40006
105,0.402275
106,0.399658
107,0.399054
108,0.399155
109,0.397947
110,0.395733
111,0.396337
112,0.395129
113,0.394022
114,0.38909
115,0.390097
116,0.388788
117,0.386876
118,0.382649
119,0.380133
120,0.371377
121,0.378019
122,0.381139
123,0.38275
124,0.389493
125,0.393015
126,0.397343
127,0.40318
128,0.403784
129,0.406401
130,0.410225
131,0.411433
132,0.41556
133,0.419585
134,0.418579
135,0.422101
136,0.424919
137,0.424114
138,0.424919
139,0.428744
140,0.423007
141,0.422907
142,0.424919
143,0.422504
144,0.422303
145,0.413849
146,0.412037
147,0.414654
148,0.410628
149,0.413446
150,0.408917
151,0.409018
152,0.406602
153,0.405193
154,0.404388
155,0.396337
156,0.395129
157,0.388486
158,0.38748
159,0.387077
160,0.382951
161,0.383756
162,0.380032
163,0.378824
164,0.374195
165,0.373188
166,0.374396
167,0.371578
168,0.370572
169,0.369767
170,0.365841
171,0.365841
172,0.367955
173,0.365439
174,0.362017
175,0.364432
176,0.363527
177,0.362017
178,0.360407
179,0.360709
180,0.358494
181,0.358092
182,0.358092
183,0.357186
184,0.356481
185,0.356783
186,0.356783
187,0.354267
188,0.352254
189,0.351651
190,0.351852
191,0.350644
192,0.34994
193,0.348329
194,0.348531
195,0.344605
196,0.34682
197,0.346014
198,0.346115
199,0.344807
200,0.34531
201,0.345109
202,0.345713
203,0.346518
204,0.345713
205,0.344404
206,0.343901
207,0.343901
208,0.342995
209,0.343398
210,0.343297
211,0.343901
212,0.343901
213,0.343901
214,0.344102
215,0.344304
216,0.345511
217,0.3437
218,0.3438
219,0.344203
220,0.345008
221,0.346518
222,0.346618
223,0.347424
224,0.346316
225,0.34692
226,0.345109
227,0.345713
228,0.344907
229,0.344907
230,0.344706
231,0.343901
232,0.343901
233,0.344605
234,0.343196
235,0.344002
236,0.343901
237,0.342995
238,0.342895
239,0.34219
240,0.341284
241,0.341989
242,0.342794
243,0.341586
244,0.342492
245,0.34068
246,0.340982
247,0.341586
248,0.340781
249,0.341989
250,0.343196
251,0.345612
252,0.345008
253,0.345914
254,0.344706
255,0.345109
256,0.344706
257,0.345813
258,0.344807
259,0.344304
260,0.345914
261,0.344304
262,0.343297
263,0.343196
264,0.342089
265,0.342492
266,0.342492
267,0.341787
268,0.342895
269,0.341989
270,0.338366
271,0.336554
272,0.336755
273,0.336353
274,0.335346
275,0.335346
276,0.335548
277,0.334642
278,0.334038
279,0.333132
280,0.333635
281,0.334239
282,0.335749
283,0.337359
284,0.337862
285,0.338164
286,0.338567
287,0.34058
288,0.340177
289,0.340982
290,0.33907
291,0.337862
292,0.33746
293,0.337359
294,0.336151
295,0.333837
296,0.331421
297,0.331019
298,0.330918
299,0.32961
300,0.32961
301,0.328402
302,0.3282
303,0.328402
304,0.329006
305,0.32971
306,0.329911
307,0.329308
308,0.32961
309,0.32971
310,0.330314
311,0.330012
312,0.329811
313,0.329207
314,0.329911
315,0.32961
316,0.330113
317,0.331119
318,0.331119
319,0.330616
320,0.334944
321,0.335447
322,0.33444
323,0.333837
324,0.33444
325,0.334541
326,0.335648
327,0.336051
328,0.335145
329,0.335246
330,0.33444
331,0.333635
332,0.333937
333,0.334239
334,0.334742
335,0.335346
336,0.334843
337,0.334944
338,0.33444
339,0.334742
340,0.334541
341,0.334944
342,0.335145
343,0.336957
344,0.339674
345,0.344605
346,0.345813
347,0.349738
348,0.350342
349,0.352556
350,0.356381
351,0.356481
352,0.358897
353,0.360709
354,0.361514
355,0.362721
356,0.365539
357,0.366546
358,0.36876
359,0.369263
360,0.37037
361,0.371075
362,0.371276
363,0.372585
364,0.373088
365,0.371779
366,0.37027
367,0.372182
368,0.370672
369,0.369767
370,0.36403
371,0.362721
372,0.362621
373,0.362118
374,0.361816
375,0.361312
376,0.360407
377,0.36091
378,0.357991
379,0.357186
380,0.356079
381,0.354771
382,0.353663
383,0.351852
384,0.352254
385,0.351047
386,0.353865
387,0.354771
388,0.357689
389,0.357991
390,0.358293
391,0.362923
392,0.367452
393,0.368961
394,0.373088
395,0.373893
396,0.375805
397,0.37963
398,0.38285
399,0.381542
400,0.385467
401,0.38748
402,0.387882
403,0.391405
404,0.391908
405,0.391103
406,0.394424
407,0.395229
408,0.396538
409,0.400765
410,0.403382
411,0.406904
412,0.405998
413,0.410024
414,0.410729
415,0.415258
416,0.416767
417,0.421196
418,0.420189
419,0.424517
420,0.426429
421,0.432367
422,0.434481
423,0.436292
424,0.441023
425,0.447766
426,0.446759
427,0.453905
428,0.458635
429,0.461554
430,0.465177
431,0.470209
432,0.476952
433,0.48289
434,0.48752
435,0.491848
436,0.495068
437,0.501006
438,0.503523
439,0.507548
440,0.510568
441,0.516405
442,0.51721
443,0.521538
444,0.520431
445,0.533615
446,0.535729
447,0.535326
448,0.538345
449,0.540862
450,0.544283
451,0.548209
452,0.547303
453,0.549618
454,0.551932
455,0.550523
456,0.552939
457,0.555958
458,0.560789
459,0.562601
460,0.562601
461,0.565419
462,0.566626
463,0.569243
464,0.571659
465,0.571457
466,0.572564
467,0.571759
468,0.575282
469,0.57498
470,0.591083
471,0.594505
472,0.592895
473,0.592492
474,0.591486
475,0.593498
476,0.594605
477,0.59692
478,0.597725
479,0.596316
480,0.599034
481,0.599034
482,0.598229
483,0.600342
484,0.599738
485,0.598128
486,0.599738
487,0.599638
488,0.599235
489,0.597725
490,0.599034
491,0.597122
492,0.598128
493,0.598531
494,0.60004
495,0.598128
496,0.597725
497,0.598027
498,0.59692
499,0.597524
500,0.594605
501,0.594807
502,0.596618
503,0.595612
504,0.595813
505,0.598027
506,0.596316
507,0.5938
508,0.597323
509,0.596115
510,0.594807
511,0.59682
512,0.592593
513,0.594404
514,0.598833
515,0.598732
516,0.598732
517,0.607186
518,0.614332
519,0.619666
520,0.635165
521,0.6407
522,0.641204
523,0.649457
524,0.659118
525,0.666566
526,0.667271
527,0.672101
528,0.676932
529,0.678543
530,0.679448
531,0.684783
532,0.685487
533,0.685185
534,0.686896
535,0.686192
536,0.68599
537,0.687802
538,0.686795
539,0.687198
540,0.686393
541,0.686997
542,0.689714
543,0.687903
544,0.691928
545,0.705817
546,0.704207
547,0.705113
548,0.703402
549,0.702697
550,0.702597
551,0.7032
552,0.703603
553,0.702999
554,0.699779
555,0.699477
556,0.697464
557,0.696659
558,0.69525
559,0.694143
560,0.693539
561,0.692633
562,0.69374
563,0.694545
564,0.695652
565,0.693035
566,0.697061
567,0.698772
568,0.696759
569,0.696961
570,0.691324
571,0.691526
572,0.687802
573,0.689513
574,0.688205
575,0.689211
576,0.68901
577,0.690117
578,0.689915
579,0.69062
580,0.690016
581,0.689513
582,0.687399
583,0.686695
584,0.688205
585,0.6875
586,0.686594
587,0.688406
588,0.687701
589,0.687399
590,0.68589
591,0.686795
592,0.687198
593,0.690821
594,0.692432
595,0.712963
596,0.717895
597,0.720511
598,0.728764
599,0.729569
600,0.732689
601,0.733394
602,0.731884
603,0.733998
604,0.7343
605,0.737017
606,0.737621
607,0.741345
608,0.746679
609,0.749094
610,0.756643
611,0.757448
612,0.760366
613,0.759662
614,0.762379
615,0.762379
616,0.763889
617,0.764392
618,0.764493
619,0.764996
620,0.786333
621,0.785326
622,0.780898
623,0.78281
624,0.781703
625,0.779489
626,0.780294
627,0.783011
628,0.782206
629,0.783615
630,0.783213
631,0.789251
632,0.788849
633,0.79378
634,0.796598
635,0.795793
636,0.797303
637,0.797202
638,0.795592
639,0.802335
640,0.802838
641,0.803241
642,0.806361
643,0.805153
644,0.803241
645,0.813909
646,0.815318
647,0.815821
648,0.815721
649,0.815016
650,0.813205
651,0.813708
652,0.812601
653,0.812701
654,0.817633
655,0.820652
656,0.822061
657,0.822262
658,0.827194
659,0.822967
660,0.821659
661,0.822967
662,0.824779
663,0.825886
664,0.822363
665,0.821558
666,0.823571
667,0.821055
668,0.818539
669,0.819042
670,0.82025
671,0.817733
672,0.81874
673,0.818539
674,0.818035
675,0.817532
676,0.819847
677,0.81723
678,0.816928
679,0.816626
680,0.815821
681,0.816626
682,0.816727
683,0.813708
684,0.815217
685,0.815419
686,0.814815
687,0.814513
688,0.809481
689,0.810286
690,0.80777
691,0.804952
692,0.808776
693,0.808676
694,0.807971
695,0.8125
696,0.810588
697,0.810185
698,0.812399
699,0.810085
700,0.811896
701,0.809279
702,0.811292
703,0.810588
704,0.816224
705,0.816425
706,0.819847
707,0.819847
708,0.82337
709,0.821961
710,0.825181
711,0.82498
712,0.822363
713,0.825282
714,0.824678
715,0.825684
716,0.82659
717,0.829408
718,0.830213
719,0.832428
720,0.838164
721,0.836453
722,0.837258
723,0.837862
724,0.837762
725,0.838265
726,0.837862
727,0.837661
728,0.837359
729,0.836453
730,0.837057
731,0.836655
732,0.836151
733,0.836755
734,0.837158
735,0.837862
736,0.837359
737,0.83756
738,0.837258
739,0.836755
740,0.836957
741,0.836755
742,0.836856
743,0.836957
744,0.836755
745,0.837963
746,0.83907
747,0.838768
748,0.837862
749,0.837158
750,0.836554
751,0.83756
752,0.837963
753,0.838064
754,0.838064
755,0.838567
756,0.839271
757,0.839372
758,0.84068
759,0.840378
760,0.840378
761,0.840177
762,0.840076
763,0.840882
764,0.841385
765,0.84219
766,0.841989
767,0.841586
768,0.84219
769,0.842492
770,0.842895
771,0.842492
772,0.843498
773,0.844002
774,0.843498
775,0.8438
776,0.844203
777,0.844404
778,0.844907
779,0.844304
780,0.845411
781,0.84531
782,0.843901
783,0.8438
784,0.8437
785,0.843498
786,0.8438
787,0.843297
788,0.8437
789,0.843901
790,0.843599
791,0.844605
792,0.844102
793,0.844304
794,0.843498
795,0.841486
796,0.840076
797,0.840177
798,0.841284
799,0.840882
800,0.840177
801,0.838969
802,0.839573
803,0.839372
804,0.840982
805,0.84058
806,0.84058
807,0.84068
808,0.842089
809,0.842593
810,0.841586
811,0.839473
812,0.838466
813,0.83907
814,0.839372
815,0.84068
816,0.841184
817,0.840982
818,0.841888
819,0.841184
820,0.843196
821,0.842391
822,0.842794
823,0.841989
824,0.842391
825,0.842492
826,0.8437
827,0.846216
828,0.845914
829,0.846115
830,0.845914
831,0.845914
832,0.846216
833,0.846719
834,0.848128
835,0.848128
836,0.848531
837,0.84843
838,0.84843
839,0.848833
840,0.847927
841,0.848329
842,0.848329
843,0.847927
844,0.848531
845,0.848229
846,0.848128
847,0.849537
848,0.848833
849,0.848732
850,0.84843
851,0.848027
852,0.847625
853,0.848631
854,0.849436
855,0.849034
856,0.848531
857,0.848027
858,0.847625
859,0.84682
860,0.847222
861,0.847524
862,0.849134
863,0.848732
864,0.848229
865,0.847625
866,0.847826
867,0.848229
868,0.848732
869,0.84843
870,0.847927
871,0.848229
872,0.848027
873,0.847323
874,0.847323
875,0.847323
876,0.847021
877,0.847625
878,0.848128
879,0.848631
880,0.847725
881,0.847222
882,0.84843
883,0.848732
884,0.848531
885,0.849336
886,0.849235
887,0.849436
888,0.849235
889,0.849839
890,0.85004
891,0.850242
892,0.850745
893,0.850946
894,0.850342
895,0.85004
896,0.850543
897,0.850644
898,0.850242
899,0.850342
900,0.850443
901,0.850141
902,0.849738
903,0.849839
904,0.849235
905,0.846719
906,0.846618
907,0.847323
908,0.847826
909,0.848631
910,0.849839
911,0.84994
912,0.850543
913,0.850242
914,0.850141
915,0.850242
916,0.850242
917,0.849738
918,0.850141
919,0.850141
920,0.85004
921,0.849436
922,0.849134
923,0.849235
924,0.849638
925,0.85004
926,0.849738
927,0.850141
928,0.849839
929,0.849738
930,0.848329
931,0.847927
932,0.84843
933,0.849034
934,0.848833
935,0.849034
936,0.847826
937,0.847927
938,0.848027
939,0.847524
940,0.846518
941,0.847021
942,0.84682
943,0.847021
944,0.846719
945,0.84692
946,0.847222
947,0.847222
948,0.847725
949,0.847424
950,0.847021
951,0.847222
952,0.847021
953,0.847021
954,0.847021
955,0.848833
956,0.847927
957,0.848933
958,0.848833
959,0.849134
960,0.849235
961,0.849537
962,0.850443
963,0.849134
964,0.849839
965,0.849638
966,0.850543
967,0.850543
968,0.849638
969,0.848933
970,0.849638
971,0.849034
972,0.848933
973,0.848531
974,0.847625
975,0.84843
976,0.848229
977,0.848027
978,0.847424
979,0.847725
980,0.847625
981,0.847222
982,0.847524
983,0.847222
984,0.847222
985,0.848128
986,0.848027
987,0.848229
988,0.848933
989,0.849235
990,0.848631
991,0.848933
992,0.849537
993,0.849235
994,0.84843
995,0.848329
996,0.84843
997,0.848531
998,0.848128
999,0.84843
1000,0.84843
1001,0.848732
1002,0.849436
1003,0.849638
1004,0.849537
1005,0.848128
1006,0.848229
1007,0.848027
1008,0.848531
1009,0.848631
1010,0.848229
1011,0.845813
1012,0.844505
1013,0.845109
1014,0.846115
1015,0.845813
1016,0.846518
1017,0.845411
1018,0.845713
1019,0.847323
1020,0.847323
1021,0.847625
1022,0.848027
1023,0.848531
1024,0.847625
1025,0.847021
1026,0.847021
1027,0.846719
1028,0.846719
1029,0.847122
1030,0.847424
1031,0.84682
1032,0.847524
1033,0.84682
1034,0.847524
1035,0.846417
1036,0.848531
1037,0.848329
1038,0.848027
1039,0.847725
1040,0.848027
1041,0.846719
1042,0.847323
1043,0.847524
1044,0.848027
1045,0.848128
1046,0.847524
1047,0.847021
1048,0.847826
1049,0.847725
1050,0.847323
1051,0.847826
1052,0.848229
1053,0.848631
1054,0.848027
1055,0.847524
1056,0.847625
1057,0.847222
1058,0.847222
1059,0.84682
1060,0.848027
1061,0.846518
1062,0.846719
1063,0.846719
1064,0.845612
1065,0.846216
1066,0.846719
1067,0.846417
1068,0.846316
1069,0.846216
1070,0.845008
1071,0.845411
1072,0.847021
1073,0.847424
1074,0.847222
1075,0.846316
1076,0.846618
1077,0.84682
1078,0.847625
1079,0.848027
1080,0.847927
1081,0.848128
1082,0.848128
1083,0.848229
1084,0.848128
1085,0.84692
1086,0.845914
1087,0.844706
1088,0.845109
1089,0.844605
1090,0.844002
1091,0.845008
1092,0.844907
1093,0.844404
1094,0.845008
1095,0.845713
1096,0.845713
1097,0.846618
1098,0.845713
1099,0.845914
1100,0.84531
1101,0.84531
1102,0.844907
1103,0.844706
1104,0.844203
1105,0.844203
1106,0.844907
1107,0.845209
1108,0.845511
1109,0.845713
1110,0.845411
1111,0.843498
1112,0.842391
1113,0.843599
1114,0.843096
1115,0.842895
1116,0.8438
1117,0.844706
1118,0.844605
1119,0.844807
1120,0.845612
1121,0.844907
1122,0.84531
1123,0.845209
1124,0.844907
1125,0.845109
1126,0.844304
1127,0.843297
1128,0.843398
1129,0.843096
1130,0.844102
1131,0.842895
1132,0.843901
1133,0.843498
1134,0.842794
1135,0.843096
1136,0.844907
1137,0.844404
1138,0.845008
1139,0.844505
1140,0.845411
1141,0.847122
1142,0.84692
1143,0.846115
1144,0.847021
1145,0.845813
1146,0.845914
1147,0.844102
1148,0.844807
1149,0.847021
1150,0.846618
1151,0.845914
1152,0.847222
1153,0.847122
1154,0.847222
1155,0.847021
1156,0.847424
1157,0.847222
1158,0.846518
1159,0.846518
1160,0.847021
1161,0.845914
1162,0.844102
1163,0.844605
1164,0.8437
1165,0.844102
1166,0.844505
1167,0.843196
1168,0.843398
1169,0.843196
1170,0.845109
1171,0.844807
1172,0.844706
1173,0.844304
1174,0.845914
1175,0.846417
1176,0.84682
1177,0.846618
1178,0.847625
1179,0.846618
1180,0.846316
1181,0.846518
1182,0.845713
1183,0.846316
1184,0.845713
1185,0.846115
1186,0.845511
1187,0.84531
1188,0.846316
1189,0.846618
1190,0.846014
1191,0.846518
1192,0.846316
1193,0.84692
1194,0.847826
1195,0.847424
1196,0.847927
1197,0.848229
1198,0.848732
1199,0.847927
1200,0.847524
1201,0.847323
1202,0.847021
1203,0.847021
1204,0.84682
1205,0.845411
1206,0.845914
1207,0.846216
1208,0.846115
1209,0.84692
1210,0.847222
1211,0.847222
1212,0.847725
1213,0.846618
1214,0.846014
1215,0.846014
1216,0.845511
1217,0.845109
1218,0.845209
1219,0.844807
1220,0.845008
1221,0.844907
1222,0.84531
1223,0.846417
1224,0.846014
1225,0.84682
1226,0.846618
1227,0.846417
1228,0.846518
1229,0.846417
1230,0.846518
1231,0.846417
1232,0.846417
1233,0.846518
1234,0.847122
1235,0.846316
1236,0.845109
1237,0.846014
1238,0.845511
1239,0.847021
1240,0.848229
1241,0.847524
1242,0.847122
1243,0.846518
1244,0.845914
1245,0.845813
1246,0.847625
1247,0.847222
1248,0.846417
1249,0.847725
1250,0.846719
1251,0.846316
1252,0.846115
1253,0.846719
1254,0.846518
1255,0.84682
1256,0.847122
1257,0.847524
1258,0.848027
1259,0.847524
1260,0.847021
1261,0.846014
1262,0.844907
1263,0.846216
1264,0.845914
1265,0.846115
1266,0.845713
1267,0.84531
1268,0.845109
1269,0.846719
1270,0.846216
1271,0.84692
1272,0.847021
1273,0.846719
1274,0.845411
1275,0.846719
1276,0.847222
1277,0.845713
1278,0.847424
1279,0.847725
1280,0.846417
1281,0.84682
1282,0.845914
1283,0.846719
1284,0.846719
1285,0.846216
1286,0.844404
1287,0.843901
1288,0.8438
1289,0.844304
1290,0.8438
1291,0.843901
1292,0.844002
1293,0.843498
1294,0.844404
1295,0.845209
1296,0.843901
1297,0.8437
1298,0.844404
1299,0.844505
1300,0.844706
1301,0.845612
1302,0.846115
1303,0.845411
1304,0.846417
1305,0.846417
1306,0.846014
1307,0.846115
1308,0.845914
1309,0.845008
1310,0.844605
1311,0.846115
1312,0.844706
1313,0.845511
1314,0.843901
1315,0.843498
1316,0.8438
1317,0.842593
1318,0.8437
1319,0.844102
1320,0.844304
1321,0.844203
1322,0.844807
1323,0.845612
1324,0.845612
1325,0.845511
1326,0.845008
1327,0.844807
1328,0.845511
1329,0.845511
1330,0.846115
1331,0.846115
1332,0.846719
1333,0.846618
1334,0.846618
1335,0.846618
1336,0.844404
1337,0.844807
1338,0.844102
1339,0.8437
1340,0.844807
1341,0.844102
1342,0.84531
1343,0.845511
1344,0.845411
1345,0.846719
1346,0.847021
1347,0.846618
1348,0.847323
1349,0.846518
1350,0.846115
1351,0.844706
1352,0.846014
1353,0.84682
1354,0.84682
1355,0.84531
1356,0.847122
1357,0.845914
1358,0.847424
1359,0.846719
1360,0.84692
1361,0.846014
1362,0.84682
1363,0.845411
1364,0.845511
1365,0.84682
1366,0.844907
1367,0.844404
1368,0.844304
1369,0.842995
1370,0.843096
1371,0.843096
1372,0.844605
1373,0.845109
1374,0.843599
1375,0.845209
1376,0.844807
1377,0.844304
1378,0.84531
1379,0.844505
1380,0.845209
1381,0.844605
1382,0.844505
1383,0.845411
1384,0.845713
1385,0.846518
1386,0.842089
1387,0.843196
1388,0.842391
1389,0.842593
1390,0.844002
1391,0.843901
1392,0.844807
1393,0.845411
1394,0.845008
1395,0.845612
1396,0.848531
1397,0.848229
1398,0.847625
1399,0.848128
1400,0.848732
1401,0.849034
1402,0.848631
1403,0.848229
1404,0.850242
1405,0.849034
1406,0.849537
1407,0.850141
1408,0.850242
1409,0.850141
1410,0.849134
1411,0.850242
1412,0.849235
1413,0.84994
1414,0.850845
1415,0.850745
1416,0.849738
1417,0.851147
1418,0.852758
1419,0.850745
1420,0.85316
1421,0.85316
1422,0.852858
1423,0.850644
1424,0.850644
1425,0.854569
1426,0.853663
1427,0.85316
1428,0.854368
1429,0.857085
1430,0.858192
1431,0.85789
1432,0.853764
1433,0.85316
1434,0.853764
1435,0.853362
1436,0.854167
1437,0.853764
1438,0.857287
1439,0.856884
1440,0.854167
1441,0.85628
1442,0.854368
1443,0.852556
1444,0.855978
1445,0.859098
1446,0.856079
1447,0.857689
1448,0.86091
1449,0.858192
1450,0.857488
1451,0.859903
1452,0.860407
1453,0.854972
1454,0.856783
1455,0.857085
1456,0.853362
1457,0.855576
1458,0.859903
1459,0.853865
1460,0.856985
1461,0.854771
1462,0.852355
1463,0.857589
1464,0.853865
1465,0.85155
1466,0.859702
1467,0.856683
1468,0.853261
1469,0.852858
1470,0.855274
1471,0.855173
1472,0.862621
1473,0.859702
1474,0.857287
1475,0.858192
1476,0.861312
1477,0.85789
1478,0.857387
1479,0.859702
1480,0.856985
1481,0.862721
1482,0.863527
1483,0.864533
1484,0.863627
1485,0.861715
1486,0.867351
1487,0.863527
1488,0.87188
1489,0.871276
1490,0.871779
1491,0.871276
1492,0.868257
1493,0.874094
1494,0.877818
1495,0.877516
1496,0.875503
1497,0.878925
1498,0.87661
1499,0.877919
1500,0.870169
1501,0.869767
1502,0.866647
1503,0.863929
1504,0.867351
1505,0.861413
1506,0.869364
1507,0.867955
1508,0.866747
1509,0.866848
1510,0.864533
1511,0.862621
1512,0.867552
1513,0.871377
1514,0.872081
1515,0.871981
1516,0.870169
1517,0.873289
1518,0.87037
1519,0.876308
1520,0.879026
1521,0.871477
1522,0.871276
1523,0.864835
1524,0.876208
1525,0.87651
1526,0.879227
1527,0.87963
1528,0.876208
1529,0.874195
1530,0.876308
1531,0.873088
1532,0.875503
1533,0.878019
1534,0.877214
1535,0.883454
1536,0.879428
1537,0.875
1538,0.871578
1539,0.871176
1540,0.872484
1541,0.873893
1542,0.871779
1543,0.87037
1544,0.866445
1545,0.875403
1546,0.876912
1547,0.875101
1548,0.877114
1549,0.871981
1550,0.881542
1551,0.872786
1552,0.878019
1553,0.878019
1554,0.879932
1555,0.882951
1556,0.878221
1557,0.881944
1558,0.878724
1559,0.888184
1560,0.883454
1561,0.884662
1562,0.878221
1563,0.875302
1564,0.873591
1565,0.876409
1566,0.873893
1567,0.878422
1568,0.869465
1569,0.878523
1570,0.882548
1571,0.878724
1572,0.877013
1573,0.880032
1574,0.877516
1575,0.882045
1576,0.878925
1577,0.87188
1578,0.875403
1579,0.874799
1580,0.875906
1581,0.873792
1582,0.880435
1583,0.876006
1584,0.878623
1585,0.884461
1586,0.883353
1587,0.876812
1588,0.87973
1589,0.88436
1590,0.885769
1591,0.882347
1592,0.880334
1593,0.87651
1594,0.87349
1595,0.868961
1596,0.863929
1597,0.867049
1598,0.866445
1599,0.863426
1600,0.863225
1601,0.857186
1602,0.852858
1603,0.855576
1604,0.859601
1605,0.855072
1606,0.857689
1607,0.861715
1608,0.857488
1609,0.858394
1610,0.862621
1611,0.865439
1612,0.862419
1613,0.852758
1614,0.863829
1615,0.868559
1616,0.868458
1617,0.868257
1618,0.866747
1619,0.864432
1620,0.867351
1621,0.860306
1622,0.86725
1623,0.869565
1624,0.865137
1625,0.874497
1626,0.874799
1627,0.870572
1628,0.862218
1629,0.861916
1630,0.862017
1631,0.863527
1632,0.860306
1633,0.864835
1634,0.861212
1635,0.86091
1636,0.866244
1637,0.862017
1638,0.864231
1639,0.866143
1640,0.870068
1641,0.864734
1642,0.864634
1643,0.865238
1644,0.871276
1645,0.866546
1646,0.870471
1647,0.865942
1648,0.860306
1649,0.857589
1650,0.861111
1651,0.864533
1652,0.854469
1653,0.858494
1654,0.861816
1655,0.848128
1656,0.851651
1657,0.848933
1658,0.847725
1659,0.851147
1660,0.854569
1661,0.850443
1662,0.854267
1663,0.86091
1664,0.857085
1665,0.858293
1666,0.860205
1667,0.865137
1668,0.860709
1669,0.860205
1670,0.864734
1671,0.858394
1672,0.860809
1673,0.862621
1674,0.868458
1675,0.863225
1676,0.862721
1677,0.859199
1678,0.853965
1679,0.854771
1680,0.853764
1681,0.852154
1682,0.838265
1683,0.838667
1684,0.836051
1685,0.832428
1686,0.82961
1687,0.834038
1688,0.829408
1689,0.837258
1690,0.833837
1691,0.83283
1692,0.834239
1693,0.839674
1694,0.838667
1695,0.843096
1696,0.839473
1697,0.834843
1698,0.833837
1699,0.836453
1700,0.835145
1701,0.831924
1702,0.821659
1703,0.829308
1704,0.82659
1705,0.82971
1706,0.830415
1707,0.836453
1708,0.83595
1709,0.837963
1710,0.839171
1711,0.84058
1712,0.846014
1713,0.841787
1714,0.833837
1715,0.838164
1716,0.837762
1717,0.829811
1718,0.830113
1719,0.829006
1720,0.827093
1721,0.835849
1722,0.832025
1723,0.83746
1724,0.832226
1725,0.846417
1726,0.847826
1727,0.844203
1728,0.849638
1729,0.857287
1730,0.859501
1731,0.853362
1732,0.851349
1733,0.844505
1734,0.832025
1735,0.826993
1736,0.792472
1737,0.801731
1738,0.80153
1739,0.797806
1740,0.791969
1741,0.780998
1742,0.777878
1743,0.771437
1744,0.75775
1745,0.757649
1746,0.757951
1747,0.76097
1748,0.716888
1749,0.722725
1750,0.717995
1751,0.715378
1752,0.709138
1753,0.66717
1754,0.668076
1755,0.652576
1756,0.652375
1757,0.644928
1758,0.642814
1759,0.636574
1760,0.629831
1761,0.61564
1762,0.612319
1763,0.610205
1764,0.598631
1765,0.589171
1766,0.586554
1767,0.597927
1768,0.612017
1769,0.617754
1770,0.625705
1771,0.625705
1772,0.648148
1773,0.661131
1774,0.664553
1775,0.663043
1776,0.679448
1777,0.692733
1778,0.695149
1779,0.699678
1780,0.70944
1781,0.705012
1782,0.704308
1783,0.696659
1784,0.697766
1785,0.685286
1786,0.680354
1787,0.685789
1788,0.684682
1789,0.677838
1790,0.678845
1791,0.663949
1792,0.659018
1793,0.65932
1794,0.649155
1795,0.640399
1796,0.637379
1797,0.628019
1798,0.622886
1799,0.625503
1800,0.616445
1801,0.623289
1802,0.618257
1803,0.622685
1804,0.623088
1805,0.627717
1806,0.629428
1807,0.628321
1808,0.630636
1809,0.631139
1810,0.630032
1811,0.611614
1812,0.618257
1813,0.62037
1814,0.620572
1815,0.617653
1816,0.617955
1817,0.620874
1818,0.614835
1819,0.609903
1820,0.608092
1821,0.602456
1822,0.591385
1823,0.590076
1824,0.588567
1825,0.58595
1826,0.576087
1827,0.572464
1828,0.557971
1829,0.553341
1830,0.544686
1831,0.544082
1832,0.538748
1833,0.536936
1834,0.529388
1835,0.522041
1836,0.504328
1837,0.512681
1838,0.515902
1839,0.521337
1840,0.520833
1841,0.524155
1842,0.529187
1843,0.526872
1844,0.52506
1845,0.52818
1846,0.529992
1847,0.532911
1848,0.53442
1849,0.535024
1850,0.541365
1851,0.532005
1852,0.534118
1853,0.536333
1854,0.529489
1855,0.517009
1856,0.512681
1857,0.505133
1858,0.503422
1859,0.498893
1860,0.493861
1861,0.482287
1862,0.483192
1863,0.479972
1864,0.477657
1865,0.474034
1866,0.460749
1867,0.45149
1868,0.446357
1869,0.443539
1870,0.442834
1871,0.440016
1872,0.44223
1873,0.447665
1874,0.452597
1875,0.45934
1876,0.47494
1877,0.476248
1878,0.483696
1879,0.492754
1880,0.494565
1881,0.496779
1882,0.504227
1883,0.495068
1884,0.486715
1885,0.489734
1886,0.480576
1887,0.486614
1888,0.489835
1889,0.49537
1890,0.502415
1891,0.511574
1892,0.514996
1893,0.523853
1894,0.532206
1895,0.542069
1896,0.538446
1897,0.532307
1898,0.516908
1899,0.514593
1900,0.519122
1901,0.517009
1902,0.535527
1903,0.5468
1904,0.559783
1905,0.575986
1906,0.61413
1907,0.620471
1908,0.649356
1909,0.667271
1910,0.670692
1911,0.679448
1912,0.688003
1913,0.687802
1914,0.698068
1915,0.709843
1916,0.71407
1917,0.723631
1918,0.738124
1919,0.741345
1920,0.743357
1921,0.753221
1922,0.747182
1923,0.750201
1924,0.751107
1925,0.713064
1926,0.711554
1927,0.69847
1928,0.691626
1929,0.669183
1930,0.651872
1931,0.639996
1932,0.622786
1933,0.546699
1934,0.530797
1935,0.511574
1936,0.476047
1937,0.472424
1938,0.460044
1939,0.441928
1940,0.433374
1941,0.4218
1942,0.41566
1943,0.423209
1944,0.425121
1945,0.414151
1946,0.415962
1947,0.398048
1948,0.393317
1949,0.388285
1950,0.379831
1951,0.372685
1952,0.366445
1953,0.364332
1954,0.351852
1955,0.358595
1956,0.351651
1957,0.345109
1958,0.339875
1959,0.336554
1960,0.326892
1961,0.328905
1962,0.325382
1963,0.321759
1964,0.323068
1965,0.315419
1966,0.309682
1967,0.310185
1968,0.303241
1969,0.296095
1970,0.293176
1971,0.284118
1972,0.272846
1973,0.267512
1974,0.250201
1975,0.238124
1976,0.232589
1977,0.222323
1978,0.216687
1979,0.21256
1980,0.208434
1981,0.202093
1982,0.199477
1983,0.195048
1984,0.19374
1985,0.191123
1986,0.164654
1987,0.163345
1988,0.164754
1989,0.164251
1990,0.165157
1991,0.164251
1992,0.163245
1993,0.162943
1994,0.163748
1995,0.163446
1996,0.163647
1997,0.161735
1998,0.160829
1999,0.161232
2000,0.159924
2001,0.15781
2002,0.163245
2003,0.167975
2004,0.175221
2005,0.185386
2006,0.193941
2007,0.204408
2008,0.2187
2009,0.226248
2010,0.244565
2011,0.258253
2012,0.264694
2013,0.297303
2014,0.316526
2015,0.345612
2016,0.375805
2017,0.397645
2018,0.422403
2019,0.451087
2020,0.463768
2021,0.464775
2022,0.475443
2023,0.492653
2024,0.509863
2025,0.539251
2026,0.570149
2027,0.587057
2028,0.618458
2029,0.644928
2030,0.659722
2031,0.6875
2032,0.682468
2033,0.680656
2034,0.681562
2035,0.679549
2036,0.6875
2037,0.702496
2038,0.676731
2039,0.695753
2040,0.694646
2041,0.691123
2042,0.660829
2043,0.642713
2044,0.573168
2045,0.558273
2046,0.534823
2047,0.503824
2048,0.495672
2049,0.470411
2050,0.450081
2051,0.442834
2052,0.429549
2053,0.410628
2054,0.397142
2055,0.383555
2056,0.370672
2057,0.361212
2058,0.347725
2059,0.332528
2060,0.317029
2061,0.292069
2062,0.280596
2063,0.279791
2064,0.276872
2065,0.272142
2066,0.269525
2067,0.264694
2068,0.265801
2069,0.265197
2070,0.266103
2071,0.266506
2072,0.266908
2073,0.26711
2074,0.260467
2075,0.256341
2076,0.251107
2077,0.241445
2078,0.237721
2079,0.220914
2080,0.208434
2081,0.202295
2082,0.191123
2083,0.181361
2084,0.177637
2085,0.1718
2086,0.160225
2087,0.160427
2088,0.159924
2089,0.160125
2090,0.159622
2091,0.159118
2092,0.15942
2093,0.15932
2094,0.158213
2095,0.159018
2096,0.160225
2097,0.160527
2098,0.15932
2099,0.159722
2100,0.161433
2101,0.165056
2102,0.167271
2103,0.172907
2104,0.179348
2105,0.182065
2106,0.189815
2107,0.197061
2108,0.20149
2109,0.210849
2110,0.225543
2111,0.229871
2112,0.253221
2113,0.279992
2114,0.288547
2115,0.329509
2116,0.348833
2117,0.379126
2118,0.42039
2119,0.477254
2120,0.496176
2121,0.539151
2122,0.56401
2123,0.608192
2124,0.6563
2125,0.678039
2126,0.69998
2127,0.731985
2128,0.77808
2129,0.79529
2130,0.811997
2131,0.828704
2132,0.84068
2133,0.853965
2134,0.859803
2135,0.863426
2136,0.894424
2137,0.897444
2138,0.898853
2139,0.897645
2140,0.899557
2141,0.89996
2142,0.896538
2143,0.896437
2144,0.892009
2145,0.891908
2146,0.889493
2147,0.886373
2148,0.889694
2149,0.895632
2150,0.894626
2151,0.888184
2152,0.860407
2153,0.856884
2154,0.817432
2155,0.785125
2156,0.778986
2157,0.736916
2158,0.714372
2159,0.70622
2160,0.692935
2161,0.645531
2162,0.645531
2163,0.644827
2164,0.644626
2165,0.650765
2166,0.64845
2167,0.647242
2168,0.64533
2169,0.643217
2170,0.645129
2171,0.641707
2172,0.634058
2173,0.634561
2174,0.631139
2175,0.633655
2176,0.576188
2177,0.563205
2178,0.543478
2179,0.516304
2180,0.480676
2181,0.441023
2182,0.411232
2183,0.400765
2184,0.38597
2185,0.357186
2186,0.309581
2187,0.301228
2188,0.293176
2189,0.290459
2190,0.278986
2191,0.270531
2192,0.265298
2193,0.261071
2194,0.25151
2195,0.247283
2196,0.239432
2197,0.233998
2198,0.229469
2199,0.221316
2200,0.216687
2201,0.210044
2202,0.205213
2203,0.196759
2204,0.192935
2205,0.190922
2206,0.189614
2207,0.188205
2208,0.186695
2209,0.182065
2210,0.180958
2211,0.170491
2212,0.166163
2213,0.164352
2214,0.161936
2215,0.160527
2216,0.15942
2217,0.158414
2218,0.156502
2219,0.156602
2220,0.156703
2221,0.156502
2222,0.156904
2223,0.157307
2224,0.155696
2225,0.154992
2226,0.155495
2227,0.154992
2228,0.155797
2229,0.156904
2230,0.155898
2231,0.154791
2232,0.155696
2233,0.155395
2234,0.155395
2235,0.155898
2236,0.153482
2237,0.153583
2238,0.155596
2239,0.154187
2240,0.15469
2241,0.155898
2242,0.155294
2243,0.154489
2244,0.153583
2245,0.155898
2246,0.155998
2247,0.157709
2248,0.158112
2249,0.156602
2250,0.156602
2251,0.157609
2252,0.157206
2253,0.158112
2254,0.159722
2255,0.15942
2256,0.158615
2257,0.158011
2258,0.159118
2259,0.160125
2260,0.160024
2261,0.157911
2262,0.157105
2263,0.159219
2264,0.159722
2265,0.159622
2266,0.161735
2267,0.161735
2268,0.165056
2269,0.173108
2270,0.177436
2271,0.186997
2272,0.19525
2273,0.200282
2274,0.210648
2275,0.220008
2276,0.225543
2277,0.238325
2278,0.248591
2279,0.253019
2280,0.262882
2281,0.270934
2282,0.276067
2283,0.276167
2284,0.28593
2285,0.288446
2286,0.283514
2287,0.289251
2288,0.293277
2289,0.296598
2290,0.296196
2291,0.297705
2292,0.296296
2293,0.29529
2294,0.288949
2295,0.283011
2296,0.275966
2297,0.274155
2298,0.267915
2299,0.266103
2300,0.26711
2301,0.269424
2302,0.26711
2303,0.269223
2304,0.275564
2305,0.279287
2306,0.280596
2307,0.281703
2308,0.281703
2309,0.280797
2310,0.279489
2311,0.273953
2312,0.271236
2313,0.267009
2314,0.26721
2315,0.266204
2316,0.26097
2317,0.260668
2318,0.260568
2319,0.260668
2320,0.26097
2321,0.259159
2322,0.259762
2323,0.250101
2324,0.247886
2325,0.244062
2326,0.241546
2327,0.241848
2328,0.231985
2329,0.229569
2330,0.22494
2331,0.220411
2332,0.21256
2333,0.207428
2334,0.202295
2335,0.196457
2336,0.189815
2337,0.185688
2338,0.180958
2339,0.17814
2340,0.17502
2341,0.174919
2342,0.174517
2343,0.170491
2344,0.170189
2345,0.170894
2346,0.168981
2347,0.17029
2348,0.167472
2349,0.16868
2350,0.169585
2351,0.1718
2352,0.173108
2353,0.17814
2354,0.18277
2355,0.187802
2356,0.192532
2357,0.194948
2358,0.197262
2359,0.197967
2360,0.198068
2361,0.189513
2362,0.183977
2363,0.181361
2364,0.178039
2365,0.175725
2366,0.170894
2367,0.171598
2368,0.169082
2369,0.16868
2370,0.166163
2371,0.161232
2372,0.161634
2373,0.158213
2374,0.157407
2375,0.158213
2376,0.157508
2377,0.1562
2378,0.156099
2379,0.154388
2380,0.152979
2381,0.152778
2382,0.153482
2383,0.155193
2384,0.155898
2385,0.164352
2386,0.170793
2387,0.177134
2388,0.190318
2389,0.214372
2390,0.22343
2391,0.242351
2392,0.272746
2393,0.286131
2394,0.30787
2395,0.35316
2396,0.361312
2397,0.382246
2398,0.402677
2399,0.411232
2400,0.418176
2401,0.425322
2402,0.426127
2403,0.427738
2404,0.426027
2405,0.426329
2406,0.42965
2407,0.429247
2408,0.424517
2409,0.417371
2410,0.377415
2411,0.350644
2412,0.353563
2413,0.352858
2414,0.333937
2415,0.308172
2416,0.301731
2417,0.293176
2418,0.285125
2419,0.259058
2420,0.252315
2421,0.240036
2422,0.223732
2423,0.217492
2424,0.207428
2425,0.194042
2426,0.18911
2427,0.182166
2428,0.174517
2429,0.169686
2430,0.162842
2431,0.157609
2432,0.155696
2433,0.150966
2434,0.155898
2435,0.160326
2436,0.167472
2437,0.180153
2438,0.184783
2439,0.199275
2440,0.210749
2441,0.216888
2442,0.225845
2443,0.229167
2444,0.231884
2445,0.231683
2446,0.229771
2447,0.230777
2448,0.223631
2449,0.215076
2450,0.212057
2451,0.203402
2452,0.193438
2453,0.187903
2454,0.175322
2455,0.175322
2456,0.173611
2457,0.175725
2458,0.182166
2459,0.184279
2460,0.186896
2461,0.185286
2462,0.188104
2463,0.189412
2464,0.183877
2465,0.184984
2466,0.183374
2467,0.180354
2468,0.182468
2469,0.183072
2470,0.181663
2471,0.178543
2472,0.173611
2473,0.164151
2474,0.163446
2475,0.159622
2476,0.158716
2477,0.158213
2478,0.15781
2479,0.161836
2480,0.163547
2481,0.16717
2482,0.171498
2483,0.176228
2484,0.181361
2485,0.181361
2486,0.18277
2487,0.18589
2488,0.178241
2489,0.176127
2490,0.171296
2491,0.170189
2492,0.169585
2493,0.169283
2494,0.169183
2495,0.168981
2496,0.167069
2497,0.165056
2498,0.164855
2499,0.162339
2500,0.161534
2501,0.160829
2502,0.160628
2503,0.160829
2504,0.16093
2505,0.161232
2506,0.161333
2507,0.160326
2508,0.161836
2509,0.166465
2510,0.170592
2511,0.172303
2512,0.180254
2513,0.18599
2514,0.199477
2515,0.214473
2516,0.220209
2517,0.232689
2518,0.242955
2519,0.247886
2520,0.265801
2521,0.276268
2522,0.28281
2523,0.304851
2524,0.317432
2525,0.322665
2526,0.333434
2527,0.341586
2528,0.345411
2529,0.345411
2530,0.344102
2531,0.348128
2532,0.344605
2533,0.343196
2534,0.339372
2535,0.330918
2536,0.321558
2537,0.317532
2538,0.316928
2539,0.306864
2540,0.305153
2541,0.286232
2542,0.277576
2543,0.273349
2544,0.262581
2545,0.262882
2546,0.252818
2547,0.234601
2548,0.227758
2549,0.227959
2550,0.227657
2551,0.229267
2552,0.230475
2553,0.229368
2554,0.227456
2555,0.227254
2556,0.230576
2557,0.221216
2558,0.219505
2559,0.211856
2560,0.204207
2561,0.190016
2562,0.180857
2563,0.175121
2564,0.171699
2565,0.164553
2566,0.159018
2567,0.155495
2568,0.151872
2569,0.145733
2570,0.143519
2571,0.141002
2572,0.138486
2573,0.13748
2574,0.136071
2575,0.135769
2576,0.136272
2577,0.136574
2578,0.136675
2579,0.137178
2580,0.136775
2581,0.137077
2582,0.137279
2583,0.137178
2584,0.137379
2585,0.137379
2586,0.134964
2587,0.134561
2588,0.135266
2589,0.135668
2590,0.135668
2591,0.135769
2592,0.13587
2593,0.136171
2594,0.136171
2595,0.136171
2596,0.13597
2597,0.136272
2598,0.13587
2599,0.135266
2600,0.135467
2601,0.135266
2602,0.135467
2603,0.135467
2604,0.135366
2605,0.135668
2606,0.13587
2607,0.136071
2608,0.136272
2609,0.136071
2610,0.136171
2611,0.135064
2612,0.135266
2613,0.13587
2614,0.135769
2615,0.135467
2616,0.135769
2617,0.13587
2618,0.135668
2619,0.13597
2620,0.135467
2621,0.135568
2622,0.136171
2623,0.136473
2624,0.136473
2625,0.136977
2626,0.143519
2627,0.147746
2628,0.158716
2629,0.169082
2630,0.174316
2631,0.18277
2632,0.193539
2633,0.197665
2634,0.205616
2635,0.210246
2636,0.210849
2637,0.213366
2638,0.214171
2639,0.215982
2640,0.220813
2641,0.232085
2642,0.236916
2643,0.252214
2644,0.264795
2645,0.275161
2646,0.300926
2647,0.324275
2648,0.328704
2649,0.351852
2650,0.36403
2651,0.366445
2652,0.409823
2653,0.427637
2654,0.440318
2655,0.450886
2656,0.461051
2657,0.476751
2658,0.49225
2659,0.502415
2660,0.502516
2661,0.509762
2662,0.51711
2663,0.519626
2664,0.517713
2665,0.508454
2666,0.502214
2667,0.49849
2668,0.494465
2669,0.493357
2670,0.49376
2671,0.493257
2672,0.49215
2673,0.477858
2674,0.470109
2675,0.47655
2676,0.453502
2677,0.439312
2678,0.438104
2679,0.433374
2680,0.428039
2681,0.410829
2682,0.401067
2683,0.388788
2684,0.386473
2685,0.382146
2686,0.348732
2687,0.35306
2688,0.360004
2689,0.361111
2690,0.36876
2691,0.370974
2692,0.37339
2693,0.371679
2694,0.379932
2695,0.377415
2696,0.375805
2697,0.37037
2698,0.365338
2699,0.36101
2700,0.3437
2701,0.338567
2702,0.333434
2703,0.32025
2704,0.313406
2705,0.308374
2706,0.302436
2707,0.289151
2708,0.283816
2709,0.276469
2710,0.274255
2711,0.260467
2712,0.261071
2713,0.264392
2714,0.264291
2715,0.264493
2716,0.264493
2717,0.265197
2718,0.265097
2719,0.262782
2720,0.259762
2721,0.251208
2722,0.245974
2723,0.241948
2724,0.238426
2725,0.234702
2726,0.234098
2727,0.232991
2728,0.235407
2729,0.235608
2730,0.238728
2731,0.240036
2732,0.243357
2733,0.247383
2734,0.253724
2735,0.250403
2736,0.23903
2737,0.244465
2738,0.245974
2739,0.252114
2740,0.257548
2741,0.25785
2742,0.263788
2743,0.266204
2744,0.269122
2745,0.269626
2746,0.270028
2747,0.273249
2748,0.270632
2749,0.271739
2750,0.273853
2751,0.270934
2752,0.272645
2753,0.273249
2754,0.269626
2755,0.275866
2756,0.269726
2757,0.272041
2758,0.271638
2759,0.27345
2760,0.269122
2761,0.267613
2762,0.266304
2763,0.265902
2764,0.263486
2765,0.266204
2766,0.265097
2767,0.267311
2768,0.264191
2769,0.264392
2770,0.262581
2771,0.264291
2772,0.264593
2773,0.262681
2774,0.262178
2775,0.260266
2776,0.259561
2777,0.256743
2778,0.258957
2779,0.256139
2780,0.259662
2781,0.257045
2782,0.257951
2783,0.253623
2784,0.254932
2785,0.252717
2786,0.249295
2787,0.248188
2788,0.247585
2789,0.246679
2790,0.24376
2791,0.244867
2792,0.244867
2793,0.241546
2794,0.239533
2795,0.241445
2796,0.241345
2797,0.238527
2798,0.237721
2799,0.238225
2800,0.238728
2801,0.237923
2802,0.235105
2803,0.235507
2804,0.235507
2805,0.234903
2806,0.2344
2807,0.234601
2808,0.235407
2809,0.234601
2810,0.235004
2811,0.230777
2812,0.23128
2813,0.230978
2814,0.232488
2815,0.232589
2816,0.232589
2817,0.233494
2818,0.233394
2819,0.23289
2820,0.233394
2821,0.233494
2822,0.23279
2823,0.232991
2824,0.233092
2825,0.233394
2826,0.23279
2827,0.232287
2828,0.23289
2829,0.233998
2830,0.232689
2831,0.231884
2832,0.232991
2833,0.231884
2834,0.232287
2835,0.232287
2836,0.232991
2837,0.233394
2838,0.233696
2839,0.233796
2840,0.234601
2841,0.234098
2842,0.234803
2843,0.235507
2844,0.235004
2845,0.235507
2846,0.235809
2847,0.235507
2848,0.236212
2849,0.235105
2850,0.235205
2851,0.235809
2852,0.236916
2853,0.236816
2854,0.235709
2855,0.236111
2856,0.236715
2857,0.237017
2858,0.236715
2859,0.236212
2860,0.236816
2861,0.23279
2862,0.233595
2863,0.23289
2864,0.233394
2865,0.235004
2866,0.235709
2867,0.235608
2868,0.236111
2869,0.236715
2870,0.237822
2871,0.236916
2872,0.236212
2873,0.23601
2874,0.235809
2875,0.235507
2876,0.234702
2877,0.233494
2878,0.232689
2879,0.232991
2880,0.235306
2881,0.238728
2882,0.242351
2883,0.246981
2884,0.251409
2885,0.252415
2886,0.257045
2887,0.26087
2888,0.261071
2889,0.262983
2890,0.265298
2891,0.266103
2892,0.264392
2893,0.262983
2894,0.262077
2895,0.257951
2896,0.256542
2897,0.258756
2898,0.256944
2899,0.254328
2900,0.254529
2901,0.252214
2902,0.251711
2903,0.250201
2904,0.249698
2905,0.247484
2906,0.249497
2907,0.249698
2908,0.250201
2909,0.249899
2910,0.250906
2911,0.246981
2912,0.246981
2913,0.245974
2914,0.248289
2915,0.247383
2916,0.24849
2917,0.248591
2918,0.24849
2919,0.246075
2920,0.246578
2921,0.247283
2922,0.247081
2923,0.248289
2924,0.247484
2925,0.248692
2926,0.24839
2927,0.247484
2928,0.248591
2929,0.247886
2930,0.250201
2931,0.253019
2932,0.251812
2933,0.254126
2934,0.253724
2935,0.253422
2936,0.250101
2937,0.248088
2938,0.24849
2939,0.248188
2940,0.249295
2941,0.249799
2942,0.249497
2943,0.249195
2944,0.25
2945,0.250503
2946,0.251208
2947,0.253523
2948,0.256944
2949,0.26097
2950,0.264392
2951,0.265399
2952,0.270934
2953,0.274255
2954,0.273752
2955,0.280696
2956,0.289151
2957,0.293277
2958,0.312903
2959,0.322766
2960,0.348833
2961,0.403885
2962,0.411634
2963,0.414553
2964,0.443136
2965,0.462661
2966,0.472323
2967,0.484803
2968,0.534622
2969,0.550221
2970,0.564312
2971,0.579408
2972,0.589372
2973,0.611715
2974,0.643921
2975,0.659219
2976,0.66878
2977,0.678442
2978,0.682468
2979,0.687701
2980,0.691324
2981,0.691425
2982,0.7031
2983,0.734199
2984,0.748692
2985,0.753422
2986,0.801127
2987,0.802838
2988,0.805254
2989,0.807166
2990,0.813104
2991,0.824879
2992,0.832126
2993,0.83907
2994,0.840177
2995,0.844002
2996,0.84531
2997,0.843901
2998,0.853362
2999,0.857689
3000,0.861413
3001,0.861514
3002,0.865238
3003,0.864634
3004,0.869163
3005,0.870169
3006,0.869666
3007,0.870974
3008,0.87339
3009,0.872081
3010,0.869968
3011,0.881844
3012,0.876912
3013,0.876409
3014,0.873994
3015,0.87339
3016,0.873893
3017,0.873591
3018,0.874698
3019,0.875805
3020,0.874799
3021,0.871679
3022,0.874899
3023,0.875302
3024,0.87349
3025,0.876711
3026,0.876711
3027,0.876107
3028,0.874497
3029,0.87812
3030,0.880737
3031,0.88124
3032,0.879831
3033,0.878221
3034,0.877114
3035,0.883052
3036,0.888688
3037,0.888184
3038,0.889191
3039,0.892311
3040,0.888889
3041,0.893116
3042,0.889996
3043,0.887782
3044,0.884461
3045,0.886171
3046,0.8907
3047,0.887681
3048,0.888184
3049,0.888486
3050,0.88587
3051,0.888285
3052,0.884561
3053,0.886775
3054,0.885769
3055,0.883655
3056,0.885266
3057,0.886272
3058,0.880133
3059,0.881743
3060,0.881743
3061,0.888587
3062,0.887077
3063,0.887379
3064,0.888486
3065,0.887983
3066,0.883555
3067,0.880737
3068,0.87812
3069,0.875503
3070,0.876107
3071,0.876409
3072,0.874094
3073,0.873692
3074,0.872081
3075,0.872685
3076,0.871679
3077,0.872283
3078,0.873692
3079,0.871578
3080,0.870874
3081,0.871779
3082,0.874698
3083,0.872484
3084,0.872585
3085,0.871779
3086,0.874497
3087,0.87339
3088,0.876208
3089,0.875805
3090,0.873792
3091,0.875805
3092,0.875201
3093,0.876208
3094,0.874295
3095,0.872081
3096,0.873088
3097,0.872585
3098,0.87037
3099,0.869767
3100,0.873088
3101,0.872383
3102,0.871276
3103,0.870672
3104,0.87037
3105,0.869666
3106,0.87037
3107,0.869867
3108,0.867754
3109,0.868659
3110,0.867955
3111,0.873994
3112,0.871679
3113,0.868357
3114,0.871377
3115,0.867955
3116,0.867049
3117,0.869767
3118,0.868357
3119,0.870572
3120,0.870974
3121,0.866848
3122,0.865238
3123,0.86715
3124,0.865036
3125,0.865036
3126,0.867351
3127,0.867955
3128,0.866848
3129,0.865841
3130,0.870874
3131,0.870068
3132,0.868659
3133,0.869364
3134,0.869263
3135,0.870068
3136,0.871578
3137,0.87037
3138,0.869163
3139,0.868458
3140,0.866747
3141,0.866647
3142,0.867351
3143,0.866345
3144,0.866445
3145,0.864634
3146,0.863627
3147,0.865036
3148,0.863728
3149,0.863527
3150,0.861916
3151,0.862621
3152,0.86091
3153,0.862118
3154,0.860507
3155,0.860306
3156,0.858796
3157,0.860809
3158,0.859601
3159,0.858696
3160,0.857689
3161,0.858595
3162,0.857186
3163,0.858494
3164,0.85789
3165,0.855978
3166,0.856683
3167,0.857186
3168,0.857186
3169,0.857085
3170,0.856582
3171,0.854469
3172,0.855374
3173,0.855878
3174,0.856783
3175,0.856985
3176,0.857387
3177,0.854569
3178,0.855072
3179,0.855676
3180,0.856381
3181,0.85628
3182,0.854972
3183,0.85467
3184,0.85467
3185,0.854267
3186,0.854167
3187,0.853865
3188,0.854368
3189,0.854871
3190,0.856481
3191,0.858595
3192,0.85628
3193,0.850342
3194,0.850242
3195,0.850946
3196,0.852758
3197,0.851248
3198,0.851651
3199,0.852959
3200,0.852758
3201,0.84994
3202,0.849638
3203,0.848027
3204,0.85004
3205,0.849738
3206,0.850242
3207,0.850644
3208,0.852456
3209,0.852657
3210,0.850946
3211,0.849336
3212,0.850242
3213,0.851248
3214,0.851248
3215,0.850845
3216,0.851047
3217,0.850745
3218,0.850141
3219,0.850644
3220,0.849839
3221,0.849638
3222,0.850242
3223,0.849839
3224,0.848631
3225,0.84843
3226,0.848027
3227,0.848732
3228,0.848027
3229,0.847424
3230,0.847725
3231,0.847424
3232,0.847524
3233,0.846115
3234,0.847122
3235,0.847122
3236,0.848933
3237,0.849638
3238,0.849336
3239,0.849839
3240,0.849336
3241,0.849235
3242,0.848027
3243,0.848027
3244,0.848531
3245,0.84843
3246,0.847323
3247,0.845511
3248,0.845511
3249,0.845008
3250,0.845813
3251,0.845511
3252,0.846719
3253,0.847222
3254,0.84692
3255,0.84682
3256,0.84692
3257,0.847122
3258,0.847122
3259,0.847021
3260,0.847524
3261,0.849134
3262,0.849537
3263,0.849336
3264,0.849034
3265,0.849436
3266,0.848933
3267,0.848933
3268,0.849134
3269,0.847725
3270,0.848128
3271,0.847424
3272,0.84682
3273,0.846417
3274,0.846719
3275,0.846618
3276,0.847424
3277,0.847323
3278,0.84682
3279,0.847323
3280,0.847424
3281,0.848229
3282,0.848933
3283,0.849537
3284,0.849336
3285,0.849235
3286,0.857589
3287,0.856481
3288,0.85779
3289,0.858394
3290,0.85789
3291,0.857689
3292,0.857085
3293,0.856884
3294,0.855878
3295,0.856582
3296,0.856783
3297,0.855777
3298,0.855374
3299,0.854267
3300,0.853563
3301,0.852959
3302,0.85306
3303,0.852758
3304,0.852858
3305,0.85306
3306,0.852556
3307,0.852154
3308,0.851952
3309,0.851751
3310,0.85155
3311,0.852758
3312,0.852858
3313,0.850543
3314,0.849839
3315,0.850845
3316,0.851651
3317,0.850644
3318,0.85155
3319,0.851248
3320,0.851248
3321,0.85155
3322,0.851047
3323,0.850946
3324,0.849738
3325,0.850242
3326,0.851751
3327,0.852959
3328,0.852758
3329,0.853362
3330,0.853362
3331,0.852959
3332,0.853663
3333,0.853462
3334,0.853663
3335,0.852959
3336,0.85467
3337,0.853865
3338,0.853362
3339,0.853563
3340,0.851852
3341,0.852355
3342,0.85155
3343,0.853261
3344,0.852556
3345,0.852657
3346,0.852959
3347,0.852657
3348,0.851651
3349,0.851852
3350,0.851147
3351,0.851047
3352,0.851047
3353,0.850946
3354,0.851248
3355,0.85316
3356,0.853865
3357,0.85306
3358,0.852053
3359,0.852858
3360,0.853362
3361,0.85467
3362,0.854569
3363,0.853563
3364,0.854167
3365,0.854368
3366,0.854569
3367,0.855676
3368,0.854972
3369,0.855173
3370,0.854972
3371,0.854469
3372,0.854871
3373,0.855777
3374,0.855676
3375,0.85467
3376,0.853865
3377,0.853764
3378,0.854267
3379,0.853764
3380,0.854167
3381,0.854368
3382,0.854267
3383,0.853663
3384,0.85306
3385,0.85306
3386,0.856079
3387,0.855777
3388,0.855576
3389,0.855576
3390,0.855072
3391,0.855374
3392,0.855777
3393,0.855173
3394,0.854771
3395,0.855173
3396,0.854368
3397,0.854569
3398,0.854569
3399,0.854267
3400,0.854368
3401,0.854469
3402,0.854066
3403,0.854267
3404,0.853965
3405,0.854368
3406,0.853764
3407,0.853764
3408,0.85306
3409,0.853764
3410,0.854066
3411,0.856783
3412,0.856985
3413,0.856683
3414,0.855374
3415,0.855374
3416,0.855777
3417,0.855475
3418,0.855676
3419,0.855475
3420,0.855576
3421,0.855878
3422,0.856582
3423,0.856582
3424,0.856683
3425,0.856683
3426,0.856079
3427,0.855978
3428,0.855777
3429,0.854972
3430,0.855374
3431,0.855173
3432,0.856079
3433,0.855978
3434,0.856381
3435,0.85628
3436,0.860809
3437,0.859601
3438,0.859501
3439,0.8593
3440,0.858494
3441,0.858796
3442,0.858998
3443,0.858494
3444,0.858192
3445,0.859098
3446,0.858897
3447,0.8594
3448,0.858998
3449,0.859098
3450,0.858696
3451,0.858897
3452,0.858897
3453,0.859199
3454,0.859199
3455,0.860105
3456,0.859601
3457,0.859501
3458,0.859702
3459,0.859803
3460,0.859501
3461,0.861111
3462,0.86101
3463,0.860709
3464,0.860608
3465,0.86101
3466,0.860306
3467,0.859702
3468,0.859501
3469,0.859098
3470,0.858897
3471,0.85779
3472,0.858092
3473,0.857589
3474,0.858092
3475,0.858293
3476,0.858595
3477,0.858696
3478,0.859098
3479,0.859199
3480,0.859098
3481,0.858998
3482,0.858595
3483,0.858394
3484,0.858595
3485,0.858696
3486,0.860306
3487,0.859702
3488,0.8593
3489,0.859501
3490,0.859501
3491,0.859702
3492,0.860507
3493,0.860105
3494,0.860507
3495,0.860507
3496,0.8594
3497,0.859199
3498,0.859199
3499,0.858394
3500,0.859098
3501,0.860306
3502,0.860608
3503,0.861212
3504,0.86091
3505,0.860004
3506,0.859803
3507,0.859501
3508,0.858998
3509,0.8594
3510,0.858796
3511,0.860608
3512,0.860105
3513,0.860105
3514,0.860407
3515,0.859501
3516,0.859098
3517,0.859199
3518,0.858696
3519,0.858494
3520,0.858696
3521,0.858192
3522,0.857991
3523,0.857488
3524,0.857488
3525,0.857991
3526,0.857387
3527,0.85779
3528,0.857991
3529,0.857589
3530,0.858092
3531,0.858494
3532,0.857991
3533,0.85789
3534,0.858092
3535,0.858293
3536,0.858796
3537,0.858192
3538,0.858595
3539,0.85789
3540,0.856884
3541,0.857488
3542,0.857689
3543,0.857488
3544,0.857488
3545,0.857085
3546,0.857085
3547,0.857991
3548,0.857488
3549,0.85779
3550,0.857689
3551,0.857488
3552,0.857287
3553,0.857287
3554,0.857488
3555,0.856683
3556,0.857186
3557,0.85628
3558,0.856079
3559,0.855978
3560,0.855878
3561,0.857689
3562,0.85789
3563,0.857186
3564,0.857488
3565,0.857991
3566,0.857387
3567,0.857991
3568,0.858192
3569,0.858394
3570,0.861816
3571,0.861413
3572,0.862017
3573,0.861514
3574,0.861413
3575,0.861413
3576,0.861312
3577,0.86101
3578,0.861514
3579,0.861212
3580,0.861111
3581,0.861212
3582,0.860407
3583,0.860809
3584,0.860709
3585,0.860809
3586,0.860004
3587,0.860004
3588,0.860205
3589,0.860809
3590,0.860809
3591,0.860507
3592,0.860306
3593,0.860407
3594,0.861312
3595,0.8593
3596,0.858998
3597,0.858192
3598,0.858394
3599,0.858696
3600,0.858293
3601,0.8594
3602,0.860205
3603,0.859903
3604,0.8593
3605,0.859199
3606,0.858494
3607,0.85779
3608,0.857387
3609,0.85789
3610,0.857589
3611,0.858293
3612,0.858696
3613,0.8593
3614,0.859803
3615,0.860507
3616,0.861212
3617,0.861413
3618,0.861111
3619,0.861715
3620,0.862822
3621,0.862822
3622,0.862621
3623,0.862721
3624,0.862218
3625,0.862319
3626,0.863124
3627,0.862419
3628,0.862822
3629,0.862721
3630,0.862118
3631,0.863124
3632,0.862621
3633,0.863426
3634,0.862822
3635,0.862621
3636,0.86252
3637,0.862721
3638,0.861916
3639,0.861816
3640,0.86101
3641,0.861514
3642,0.861312
3643,0.861111
3644,0.860709
3645,0.86101
3646,0.859702
3647,0.859702
3648,0.859702
3649,0.858796
3650,0.859098
3651,0.85779
3652,0.858998
3653,0.858796
3654,0.858293
3655,0.858394
3656,0.857085
3657,0.858595
3658,0.858293
3659,0.857689
3660,0.858092
3661,0.857287
3662,0.857387
3663,0.857287
3664,0.857589
3665,0.858092
3666,0.858092
3667,0.858192
3668,0.858897
3669,0.85779
3670,0.858494
3671,0.858092
3672,0.857991
3673,0.857488
3674,0.857186
3675,0.857085
3676,0.859098
3677,0.858796
3678,0.8593
3679,0.859501
3680,0.859199
3681,0.860407
3682,0.86091
3683,0.861816
3684,0.86101
3685,0.86101
3686,0.860709
3687,0.861413
3688,0.861413
3689,0.861312
3690,0.860809
3691,0.860608
3692,0.860306
3693,0.859903
3694,0.859903
3695,0.860004
3696,0.8593
3697,0.858696
3698,0.85779
3699,0.857085
3700,0.855978
3701,0.855072
3702,0.855072
3703,0.854771
3704,0.856985
3705,0.860507
3706,0.859903
3707,0.856884
3708,0.855173
3709,0.856381
3710,0.85789
3711,0.855777
3712,0.856582
3713,0.853965
3714,0.856783
3715,0.856481
3716,0.85467
3717,0.854469
3718,0.855173
3719,0.856079
3720,0.854267
3721,0.854771
3722,0.856582
3723,0.85628
3724,0.853764
3725,0.852556
3726,0.855072
3727,0.853462
3728,0.852657
3729,0.852556
3730,0.852758
3731,0.855274
3732,0.855676
3733,0.853462
3734,0.852456
3735,0.854469
3736,0.855777
3737,0.853261
3738,0.851651
3739,0.850745
3740,0.852556
3741,0.853865
3742,0.855072
3743,0.852959
3744,0.851751
3745,0.850443
3746,0.850745
3747,0.852053
3748,0.852758
3749,0.854368
3750,0.853663
3751,0.852254
3752,0.848833
3753,0.849537
3754,0.849638
3755,0.85004
3756,0.851047
3757,0.850242
3758,0.850141
3759,0.849738
3760,0.850342
3761,0.85004
3762,0.850141
3763,0.850242
3764,0.849738
3765,0.85004
3766,0.849839
3767,0.847524
3768,0.848329
3769,0.849034
3770,0.852254
3771,0.853362
3772,0.85155
3773,0.853865
3774,0.854871
3775,0.854469
3776,0.854569
3777,0.854569
3778,0.854066
3779,0.852758
3780,0.853362
3781,0.853764
3782,0.854066
3783,0.853261
3784,0.853663
3785,0.853563
3786,0.852959
3787,0.853462
3788,0.853362
3789,0.852053
3790,0.852456
3791,0.852355
3792,0.852254
3793,0.852154
3794,0.852154
3795,0.85306
3796,0.85306
3797,0.85155
3798,0.851751
3799,0.852657
3800,0.852456
3801,0.850644
3802,0.850141
3803,0.850644
3804,0.850745
3805,0.848531
3806,0.848631
3807,0.849034
3808,0.848229
3809,0.848933
3810,0.848933
3811,0.849738
3812,0.849738
3813,0.850242
3814,0.849537
3815,0.850342
3816,0.850242
3817,0.851147
3818,0.853261
3819,0.854569
3820,0.861715
3821,0.862319
3822,0.860306
3823,0.859903
3824,0.859601
3825,0.858897
3826,0.858293
3827,0.858394
3828,0.858192
3829,0.858092
3830,0.85789
3831,0.858092
3832,0.8594
3833,0.860306
3834,0.86101
3835,0.860809
3836,0.860105
3837,0.859601
3838,0.859702
3839,0.860306
3840,0.860306
3841,0.859803
3842,0.859601
3843,0.861212
3844,0.861514
3845,0.858796
3846,0.858696
3847,0.858092
3848,0.858595
3849,0.858394
3850,0.85779
3851,0.858192
3852,0.857589
3853,0.858696
3854,0.85789
3855,0.857387
3856,0.85789
3857,0.857488
3858,0.856381
3859,0.856683
3860,0.856582
3861,0.856783
3862,0.857287
3863,0.857689
3864,0.858394
3865,0.858092
3866,0.859702
3867,0.859601
3868,0.859199
3869,0.859098
3870,0.859803
3871,0.86091
3872,0.861312
3873,0.860407
3874,0.862118
3875,0.863023
3876,0.863023
3877,0.861916
3878,0.86252
3879,0.862118
3880,0.863023
3881,0.862319
3882,0.861514
3883,0.860306
3884,0.860205
3885,0.859903
3886,0.860407
3887,0.859501
3888,0.860407
3889,0.86101
3890,0.860507
3891,0.860809
3892,0.860608
3893,0.86091
3894,0.860507
3895,0.861312
3896,0.860608
3897,0.859501
3898,0.860608
3899,0.861212
3900,0.858897
3901,0.857186
3902,0.857085
3903,0.859601
3904,0.860105
3905,0.861413
3906,0.862118
3907,0.860507
3908,0.860608
3909,0.860709
3910,0.860507
3911,0.861514
3912,0.860205
3913,0.860004
3914,0.859501
3915,0.860507
3916,0.859803
3917,0.859702
3918,0.860205
3919,0.860004
3920,0.860306
3921,0.860205
3922,0.8593
3923,0.858796
3924,0.859702
3925,0.859702
3926,0.858595
3927,0.858796
3928,0.85789
3929,0.85779
3930,0.857991
3931,0.85779
3932,0.856079
3933,0.85789
3934,0.856683
3935,0.856985
3936,0.858494
3937,0.858092
3938,0.857991
3939,0.858494
3940,0.858293
3941,0.859098
3942,0.858192
3943,0.858595
3944,0.858696
3945,0.859702
3946,0.859803
3947,0.860105
3948,0.860105
3949,0.860507
3950,0.8594
3951,0.858494
3952,0.859199
3953,0.858796
3954,0.8593
3955,0.859501
3956,0.858796
3957,0.858998
3958,0.858796
3959,0.859601
3960,0.858998
3961,0.858293
3962,0.858394
3963,0.858494
3964,0.859098
3965,0.857991
3966,0.858394
3967,0.859098
3968,0.858494
3969,0.859501
3970,0.862218
3971,0.862419
3972,0.862017
3973,0.861715
3974,0.861816
3975,0.861514
3976,0.861413
3977,0.86101
3978,0.861514
3979,0.861413
3980,0.860809
3981,0.860407
3982,0.858494
3983,0.856884
3984,0.854569
3985,0.854469
3986,0.854066
3987,0.855173
3988,0.855878
3989,0.857488
3990,0.8594
3991,0.859098
3992,0.859803
3993,0.858998
3994,0.858998
3995,0.858595
3996,0.858796
3997,0.859199
3998,0.858394
3999,0.859098
4000,0.859098
4001,0.8594
4002,0.8593
4003,0.859501
4004,0.859501
4005,0.859702
4006,0.858494
4007,0.858595
4008,0.859098
4009,0.858494
4010,0.858595
4011,0.858796
4012,0.8594
4013,0.859199
4014,0.859098
4015,0.859098
4016,0.858293
4017,0.857991
4018,0.857387
4019,0.85779
4020,0.860407
4021,0.859903
4022,0.8593
4023,0.860004
4024,0.8594
4025,0.858897
4026,0.8594
4027,0.860306
4028,0.858394
4029,0.857689
4030,0.857991
4031,0.858192
4032,0.857085
4033,0.857085
4034,0.857287
4035,0.8594
4036,0.858897
4037,0.859601
4038,0.859803
4039,0.8594
4040,0.85789
4041,0.860608
4042,0.859501
4043,0.859501
4044,0.860004
4045,0.860105
4046,0.862419
4047,0.861413
4048,0.86101
4049,0.860004
4050,0.860205
4051,0.860809
4052,0.860608
4053,0.86101
4054,0.860407
4055,0.86091
4056,0.861212
4057,0.861614
4058,0.861614
4059,0.860608
4060,0.860306
4061,0.860306
4062,0.860407
4063,0.860306
4064,0.861212
4065,0.861212
4066,0.860809
4067,0.861111
4068,0.861111
4069,0.86101
4070,0.859803
4071,0.858696
4072,0.858494
4073,0.858192
4074,0.858897
4075,0.859803
4076,0.859803
4077,0.859903
4078,0.859702
4079,0.859702
4080,0.859501
4081,0.858998
4082,0.858998
4083,0.859199
4084,0.859501
4085,0.8594
4086,0.858796
4087,0.858796
4088,0.859199
4089,0.858696
4090,0.858796
4091,0.858696
4092,0.858394
4093,0.858293
4094,0.857991
4095,0.861413
4096,0.861614
4097,0.861413
4098,0.86091
4099,0.86091
4100,0.860507
4101,0.861212
4102,0.86101
4103,0.860105
4104,0.860608
4105,0.860407
4106,0.860105
4107,0.860205
4108,0.859501
4109,0.860004
4110,0.860407
4111,0.859601
4112,0.859601
4113,0.859199
4114,0.858897
4115,0.858192
4116,0.858293
4117,0.858595
4118,0.859199
4119,0.858494
4120,0.859199
4121,0.858394
4122,0.858293
4123,0.858595
4124,0.858092
4125,0.859702
4126,0.859601
4127,0.859199
4128,0.859601
4129,0.860105
4130,0.858998
4131,0.858293
4132,0.858595
4133,0.857991
4134,0.858092
4135,0.859601
4136,0.858796
4137,0.858897
4138,0.859199
4139,0.858192
4140,0.857991
4141,0.857186
4142,0.858192
4143,0.859199
4144,0.857488
4145,0.85618
4146,0.855072
4147,0.857589
4148,0.855978
4149,0.857186
4150,0.858897
4151,0.857689
4152,0.856683
4153,0.857186
4154,0.856381
4155,0.857287
4156,0.856582
4157,0.856079
4158,0.854972
4159,0.854066
4160,0.854569
4161,0.853261
4162,0.853865
4163,0.854569
4164,0.854569
4165,0.854771
4166,0.854871
4167,0.855978
4168,0.855777
4169,0.855274
4170,0.854267
4171,0.852355
4172,0.852154
4173,0.851349
4174,0.848631
4175,0.849537
4176,0.848128
4177,0.846719
4178,0.848531
4179,0.847122
4180,0.846618
4181,0.848933
4182,0.847826
4183,0.847725
4184,0.854871
4185,0.85618
4186,0.857689
4187,0.85789
4188,0.857287
4189,0.859601
4190,0.862621
4191,0.864231
4192,0.865338
4193,0.862923
4194,0.862319
4195,0.860507
4196,0.863929
4197,0.86725
4198,0.870068
4199,0.871779
4200,0.869968
4201,0.872886
4202,0.87339
4203,0.872886
4204,0.868961
4205,0.868357
4206,0.866848
4207,0.863325
4208,0.862621
4209,0.86252
4210,0.860507
4211,0.860306
4212,0.861111
4213,0.863225
4214,0.864634
4215,0.866244
4216,0.863829
4217,0.864332
4218,0.86403
4219,0.866244
4220,0.867452
4221,0.864231
4222,0.872585
4223,0.872987
4224,0.872685
4225,0.879328
4226,0.874094
4227,0.881542
4228,0.876107
4229,0.884964
4230,0.882045
4231,0.887983
4232,0.890197
4233,0.895129
4234,0.894827
4235,0.89382
4236,0.897041
4237,0.899054
4238,0.900866
4239,0.897947
4240,0.898853
4241,0.902576
4242,0.900463
4243,0.902778
4244,0.905395
4245,0.908816
4246,0.903885
4247,0.905294
4248,0.902677
4249,0.894928
4250,0.891103
4251,0.891103
4252,0.885266
4253,0.893619
4254,0.884863
4255,0.878321
4256,0.879227
4257,0.876208
4258,0.873893
4259,0.874295
4260,0.882347
4261,0.873289
4262,0.869062
4263,0.880032
4264,0.879932
4265,0.884159
4266,0.874094
4267,0.874396
4268,0.873289
4269,0.881643
4270,0.87812
4271,0.879026
4272,0.875403
4273,0.879026
4274,0.884561
4275,0.887882
4276,0.885266
4277,0.889795
4278,0.889493
4279,0.891204
4280,0.887882
4281,0.8906
4282,0.89684
4283,0.902979
4284,0.898551
4285,0.902375
4286,0.906904
4287,0.908514
4288,0.910628
4289,0.91717
4290,0.914452
4291,0.918076
4292,0.923108
4293,0.910024
4294,0.907911
4295,0.908414
4296,0.908514
4297,0.90318
4298,0.901469
4299,0.900262
4300,0.896739
4301,0.888285
4302,0.89382
4303,0.890801
4304,0.891002
4305,0.88909
4306,0.885769
4307,0.884762
4308,0.885266
4309,0.886272
4310,0.881441
4311,0.886473
4312,0.885165
4313,0.88587
4314,0.885769
4315,0.887581
4316,0.883655
4317,0.882951
4318,0.883353
4319,0.870974
4320,0.875403
4321,0.86725
4322,0.871176
4323,0.86091
4324,0.862017
4325,0.857488
4326,0.859199
4327,0.86101
4328,0.861111
4329,0.854771
4330,0.858897
4331,0.863929
4332,0.861816
4333,0.860809
4334,0.857991
4335,0.866647
4336,0.857387
4337,0.852556
4338,0.852657
4339,0.847424
4340,0.844706
4341,0.842089
4342,0.841486
4343,0.84682
4344,0.842291
4345,0.834944
4346,0.830012
4347,0.837963
4348,0.825886
4349,0.81562
4350,0.823269
4351,0.825886
4352,0.821055
4353,0.823168
4354,0.819042
4355,0.821457
4356,0.813808
4357,0.820652
4358,0.817633
4359,0.822464
4360,0.820149
4361,0.822766
4362,0.823571
4363,0.827093
4364,0.830415
4365,0.830918
4366,0.836755
4367,0.836252
4368,0.840378
4369,0.843297
4370,0.852154
4371,0.851147
4372,0.853663
4373,0.852959
4374,0.859601
4375,0.86091
4376,0.860507
4377,0.860608
4378,0.862118
4379,0.85779
4380,0.852053
4381,0.852858
4382,0.861816
4383,0.857287
4384,0.861916
4385,0.860004
4386,0.861111
4387,0.862721
4388,0.86091
4389,0.864835
4390,0.866747
4391,0.867049
4392,0.865238
4393,0.863023
4394,0.848833
4395,0.859098
4396,0.858796
4397,0.856985
4398,0.857991
4399,0.846719
4400,0.851952
4401,0.851751
4402,0.851248
4403,0.849738
4404,0.835849
4405,0.841083
4406,0.838869
4407,0.830817
4408,0.8282
4409,0.801731
4410,0.792774
4411,0.780395
4412,0.777073
4413,0.76882
4414,0.779791
4415,0.779187
4416,0.779187
4417,0.792371
4418,0.803845
4419,0.804952
4420,0.81723
4421,0.833535
4422,0.839875
4423,0.842995
4424,0.845109
4425,0.848027
4426,0.843599
4427,0.838567
4428,0.842593
4429,0.840479
4430,0.832327
4431,0.832629
4432,0.827194
4433,0.824678
4434,0.824175
4435,0.825181
4436,0.817834
4437,0.819344
4438,0.812399
4439,0.811494
4440,0.804851
4441,0.806965
4442,0.799517
4443,0.7968
4444,0.79529
4445,0.792271
4446,0.783816
4447,0.786433
4448,0.78744
4449,0.791163
4450,0.783615
4451,0.785125
4452,0.785628
4453,0.782307
4454,0.765801
4455,0.763587
4456,0.758454
4457,0.756039
4458,0.747081
4459,0.736715
4460,0.730173
4461,0.729267
4462,0.727858
4463,0.730777
4464,0.728965
4465,0.731985
4466,0.728865
4467,0.729167
4468,0.726952
4469,0.731481
4470,0.729469
4471,0.732689
4472,0.734903
4473,0.726751
4474,0.7344
4475,0.736816
4476,0.73601
4477,0.745672
4478,0.745572
4479,0.741043
4480,0.73279
4481,0.738325
4482,0.734803
4483,0.726751
4484,0.7343
4485,0.735507
4486,0.741143
4487,0.733897
4488,0.734803
4489,0.736514
4490,0.737721
4491,0.741948
4492,0.738929
4493,0.751912
4494,0.754227
4495,0.746477
4496,0.756743
4497,0.763184
4498,0.764493
4499,0.769022
4500,0.778885
4501,0.773249
4502,0.785326
4503,0.783213
4504,0.792371
4505,0.808474
4506,0.816425
4507,0.838064
4508,0.845813
4509,0.848933
4510,0.861111
4511,0.862218
4512,0.86091
4513,0.875201
4514,0.871377
4515,0.874497
4516,0.886977
4517,0.893015
4518,0.89372
4519,0.895934
4520,0.901369
4521,0.90781
4522,0.904791
4523,0.900966
4524,0.902375
4525,0.89684
4526,0.897444
4527,0.892915
4528,0.89382
4529,0.900262
4530,0.902275
4531,0.90157
4532,0.89684
4533,0.896638
4534,0.897142
4535,0.898651
4536,0.898752
4537,0.897041
4538,0.899054
4539,0.899356
4540,0.900966
4541,0.894424
4542,0.898349
4543,0.899557
4544,0.90006
4545,0.899054
4546,0.899255
4547,0.893116
4548,0.88899
4549,0.88899
4550,0.884058
4551,0.882045
4552,0.878321
4553,0.875
4554,0.872081
4555,0.866244
4556,0.861111
4557,0.861312
4558,0.854972
4559,0.854368
4560,0.851651
4561,0.847122
4562,0.846316
4563,0.839875
4564,0.841083
4565,0.826288
4566,0.8281
4567,0.833635
4568,0.835447
4569,0.830717
4570,0.839976
4571,0.844505
4572,0.846115
4573,0.853462
4574,0.845612
4575,0.838164
4576,0.843498
4577,0.842089
4578,0.832226
4579,0.827999
4580,0.824678
4581,0.811795
4582,0.810487
4583,0.813808
4584,0.811896
4585,0.804247
4586,0.805857
4587,0.807367
4588,0.801731
4589,0.806562
4590,0.806059
4591,0.808575
4592,0.813909
4593,0.817733
4594,0.822564
4595,0.827999
4596,0.83444
4597,0.842895
4598,0.843398
4599,0.837258
4600,0.838466
4601,0.836453
4602,0.834843
4603,0.831824
4604,0.826791
4605,0.813808
4606,0.816324
4607,0.814412
4608,0.811795
4609,0.813506
4610,0.814412
4611,0.81401
4612,0.816425
4613,0.821357
4614,0.823973
4615,0.829308
4616,0.830918
4617,0.824678
4618,0.823873
4619,0.830415
4620,0.828804
4621,0.829308
4622,0.834038
4623,0.83132
4624,0.820451
4625,0.816828
4626,0.819746
4627,0.80777
4628,0.803744
4629,0.803945
4630,0.791063
4631,0.786735
4632,0.790056
4633,0.783414
4634,0.771236
4635,0.774557
4636,0.776268
4637,0.773551
4638,0.767411
4639,0.776369
4640,0.778583
4641,0.776167
4642,0.779791
4643,0.784823
4644,0.788043
4645,0.788949
4646,0.795793
4647,0.799919
4648,0.797101
4649,0.804348
4650,0.79841
4651,0.806361
4652,0.802436
4653,0.801429
4654,0.805556
4655,0.811393
4656,0.813506
4657,0.818035
4658,0.823269
4659,0.827295
4660,0.831824
4661,0.835749
4662,0.835246
4663,0.835246
4664,0.839875
4665,0.841184
4666,0.84531
4667,0.848229
4668,0.844304
4669,0.844203
4670,0.834239
4671,0.833434
4672,0.835447
4673,0.830415
4674,0.831824
4675,0.824376
4676,0.814614
4677,0.806965
4678,0.800926
4679,0.797605
4680,0.782508
4681,0.764996
4682,0.756039
4683,0.751812
4684,0.744465
4685,0.72192
4686,0.713366
4687,0.69686
4688,0.689915
4689,0.687601
4690,0.682166
4691,0.681663
4692,0.681159
4693,0.680153
4694,0.683474
4695,0.676731
4696,0.680757
4697,0.681159
4698,0.680757
4699,0.690721
4700,0.685588
4701,0.688506
4702,0.69374
4703,0.697564
4704,0.700483
4705,0.709642
4706,0.71246
4707,0.71719
4708,0.724638
4709,0.729771
4710,0.727556
4711,0.741546
4712,0.75463
4713,0.756139
4714,0.782609
4715,0.784118
4716,0.785628
4717,0.780797
4718,0.788043
4719,0.789352
4720,0.817834
4721,0.813708
4722,0.815519
4723,0.813708
4724,0.811192
4725,0.815721
4726,0.818639
4727,0.824376
4728,0.824376
4729,0.829811
4730,0.827093
4731,0.822363
4732,0.828704
4733,0.837862
4734,0.838667
4735,0.839976
4736,0.845713
4737,0.848027
4738,0.857287
4739,0.854871
4740,0.860306
4741,0.854267
4742,0.860306
4743,0.863426
4744,0.860105
4745,0.860507
4746,0.838164
4747,0.817935
4748,0.816626
4749,0.808072
4750,0.731985
4751,0.715177
4752,0.716083
4753,0.689915
4754,0.635668
4755,0.620068
4756,0.585648
4757,0.555958
4758,0.544384
4759,0.528281
4760,0.471014
4761,0.452899
4762,0.438205
4763,0.42663
4764,0.42029
4765,0.403784
4766,0.397846
4767,0.387077
4768,0.372886
4769,0.372182
4770,0.347222
4771,0.338164
4772,0.325584
4773,0.33122
4774,0.324175
4775,0.322363
4776,0.322262
4777,0.313607
4778,0.305052
4779,0.305354
4780,0.296296
4781,0.293176
4782,0.289654
4783,0.283917
4784,0.276872
4785,0.277174
4786,0.267009
4787,0.260467
4788,0.254831
4789,0.24527
4790,0.236212
4791,0.23128
4792,0.224638
4793,0.213768
4794,0.208031
4795,0.203704
4796,0.198068
4797,0.196457
4798,0.191224
4799,0.187701
4800,0.184783
4801,0.181562
4802,0.178744
4803,0.179348
4804,0.17975
4805,0.180254
4806,0.180857
4807,0.180656
4808,0.180556
4809,0.180958
4810,0.179851
4811,0.177939
4812,0.174819
4813,0.171598
4814,0.169485
4815,0.165962
4816,0.165459
4817,0.163144
4818,0.16244
4819,0.162138
4820,0.149356
4821,0.149155
4822,0.149457
4823,0.149356
4824,0.148651
4825,0.148651
4826,0.148752
4827,0.149758
4828,0.150161
4829,0.149859
4830,0.149859
4831,0.150161
4832,0.150463
4833,0.150161
4834,0.148349
4835,0.148249
4836,0.148048
4837,0.148551
4838,0.14845
4839,0.147947
4840,0.148148
4841,0.147444
4842,0.147544
4843,0.147041
4844,0.147041
4845,0.147846
4846,0.147645
4847,0.147645
4848,0.147645
4849,0.147645
4850,0.147343
4851,0.147846
4852,0.148048
4853,0.148651
4854,0.148551
4855,0.148551
4856,0.148249
4857,0.147846
4858,0.14845
4859,0.149457
4860,0.149758
4861,0.150765
4862,0.150262
4863,0.149758
4864,0.149859
4865,0.14996
4866,0.149758
4867,0.149054
4868,0.149356
4869,0.149356
4870,0.148752
4871,0.148651
4872,0.148752
4873,0.148048
4874,0.148551
4875,0.148853
4876,0.149255
4877,0.149255
4878,0.148953
4879,0.149457
4880,0.149457
4881,0.148752
4882,0.149255
4883,0.148853
4884,0.146538
4885,0.146236
4886,0.146135
4887,0.146135
4888,0.145934
4889,0.146035
4890,0.146236
4891,0.146135
4892,0.146135
4893,0.146236
4894,0.145632
4895,0.145833
4896,0.145833
4897,0.145431
4898,0.145431
4899,0.145431
4900,0.14533
4901,0.145431
4902,0.145632
4903,0.145229
4904,0.144827
4905,0.144324
4906,0.144324
4907,0.144928
4908,0.144726
4909,0.145531
4910,0.145833
4911,0.145632
4912,0.144525
4913,0.145028
4914,0.145129
4915,0.14533
4916,0.145632
4917,0.145531
4918,0.154086
4919,0.161131
4920,0.17351
4921,0.185588
4922,0.194746
4923,0.208535
4924,0.223732
4925,0.22806
4926,0.234803
4927,0.24376
4928,0.247685
4929,0.25473
4930,0.258152
4931,0.256643
4932,0.255636
4933,0.28281
4934,0.289151
4935,0.298812
4936,0.324779
4937,0.328804
4938,0.341687
4939,0.387882
4940,0.399758
4941,0.426329
4942,0.443136
4943,0.452295
4944,0.458535
4945,0.464573
4946,0.468498
4947,0.473531
4948,0.479066
4949,0.482488
4950,0.474034
4951,0.459642
4952,0.452295
4953,0.443237
4954,0.43599
4955,0.435588
4956,0.415258
4957,0.396638
4958,0.388889
4959,0.353462
4960,0.340378
4961,0.328704
4962,0.318035
4963,0.308474
4964,0.301329
4965,0.285427
4966,0.259964
4967,0.247987
4968,0.240338
4969,0.239432
4970,0.236916
4971,0.240338
4972,0.242049
4973,0.250302
4974,0.258957
4975,0.270934
4976,0.275463
4977,0.285024
4978,0.298309
4979,0.299718
4980,0.308273
4981,0.310286
4982,0.308877
4983,0.305556
4984,0.295592
4985,0.303744
4986,0.304348
4987,0.302536
4988,0.295189
4989,0.291465
4990,0.284823
4991,0.278583
4992,0.271739
4993,0.269928
4994,0.264895
4995,0.256039
4996,0.250705
4997,0.251208
4998,0.236413
4999,0.239835
5000,0.241244
5001,0.237419
5002,0.233394
5003,0.238728
5004,0.237721
5005,0.236816
5006,0.234601
5007,0.231481
5008,0.232991
5009,0.230274
5010,0.227556
5011,0.226248
5012,0.222725
5013,0.221115
5014,0.216184
5015,0.215177
5016,0.211957
5017,0.208333
5018,0.208535
5019,0.202093
5020,0.195048
5021,0.190721
5022,0.189211
5023,0.187299
5024,0.190016
5025,0.194243
5026,0.198168
5027,0.201993
5028,0.203301
5029,0.200181
5030,0.200584
5031,0.197363
5032,0.193035
5033,0.187601
5034,0.176228
5035,0.174819
5036,0.174819
5037,0.174919
5038,0.1719
5039,0.172605
5040,0.1719
5041,0.168378
5042,0.167069
5043,0.164251
5044,0.162339
5045,0.161936
5046,0.161836
5047,0.16254
5048,0.165862
5049,0.170994
5050,0.177939
5051,0.181663
5052,0.187399
5053,0.194646
5054,0.200382
5055,0.210447
5056,0.221719
5057,0.228563
5058,0.236111
5059,0.260568
5060,0.265197
5061,0.277073
5062,0.291465
5063,0.31099
5064,0.337057
5065,0.354972
5066,0.363124
5067,0.373792
5068,0.385769
5069,0.39221
5070,0.403281
5071,0.41717
5072,0.427234
5073,0.444444
5074,0.461655
5075,0.469404
5076,0.491244
5077,0.506542
5078,0.515197
5079,0.526771
5080,0.537641
5081,0.544183
5082,0.550624
5083,0.555857
5084,0.56089
5085,0.567029
5086,0.55153
5087,0.547705
5088,0.538647
5089,0.496578
5090,0.480777
5091,0.4532
5092,0.383655
5093,0.371075
5094,0.359199
5095,0.342895
5096,0.336755
5097,0.327194
5098,0.321357
5099,0.314815
5100,0.302234
5101,0.29056
5102,0.284018
5103,0.26711
5104,0.250101
5105,0.240841
5106,0.218398
5107,0.209541
5108,0.205415
5109,0.183072
5110,0.183072
5111,0.183172
5112,0.186091
5113,0.190117
5114,0.191123
5115,0.193841
5116,0.200785
5117,0.203402
5118,0.202395
5119,0.198269
5120,0.199074
5121,0.196357
5122,0.185789
5123,0.183172
5124,0.17351
5125,0.161131
5126,0.155998
5127,0.14684
5128,0.139493
5129,0.137279
5130,0.130837
5131,0.124597
5132,0.122987
5133,0.122685
5134,0.123692
5135,0.123994
5136,0.124195
5137,0.124799
5138,0.125
5139,0.124899
5140,0.124899
5141,0.124899
5142,0.124597
5143,0.124497
5144,0.124295
5145,0.124497
5146,0.123893
5147,0.123994
5148,0.124094
5149,0.124597
5150,0.124899
5151,0.124597
5152,0.125403
5153,0.125302
5154,0.125302
5155,0.124698
5156,0.124698
5157,0.124497
5158,0.124698
5159,0.123591
5160,0.123792
5161,0.123692
5162,0.124195
5163,0.124295
5164,0.124295
5165,0.124396
5166,0.124698
5167,0.124799
5168,0.124698
5169,0.124799
5170,0.125
5171,0.125201
5172,0.125101
5173,0.125503
5174,0.126208
5175,0.125906
5176,0.125805
5177,0.125906
5178,0.125302
5179,0.125503
5180,0.125604
5181,0.125503
5182,0.125906
5183,0.125805
5184,0.124698
5185,0.124899
5186,0.124899
5187,0.124799
5188,0.124597
5189,0.124698
5190,0.124497
5191,0.124597
5192,0.124396
5193,0.124295
5194,0.124497
5195,0.122283
5196,0.122484
5197,0.123692
5198,0.123994
5199,0.124295
5200,0.123994
5201,0.123994
5202,0.124094
5203,0.12349
5204,0.123692
5205,0.123893
5206,0.123591
5207,0.123792
5208,0.123994
5209,0.124195
5210,0.124899
5211,0.124597
5212,0.124799
5213,0.124899
5214,0.125101
5215,0.125
5216,0.124799
5217,0.124799
5218,0.125
5219,0.124799
5220,0.124094
5221,0.124295
5222,0.124597
5223,0.124497
5224,0.123994
5225,0.123692
5226,0.124295
5227,0.124396
5228,0.124799
5229,0.125201
5230,0.125403
5231,0.125403
5232,0.124899
5233,0.125403
5234,0.125503
5235,0.125805
5236,0.125403
5237,0.125201
5238,0.125302
5239,0.125201
5240,0.125604
5241,0.125403
5242,0.125302
5243,0.125201
5244,0.125302
5245,0.121981
5246,0.122585
5247,0.122786
5248,0.122786
5249,0.122484
5250,0.122484
5251,0.121679
5252,0.121578
5253,0.121477
5254,0.121779
5255,0.121981
5256,0.122484
5257,0.122484
5258,0.125201
5259,0.131039
5260,0.139291
5261,0.150664
5262,0.154791
5263,0.165056
5264,0.17663
5265,0.178945
5266,0.189815
5267,0.205213
5268,0.210044
5269,0.223128
5270,0.244465
5271,0.246679
5272,0.259259
5273,0.264694
5274,0.269525
5275,0.277174
5276,0.283414
5277,0.287339
5278,0.292874
5279,0.29539
5280,0.297202
5281,0.297605
5282,0.300322
5283,0.298712
5284,0.298712
5285,0.295491
5286,0.295189
5287,0.295089
5288,0.288849
5289,0.28593
5290,0.286936
5291,0.291264
5292,0.292271
5293,0.292774
5294,0.297806
5295,0.298007
5296,0.313305
5297,0.333132
5298,0.338466
5299,0.362923
5300,0.378221
5301,0.386473
5302,0.398953
5303,0.434179
5304,0.441626
5305,0.464171
5306,0.478965
5307,0.483595
5308,0.500101
5309,0.511775
5310,0.516002
5311,0.529992
5312,0.53754
5313,0.546397
5314,0.554046
5315,0.563708
5316,0.565016
5317,0.574577
5318,0.577496
5319,0.584742
5320,0.60316
5321,0.608796
5322,0.608796
5323,0.613225
5324,0.611715
5325,0.612319
5326,0.609702
5327,0.607085
5328,0.608394
5329,0.608595
5330,0.602657
5331,0.598933
5332,0.594505
5333,0.59058
5334,0.58444
5335,0.582126
5336,0.576993
5337,0.573873
5338,0.575684
5339,0.566828
5340,0.565217
5341,0.563808
5342,0.564412
5343,0.55938
5344,0.560286
5345,0.529287
5346,0.535527
5347,0.542069
5348,0.546296
5349,0.54529
5350,0.547907
5351,0.548913
5352,0.54851
5353,0.554549
5354,0.559783
5355,0.554549
5356,0.56723
5357,0.56411
5358,0.565519
5359,0.5625
5360,0.567633
5361,0.570048
5362,0.565821
5363,0.532005
5364,0.537138
5365,0.535125
5366,0.534722
5367,0.53281
5368,0.505737
5369,0.49849
5370,0.482387
5371,0.487721
5372,0.491143
5373,0.48913
5374,0.486514
5375,0.492452
5376,0.488124
5377,0.483897
5378,0.484702
5379,0.48289
5380,0.48289
5381,0.480676
5382,0.474336
5383,0.469002
5384,0.457226
5385,0.458333
5386,0.452798
5387,0.450986
5388,0.446961
5389,0.445451
5390,0.439915
5391,0.443035
5392,0.435789
5393,0.432367
5394,0.431562
5395,0.429952
5396,0.436192
5397,0.435085
5398,0.441224
5399,0.445954
5400,0.444746
5401,0.452395
5402,0.454509
5403,0.458233
5404,0.462057
5405,0.469203
5406,0.469907
5407,0.473128
5408,0.475644
5409,0.477456
5410,0.4844
5411,0.486514
5412,0.485205
5413,0.486413
5414,0.488929
5415,0.491244
5416,0.490338
5417,0.494465
5418,0.495471
5419,0.503422
5420,0.496779
5421,0.499497
5422,0.502818
5423,0.50775
5424,0.508756
5425,0.519223
5426,0.522544
5427,0.522142
5428,0.530998
5429,0.5313
5430,0.531904
5431,0.534219
5432,0.538245
5433,0.54066
5434,0.54368
5435,0.543981
5436,0.544686
5437,0.540056
5438,0.545089
5439,0.544384
5440,0.546196
5441,0.54841
5442,0.550121
5443,0.555656
5444,0.55938
5445,0.552033
5446,0.553744
5447,0.563808
5448,0.558977
5449,0.56401
5450,0.57186
5451,0.572866
5452,0.573873
5453,0.580314
5454,0.5781
5455,0.578704
5456,0.58434
5457,0.584239
5458,0.585447
5459,0.58595
5460,0.587158
5461,0.587963
5462,0.591586
5463,0.595411
5464,0.600443
5465,0.602254
5466,0.608092
5467,0.608092
5468,0.6093
5469,0.613225
5470,0.631743
5471,0.634461
5472,0.638184
5473,0.63909
5474,0.636574
5475,0.636775
5476,0.635769
5477,0.637279
5478,0.637882
5479,0.638486
5480,0.638386
5481,0.636373
5482,0.639895
5483,0.641204
5484,0.640298
5485,0.642411
5486,0.642009
5487,0.644223
5488,0.644022
5489,0.645833
5490,0.646236
5491,0.645531
5492,0.646236
5493,0.647242
5494,0.646337
5495,0.662943
5496,0.664553
5497,0.671296
5498,0.674416
5499,0.684481
5500,0.696759
5501,0.706522
5502,0.718297
5503,0.727758
5504,0.736514
5505,0.737218
5506,0.745773
5507,0.763285
5508,0.768519
5509,0.77194
5510,0.775161
5511,0.780998
5512,0.791667
5513,0.790761
5514,0.790157
5515,0.793579
5516,0.79539
5517,0.798209
5518,0.797202
5519,0.800322
5520,0.814312
5521,0.819042
5522,0.815117
5523,0.818035
5524,0.820048
5525,0.819344
5526,0.819948
5527,0.82035
5528,0.820451
5529,0.82347
5530,0.82498
5531,0.82498
5532,0.827194
5533,0.827295
5534,0.828301
5535,0.827295
5536,0.826892
5537,0.828502
5538,0.827798
5539,0.824879
5540,0.826791
5541,0.825081
5542,0.824477
5543,0.825684
5544,0.828704
5545,0.831924
5546,0.83132
5547,0.831421
5548,0.830918
5549,0.831522
5550,0.832226
5551,0.831622
5552,0.831824
5553,0.833635
5554,0.831421
5555,0.831824
5556,0.831824
5557,0.832327
5558,0.833736
5559,0.832528
5560,0.832528
5561,0.83132
5562,0.832729
5563,0.833031
5564,0.830918
5565,0.832126
5566,0.829006
5567,0.832428
5568,0.832327
5569,0.831723
5570,0.827999
5571,0.827295
5572,0.824779
5573,0.822363
5574,0.821055
5575,0.820552
5576,0.822162
5577,0.819545
5578,0.820552
5579,0.818639
5580,0.81723
5581,0.815519
5582,0.816425
5583,0.81713
5584,0.814513
5585,0.816224
5586,0.819545
5587,0.816324
5588,0.82035
5589,0.821055
5590,0.82186
5591,0.82498
5592,0.822162
5593,0.824879
5594,0.82337
5595,0.829106
5596,0.828704
5597,0.824577
5598,0.823873
5599,0.819948
5600,0.822866
5601,0.823068
5602,0.825181
5603,0.824477
5604,0.824879
5605,0.82186
5606,0.823973
5607,0.821055
5608,0.821457
5609,0.82025
5610,0.819545
5611,0.821256
5612,0.820753
5613,0.820451
5614,0.820451
5615,0.820753
5616,0.818438
5617,0.817935
5618,0.816425
5619,0.815821
5620,0.816123
5621,0.813909
5622,0.812802
5623,0.81401
5624,0.811594
5625,0.815519
5626,0.810185
5627,0.809984
5628,0.811091
5629,0.811292
5630,0.813003
5631,0.812399
5632,0.813406
5633,0.814915
5634,0.813506
5635,0.815519
5636,0.81562
5637,0.814614
5638,0.816727
5639,0.81562
5640,0.81562
5641,0.817733
5642,0.81713
5643,0.818841
5644,0.819444
5645,0.822061
5646,0.818941
5647,0.821759
5648,0.821457
5649,0.822061
5650,0.819746
5651,0.820753
5652,0.819746
5653,0.817432
5654,0.813305
5655,0.812701
5656,0.812299
5657,0.812802
5658,0.811494
5659,0.810487
5660,0.809984
5661,0.810185
5662,0.812198
5663,0.814312
5664,0.814614
5665,0.811795
5666,0.81099
5667,0.811393
5668,0.811292
5669,0.810789
5670,0.807065
5671,0.805757
5672,0.806965
5673,0.80626
5674,0.806965
5675,0.808877
5676,0.80938
5677,0.80938
5678,0.808977
5679,0.808676
5680,0.810386
5681,0.810185
5682,0.809682
5683,0.808676
5684,0.808072
5685,0.809078
5686,0.808977
5687,0.809682
5688,0.808273
5689,0.808172
5690,0.806663
5691,0.807166
5692,0.805556
5693,0.806864
5694,0.808072
5695,0.811091
5696,0.812198
5697,0.813607
5698,0.813003
5699,0.812802
5700,0.813406
5701,0.811091
5702,0.808977
5703,0.808877
5704,0.808676
5705,0.809581
5706,0.809783
5707,0.810185
5708,0.810487
5709,0.810588
5710,0.810286
5711,0.810487
5712,0.809783
5713,0.809984
5714,0.809682
5715,0.809481
5716,0.810085
5717,0.808474
5718,0.809883
5719,0.809984
5720,0.809179
5721,0.808776
5722,0.808474
