framenum,queue density
1,0.254395
2,0.25
3,0.246582
4,0.24375
5,0.239111
6,0.239258
7,0.237842
8,0.244824
9,0.244287
10,0.251074
11,0.261914
12,0.264844
13,0.274219
14,0.283594
15,0.287061
16,0.293018
17,0.301563
18,0.302832
19,0.30918
20,0.309814
21,0.311084
22,0.31582
23,0.320361
24,0.322852
25,0.323828
26,0.321094
27,0.32041
28,0.315723
29,0.314893
30,0.315088
31,0.311914
32,0.312256
33,0.312793
34,0.312744
35,0.313965
36,0.314697
37,0.311328
38,0.318359
39,0.316699
40,0.316406
41,0.32085
42,0.319678
43,0.317188
44,0.316553
45,0.302148
46,0.302832
47,0.302881
48,0.298682
49,0.300049
50,0.297949
51,0.299121
52,0.296094
53,0.296777
54,0.294678
55,0.292529
56,0.292725
57,0.291455
58,0.29375
59,0.294678
60,0.292529
61,0.292187
62,0.29375
63,0.291553
64,0.292383
65,0.28999
66,0.288818
67,0.289258
68,0.289502
69,0.289941
70,0.284912
71,0.285156
72,0.286182
73,0.288086
74,0.289209
75,0.289844
76,0.291602
77,0.290186
78,0.290771
79,0.289551
80,0.290332
81,0.293457
82,0.295215
83,0.297803
84,0.299072
85,0.304199
86,0.309473
87,0.312549
88,0.320752
89,0.328418
90,0.330029
91,0.337598
92,0.343115
93,0.345801
94,0.353516
95,0.36709
96,0.369141
97,0.374951
98,0.379541
99,0.385303
100,0.389795
101,0.395898
102,0.399414
103,0.403174
104,0.406299
105,0.406152
106,0.403857
107,0.404639
108,0.40459
109,0.402832
110,0.401611
111,0.403564
112,0.399658
113,0.398926
114,0.398389
115,0.395068
116,0.393896
117,0.391211
118,0.387939
119,0.386816
120,0.37793
121,0.380957
122,0.387354
123,0.389209
124,0.395215
125,0.401318
126,0.403418
127,0.407227
128,0.411572
129,0.413037
130,0.414404
131,0.417578
132,0.420508
133,0.420361
134,0.423682
135,0.424072
136,0.429639
137,0.428906
138,0.428906
139,0.432812
140,0.426416
141,0.428076
142,0.428174
143,0.428027
144,0.425049
145,0.414111
146,0.416553
147,0.416943
148,0.417432
149,0.415576
150,0.415088
151,0.411133
152,0.408252
153,0.406396
154,0.403076
155,0.396484
156,0.394189
157,0.39209
158,0.389209
159,0.388477
160,0.384473
161,0.382373
162,0.382031
163,0.379834
164,0.37793
165,0.377148
166,0.374316
167,0.373193
168,0.373291
169,0.372803
170,0.364453
171,0.364551
172,0.364795
173,0.36416
174,0.362061
175,0.361865
176,0.359961
177,0.359277
178,0.361914
179,0.35957
180,0.359229
181,0.358545
182,0.357617
183,0.355957
184,0.356055
185,0.355859
186,0.354443
187,0.354004
188,0.351611
189,0.352002
190,0.353271
191,0.352148
192,0.352637
193,0.350488
194,0.349316
195,0.34834
196,0.347803
197,0.34873
198,0.34834
199,0.348486
200,0.348291
201,0.348145
202,0.349072
203,0.348877
204,0.34873
205,0.347998
206,0.347217
207,0.34624
208,0.345508
209,0.346045
210,0.346338
211,0.345898
212,0.346191
213,0.345996
214,0.345508
215,0.345801
216,0.346387
217,0.345752
218,0.34624
219,0.346436
220,0.345215
221,0.345654
222,0.345996
223,0.345361
224,0.345459
225,0.345801
226,0.345508
227,0.346289
228,0.345703
229,0.345898
230,0.345703
231,0.345654
232,0.345264
233,0.345557
234,0.345801
235,0.345654
236,0.346143
237,0.345947
238,0.345605
239,0.344775
240,0.344971
241,0.344482
242,0.345459
243,0.344824
244,0.344727
245,0.343262
246,0.344971
247,0.344336
248,0.344434
249,0.345752
250,0.345996
251,0.346729
252,0.346387
253,0.346387
254,0.346094
255,0.345752
256,0.346436
257,0.34707
258,0.346777
259,0.34624
260,0.346973
261,0.346436
262,0.346533
263,0.346338
264,0.345752
265,0.346191
266,0.345752
267,0.345068
268,0.34458
269,0.343994
270,0.338818
271,0.337891
272,0.338574
273,0.338477
274,0.337646
275,0.337891
276,0.337451
277,0.337061
278,0.336719
279,0.335938
280,0.335986
281,0.336768
282,0.337207
283,0.338916
284,0.339941
285,0.340234
286,0.340527
287,0.341064
288,0.341504
289,0.341895
290,0.341309
291,0.340234
292,0.340918
293,0.339697
294,0.339258
295,0.337207
296,0.337012
297,0.336377
298,0.335889
299,0.334131
300,0.33374
301,0.333105
302,0.333203
303,0.332666
304,0.331982
305,0.331836
306,0.331885
307,0.332031
308,0.33208
309,0.331543
310,0.33208
311,0.331934
312,0.332031
313,0.331787
314,0.33291
315,0.333691
316,0.333545
317,0.333447
318,0.333594
319,0.333008
320,0.335986
321,0.336963
322,0.336426
323,0.337646
324,0.338623
325,0.338623
326,0.338379
327,0.337744
328,0.337158
329,0.337598
330,0.337354
331,0.337598
332,0.337842
333,0.338037
334,0.338184
335,0.338135
336,0.337988
337,0.338623
338,0.338477
339,0.338232
340,0.338818
341,0.339404
342,0.339697
343,0.341357
344,0.343604
345,0.347266
346,0.348877
347,0.351709
348,0.352783
349,0.355371
350,0.357812
351,0.35918
352,0.361621
353,0.363135
354,0.365088
355,0.366699
356,0.370508
357,0.371289
358,0.372803
359,0.374365
360,0.375
361,0.375732
362,0.375684
363,0.37627
364,0.37627
365,0.375537
366,0.374365
367,0.374756
368,0.373828
369,0.372266
370,0.364355
371,0.364941
372,0.366406
373,0.365088
374,0.364014
375,0.364111
376,0.363525
377,0.362402
378,0.36123
379,0.360205
380,0.359229
381,0.358154
382,0.357959
383,0.357861
384,0.356348
385,0.356348
386,0.358154
387,0.358154
388,0.358984
389,0.362158
390,0.362451
391,0.368311
392,0.371533
393,0.372363
394,0.376514
395,0.374414
396,0.375684
397,0.380469
398,0.384033
399,0.384033
400,0.385742
401,0.387451
402,0.38833
403,0.390674
404,0.39248
405,0.392676
406,0.393701
407,0.395996
408,0.396826
409,0.400732
410,0.406055
411,0.406543
412,0.41001
413,0.413672
414,0.415137
415,0.419531
416,0.42168
417,0.422559
418,0.427832
419,0.428418
420,0.428271
421,0.436035
422,0.435791
423,0.439355
424,0.444385
425,0.451074
426,0.451172
427,0.457959
428,0.462646
429,0.46582
430,0.471582
431,0.475488
432,0.478564
433,0.485498
434,0.49165
435,0.493311
436,0.496777
437,0.502393
438,0.505859
439,0.512012
440,0.515479
441,0.517334
442,0.522607
443,0.525293
444,0.528516
445,0.534668
446,0.536914
447,0.540332
448,0.54248
449,0.546143
450,0.547559
451,0.550439
452,0.553516
453,0.551025
454,0.553613
455,0.555078
456,0.557715
457,0.557715
458,0.561475
459,0.562646
460,0.564893
461,0.566895
462,0.567969
463,0.569141
464,0.571826
465,0.571875
466,0.575977
467,0.575781
468,0.57666
469,0.576807
470,0.590381
471,0.589502
472,0.590869
473,0.590381
474,0.59043
475,0.590967
476,0.591748
477,0.593311
478,0.593701
479,0.593848
480,0.593945
481,0.598633
482,0.597754
483,0.596191
484,0.596436
485,0.597119
486,0.5979
487,0.597461
488,0.598682
489,0.59834
490,0.598193
491,0.597021
492,0.596484
493,0.597998
494,0.59873
495,0.598437
496,0.598535
497,0.600391
498,0.599414
499,0.599902
500,0.599121
501,0.598584
502,0.597949
503,0.596143
504,0.598486
505,0.598242
506,0.598242
507,0.596094
508,0.597852
509,0.594873
510,0.595264
511,0.594824
512,0.595801
513,0.596924
514,0.598682
515,0.600195
516,0.602246
517,0.609326
518,0.615674
519,0.622217
520,0.638867
521,0.640674
522,0.645801
523,0.652734
524,0.661475
525,0.66499
526,0.672461
527,0.674756
528,0.67915
529,0.680518
530,0.683154
531,0.684912
532,0.686914
533,0.684961
534,0.687939
535,0.688232
536,0.689258
537,0.687256
538,0.688184
539,0.689893
540,0.689795
541,0.690283
542,0.689844
543,0.692041
544,0.691455
545,0.706348
546,0.705176
547,0.704248
548,0.70293
549,0.700049
550,0.701172
551,0.699219
552,0.702686
553,0.701709
554,0.700732
555,0.698828
556,0.696729
557,0.696289
558,0.696338
559,0.693799
560,0.693604
561,0.693945
562,0.69502
563,0.693311
564,0.695117
565,0.696045
566,0.696045
567,0.695898
568,0.695605
569,0.696729
570,0.69165
571,0.692187
572,0.690283
573,0.691602
574,0.692334
575,0.69043
576,0.690625
577,0.689893
578,0.690771
579,0.690137
580,0.68916
581,0.688965
582,0.687207
583,0.688428
584,0.688428
585,0.686768
586,0.686865
587,0.687744
588,0.687793
589,0.687598
590,0.688232
591,0.68833
592,0.688428
593,0.691748
594,0.694336
595,0.714355
596,0.718457
597,0.720557
598,0.727295
599,0.729346
600,0.731494
601,0.733057
602,0.73374
603,0.734326
604,0.734033
605,0.7354
606,0.736377
607,0.739111
608,0.744727
609,0.746436
610,0.752539
611,0.753467
612,0.754297
613,0.754443
614,0.75625
615,0.757861
616,0.759375
617,0.76001
618,0.7604
619,0.758984
620,0.782813
621,0.781445
622,0.780713
623,0.781348
624,0.780615
625,0.783496
626,0.781494
627,0.783887
628,0.782813
629,0.782324
630,0.783252
631,0.788574
632,0.790674
633,0.794434
634,0.796533
635,0.795947
636,0.798291
637,0.798584
638,0.802197
639,0.804639
640,0.804883
641,0.804395
642,0.805322
643,0.803955
644,0.805615
645,0.816162
646,0.815723
647,0.816943
648,0.816162
649,0.815137
650,0.81499
651,0.815576
652,0.815479
653,0.815479
654,0.821875
655,0.824219
656,0.824854
657,0.823291
658,0.824805
659,0.822803
660,0.821484
661,0.823242
662,0.819189
663,0.822559
664,0.822168
665,0.820996
666,0.820898
667,0.819678
668,0.818408
669,0.817871
670,0.818994
671,0.818555
672,0.819336
673,0.818164
674,0.81792
675,0.816553
676,0.815527
677,0.817578
678,0.817627
679,0.81499
680,0.815234
681,0.814355
682,0.815479
683,0.814063
684,0.813184
685,0.813232
686,0.812402
687,0.812109
688,0.809814
689,0.808057
690,0.806738
691,0.807568
692,0.808545
693,0.807324
694,0.80625
695,0.813135
696,0.811279
697,0.811328
698,0.811621
699,0.810791
700,0.809961
701,0.808789
702,0.811182
703,0.811084
704,0.814941
705,0.815186
706,0.817139
707,0.816895
708,0.820117
709,0.820459
710,0.823291
711,0.8229
712,0.824463
713,0.824561
714,0.825732
715,0.826855
716,0.826904
717,0.827002
718,0.826855
719,0.827734
720,0.834375
721,0.835449
722,0.836719
723,0.836426
724,0.83667
725,0.836768
726,0.836963
727,0.836133
728,0.837305
729,0.836963
730,0.836182
731,0.836182
732,0.836523
733,0.837158
734,0.837451
735,0.838281
736,0.837842
737,0.837109
738,0.836963
739,0.836621
740,0.836377
741,0.836328
742,0.836475
743,0.83623
744,0.836816
745,0.839063
746,0.839258
747,0.839404
748,0.839063
749,0.838232
750,0.83877
751,0.839453
752,0.83877
753,0.838184
754,0.837842
755,0.837939
756,0.838184
757,0.838574
758,0.838672
759,0.839063
760,0.838916
761,0.838623
762,0.838428
763,0.838867
764,0.838477
765,0.839355
766,0.839893
767,0.839648
768,0.838867
769,0.838623
770,0.841797
771,0.841846
772,0.841357
773,0.841455
774,0.84209
775,0.841748
776,0.841357
777,0.842285
778,0.842334
779,0.84248
780,0.842041
781,0.841943
782,0.841211
783,0.840771
784,0.840234
785,0.839893
786,0.840381
787,0.840381
788,0.840479
789,0.840332
790,0.83999
791,0.840381
792,0.839648
793,0.839111
794,0.838428
795,0.839941
796,0.839014
797,0.839209
798,0.839502
799,0.840137
800,0.839795
801,0.838672
802,0.837744
803,0.838428
804,0.838525
805,0.838965
806,0.839111
807,0.838281
808,0.839209
809,0.837891
810,0.837939
811,0.836523
812,0.8375
813,0.83833
814,0.838672
815,0.8396
816,0.840723
817,0.840771
818,0.83999
819,0.84082
820,0.841895
821,0.841943
822,0.841602
823,0.84292
824,0.84292
825,0.844092
826,0.844238
827,0.84458
828,0.844824
829,0.84541
830,0.845801
831,0.845947
832,0.845361
833,0.845605
834,0.845654
835,0.846045
836,0.845557
837,0.845801
838,0.845801
839,0.846045
840,0.845898
841,0.846631
842,0.845801
843,0.846436
844,0.84668
845,0.846045
846,0.846289
847,0.84668
848,0.846387
849,0.846045
850,0.845508
851,0.845801
852,0.84585
853,0.846533
854,0.84668
855,0.847168
856,0.846631
857,0.847168
858,0.846582
859,0.846777
860,0.846387
861,0.845703
862,0.846094
863,0.846338
864,0.846289
865,0.846631
866,0.846191
867,0.845801
868,0.846582
869,0.846436
870,0.845459
871,0.845654
872,0.844727
873,0.844727
874,0.843457
875,0.844434
876,0.844482
877,0.844482
878,0.844873
879,0.844531
880,0.845361
881,0.845508
882,0.845801
883,0.84502
884,0.84502
885,0.845459
886,0.846338
887,0.846338
888,0.846436
889,0.847217
890,0.847119
891,0.846436
892,0.846777
893,0.846826
894,0.847168
895,0.847266
896,0.84751
897,0.847461
898,0.847656
899,0.847852
900,0.84751
901,0.84751
902,0.847412
903,0.847412
904,0.847266
905,0.848291
906,0.849316
907,0.849414
908,0.84917
909,0.849121
910,0.849414
911,0.850488
912,0.850049
913,0.849707
914,0.850146
915,0.850439
916,0.850195
917,0.849365
918,0.848633
919,0.847949
920,0.847266
921,0.847217
922,0.847705
923,0.847559
924,0.847363
925,0.847803
926,0.847949
927,0.847754
928,0.847803
929,0.847705
930,0.845801
931,0.846094
932,0.84585
933,0.845996
934,0.845801
935,0.84624
936,0.845996
937,0.845947
938,0.845947
939,0.84585
940,0.845703
941,0.84541
942,0.844824
943,0.845117
944,0.845508
945,0.845459
946,0.845996
947,0.845703
948,0.845166
949,0.845068
950,0.845361
951,0.845117
952,0.845361
953,0.845264
954,0.845459
955,0.846582
956,0.84585
957,0.846045
958,0.846045
959,0.846338
960,0.845508
961,0.845752
962,0.846143
963,0.84624
964,0.845557
965,0.845703
966,0.846045
967,0.846143
968,0.845947
969,0.846338
970,0.84624
971,0.845947
972,0.84585
973,0.845264
974,0.844873
975,0.844385
976,0.84458
977,0.844531
978,0.844434
979,0.844287
980,0.842725
981,0.842676
982,0.843066
983,0.842822
984,0.843066
985,0.844141
986,0.844775
987,0.844971
988,0.844189
989,0.845313
990,0.845166
991,0.844482
992,0.843799
993,0.84458
994,0.844238
995,0.844629
996,0.844238
997,0.84458
998,0.844336
999,0.844824
1000,0.84458
1001,0.844434
1002,0.844678
1003,0.84502
1004,0.844629
1005,0.845117
1006,0.84502
1007,0.844385
1008,0.845313
1009,0.845264
1010,0.844727
1011,0.843066
1012,0.843408
1013,0.843799
1014,0.844531
1015,0.843848
1016,0.843555
1017,0.844385
1018,0.843848
1019,0.844141
1020,0.845215
1021,0.84502
1022,0.844873
1023,0.844385
1024,0.843555
1025,0.843018
1026,0.843652
1027,0.843457
1028,0.843701
1029,0.843262
1030,0.843506
1031,0.844189
1032,0.844629
1033,0.843945
1034,0.844482
1035,0.843799
1036,0.844629
1037,0.843701
1038,0.843896
1039,0.843799
1040,0.843848
1041,0.84375
1042,0.844092
1043,0.843994
1044,0.844629
1045,0.844385
1046,0.844238
1047,0.843945
1048,0.844043
1049,0.843506
1050,0.843506
1051,0.84375
1052,0.843701
1053,0.843359
1054,0.842725
1055,0.842285
1056,0.842822
1057,0.843311
1058,0.843213
1059,0.843164
1060,0.843408
1061,0.842334
1062,0.842139
1063,0.841846
1064,0.841406
1065,0.842383
1066,0.843018
1067,0.843164
1068,0.842676
1069,0.842334
1070,0.842529
1071,0.842627
1072,0.842725
1073,0.842285
1074,0.841895
1075,0.842236
1076,0.841455
1077,0.841797
1078,0.842187
1079,0.842432
1080,0.842627
1081,0.842041
1082,0.842187
1083,0.842578
1084,0.842725
1085,0.842383
1086,0.841113
1087,0.841797
1088,0.841553
1089,0.841553
1090,0.842432
1091,0.842773
1092,0.84292
1093,0.842871
1094,0.842041
1095,0.84248
1096,0.84292
1097,0.842627
1098,0.842578
1099,0.843066
1100,0.843066
1101,0.84292
1102,0.842334
1103,0.841943
1104,0.842236
1105,0.842432
1106,0.84209
1107,0.841357
1108,0.841455
1109,0.841504
1110,0.841602
1111,0.840186
1112,0.84082
1113,0.841455
1114,0.842285
1115,0.841748
1116,0.841992
1117,0.841455
1118,0.84126
1119,0.842139
1120,0.842871
1121,0.842676
1122,0.843115
1123,0.843311
1124,0.843555
1125,0.843115
1126,0.843799
1127,0.842383
1128,0.842334
1129,0.841699
1130,0.841846
1131,0.84126
1132,0.841455
1133,0.841162
1134,0.840967
1135,0.841797
1136,0.840283
1137,0.840234
1138,0.839795
1139,0.83999
1140,0.841357
1141,0.840967
1142,0.841309
1143,0.84043
1144,0.840576
1145,0.841504
1146,0.841455
1147,0.841211
1148,0.840967
1149,0.840967
1150,0.841455
1151,0.841406
1152,0.842187
1153,0.842725
1154,0.842773
1155,0.842822
1156,0.842969
1157,0.843066
1158,0.841699
1159,0.842383
1160,0.841895
1161,0.840869
1162,0.84082
1163,0.840723
1164,0.840771
1165,0.841699
1166,0.841357
1167,0.841553
1168,0.842285
1169,0.841797
1170,0.843359
1171,0.842969
1172,0.843848
1173,0.843018
1174,0.844141
1175,0.84458
1176,0.844238
1177,0.844141
1178,0.844238
1179,0.844092
1180,0.844092
1181,0.844092
1182,0.844434
1183,0.844434
1184,0.844531
1185,0.844531
1186,0.842236
1187,0.842822
1188,0.842627
1189,0.842187
1190,0.842432
1191,0.842383
1192,0.841553
1193,0.841309
1194,0.842529
1195,0.842432
1196,0.84248
1197,0.84292
1198,0.842822
1199,0.843115
1200,0.84209
1201,0.841943
1202,0.842529
1203,0.842676
1204,0.842383
1205,0.841846
1206,0.841895
1207,0.841699
1208,0.841504
1209,0.842236
1210,0.841797
1211,0.843604
1212,0.844043
1213,0.843848
1214,0.843604
1215,0.843262
1216,0.843555
1217,0.843359
1218,0.843848
1219,0.843799
1220,0.843896
1221,0.842822
1222,0.842969
1223,0.842822
1224,0.84209
1225,0.842334
1226,0.842139
1227,0.842627
1228,0.843457
1229,0.84375
1230,0.843115
1231,0.843604
1232,0.843262
1233,0.843408
1234,0.843408
1235,0.843262
1236,0.839746
1237,0.840088
1238,0.840039
1239,0.839844
1240,0.840625
1241,0.840723
1242,0.839746
1243,0.839746
1244,0.839648
1245,0.839844
1246,0.840674
1247,0.840771
1248,0.840576
1249,0.840527
1250,0.839795
1251,0.84126
1252,0.840479
1253,0.840039
1254,0.840479
1255,0.840918
1256,0.841455
1257,0.841455
1258,0.84126
1259,0.841162
1260,0.840869
1261,0.841992
1262,0.842432
1263,0.841895
1264,0.841602
1265,0.841406
1266,0.842139
1267,0.841846
1268,0.841113
1269,0.841113
1270,0.841797
1271,0.841553
1272,0.84126
1273,0.84126
1274,0.841211
1275,0.842725
1276,0.842578
1277,0.842773
1278,0.842676
1279,0.84248
1280,0.842627
1281,0.843115
1282,0.842822
1283,0.843701
1284,0.843555
1285,0.843262
1286,0.840869
1287,0.84043
1288,0.839893
1289,0.839844
1290,0.839893
1291,0.839746
1292,0.839893
1293,0.840479
1294,0.840527
1295,0.840576
1296,0.840332
1297,0.8396
1298,0.840283
1299,0.840723
1300,0.841016
1301,0.841406
1302,0.841357
1303,0.841357
1304,0.841748
1305,0.841748
1306,0.841943
1307,0.842041
1308,0.842139
1309,0.842285
1310,0.841602
1311,0.843311
1312,0.842383
1313,0.842187
1314,0.841992
1315,0.841797
1316,0.841699
1317,0.842432
1318,0.842334
1319,0.842285
1320,0.842334
1321,0.842627
1322,0.842529
1323,0.843115
1324,0.843213
1325,0.843457
1326,0.843164
1327,0.842236
1328,0.842529
1329,0.842285
1330,0.842334
1331,0.842041
1332,0.842187
1333,0.841943
1334,0.84165
1335,0.841455
1336,0.843311
1337,0.843506
1338,0.843359
1339,0.844141
1340,0.843506
1341,0.843701
1342,0.843311
1343,0.842676
1344,0.842676
1345,0.842822
1346,0.84292
1347,0.843213
1348,0.843262
1349,0.841895
1350,0.842139
1351,0.842334
1352,0.842773
1353,0.842773
1354,0.842383
1355,0.841992
1356,0.842236
1357,0.84248
1358,0.842383
1359,0.841895
1360,0.84209
1361,0.842139
1362,0.841357
1363,0.841943
1364,0.840967
1365,0.841992
1366,0.841455
1367,0.84082
1368,0.840186
1369,0.840479
1370,0.840088
1371,0.841455
1372,0.841992
1373,0.841553
1374,0.841016
1375,0.841357
1376,0.84082
1377,0.841016
1378,0.841846
1379,0.841406
1380,0.840771
1381,0.841895
1382,0.841846
1383,0.842432
1384,0.842383
1385,0.84248
1386,0.844238
1387,0.843408
1388,0.842822
1389,0.84292
1390,0.844385
1391,0.843652
1392,0.845264
1393,0.844922
1394,0.845557
1395,0.845898
1396,0.846729
1397,0.84585
1398,0.846436
1399,0.846289
1400,0.846973
1401,0.846436
1402,0.846924
1403,0.846777
1404,0.846631
1405,0.847119
1406,0.848047
1407,0.848047
1408,0.847217
1409,0.84707
1410,0.847998
1411,0.84541
1412,0.845801
1413,0.844531
1414,0.845508
1415,0.846191
1416,0.84541
1417,0.846582
1418,0.847656
1419,0.847363
1420,0.847168
1421,0.845361
1422,0.845313
1423,0.846826
1424,0.847412
1425,0.84834
1426,0.847754
1427,0.847852
1428,0.846582
1429,0.848145
1430,0.850098
1431,0.847607
1432,0.848584
1433,0.847607
1434,0.847217
1435,0.848437
1436,0.851416
1437,0.85166
1438,0.85166
1439,0.850439
1440,0.850195
1441,0.850537
1442,0.85
1443,0.85083
1444,0.851465
1445,0.850098
1446,0.849414
1447,0.853955
1448,0.853271
1449,0.852979
1450,0.854395
1451,0.852832
1452,0.854834
1453,0.855029
1454,0.854443
1455,0.855518
1456,0.856348
1457,0.854199
1458,0.855078
1459,0.855029
1460,0.853906
1461,0.858301
1462,0.857861
1463,0.857373
1464,0.856641
1465,0.857617
1466,0.856982
1467,0.85752
1468,0.8604
1469,0.857568
1470,0.858838
1471,0.860645
1472,0.860303
1473,0.860059
1474,0.861914
1475,0.861523
1476,0.863818
1477,0.863916
1478,0.866455
1479,0.862842
1480,0.857812
1481,0.861328
1482,0.860742
1483,0.865039
1484,0.864502
1485,0.863867
1486,0.865381
1487,0.866748
1488,0.866113
1489,0.866406
1490,0.869238
1491,0.870801
1492,0.870703
1493,0.87373
1494,0.876025
1495,0.875537
1496,0.879541
1497,0.876953
1498,0.878906
1499,0.874268
1500,0.874854
1501,0.870264
1502,0.870068
1503,0.865576
1504,0.867871
1505,0.866797
1506,0.86748
1507,0.869092
1508,0.865723
1509,0.862646
1510,0.864795
1511,0.870459
1512,0.867041
1513,0.87251
1514,0.869092
1515,0.87334
1516,0.87207
1517,0.874414
1518,0.873437
1519,0.872852
1520,0.870605
1521,0.873047
1522,0.868604
1523,0.868848
1524,0.871875
1525,0.869629
1526,0.875781
1527,0.873584
1528,0.877393
1529,0.877588
1530,0.875293
1531,0.877881
1532,0.876318
1533,0.880176
1534,0.879932
1535,0.881201
1536,0.879834
1537,0.8771
1538,0.877686
1539,0.877881
1540,0.872119
1541,0.875293
1542,0.876172
1543,0.874072
1544,0.87417
1545,0.878564
1546,0.876758
1547,0.873633
1548,0.876904
1549,0.87627
1550,0.874414
1551,0.873584
1552,0.876172
1553,0.878711
1554,0.879492
1555,0.88208
1556,0.882617
1557,0.885645
1558,0.881445
1559,0.882959
1560,0.885059
1561,0.885498
1562,0.876953
1563,0.876221
1564,0.873096
1565,0.875195
1566,0.874561
1567,0.872217
1568,0.874805
1569,0.877979
1570,0.8771
1571,0.875146
1572,0.874268
1573,0.87793
1574,0.876172
1575,0.877344
1576,0.879004
1577,0.876465
1578,0.873877
1579,0.874268
1580,0.881299
1581,0.880273
1582,0.87832
1583,0.880029
1584,0.883936
1585,0.886084
1586,0.885254
1587,0.88418
1588,0.880566
1589,0.885254
1590,0.883105
1591,0.880029
1592,0.881738
1593,0.881152
1594,0.869971
1595,0.873486
1596,0.869043
1597,0.866406
1598,0.862256
1599,0.863086
1600,0.857812
1601,0.856885
1602,0.857568
1603,0.857568
1604,0.859912
1605,0.855078
1606,0.861426
1607,0.857227
1608,0.85957
1609,0.857422
1610,0.858545
1611,0.863965
1612,0.862695
1613,0.859961
1614,0.859814
1615,0.867236
1616,0.866113
1617,0.867285
1618,0.863379
1619,0.863916
1620,0.860742
1621,0.855322
1622,0.858203
1623,0.86167
1624,0.8625
1625,0.864355
1626,0.866113
1627,0.86499
1628,0.866113
1629,0.862256
1630,0.862012
1631,0.865088
1632,0.864844
1633,0.861475
1634,0.861035
1635,0.860742
1636,0.855762
1637,0.863135
1638,0.86416
1639,0.867432
1640,0.865137
1641,0.868506
1642,0.869043
1643,0.86875
1644,0.86543
1645,0.864941
1646,0.868115
1647,0.866016
1648,0.863086
1649,0.862061
1650,0.859082
1651,0.860596
1652,0.856836
1653,0.860449
1654,0.856201
1655,0.855566
1656,0.855225
1657,0.850977
1658,0.849072
1659,0.852783
1660,0.850977
1661,0.85415
1662,0.850049
1663,0.85498
1664,0.855908
1665,0.85127
1666,0.856592
1667,0.858691
1668,0.85752
1669,0.856152
1670,0.855615
1671,0.858594
1672,0.854639
1673,0.856494
1674,0.86499
1675,0.860449
1676,0.858643
1677,0.85415
1678,0.850781
1679,0.854639
1680,0.851611
1681,0.850049
1682,0.843652
1683,0.839063
1684,0.838867
1685,0.83374
1686,0.827832
1687,0.835059
1688,0.832666
1689,0.834033
1690,0.83877
1691,0.835645
1692,0.842676
1693,0.846094
1694,0.845117
1695,0.839209
1696,0.8354
1697,0.831299
1698,0.836914
1699,0.838037
1700,0.831689
1701,0.829443
1702,0.828662
1703,0.831836
1704,0.82168
1705,0.833643
1706,0.833984
1707,0.835986
1708,0.843164
1709,0.845313
1710,0.846533
1711,0.841406
1712,0.84126
1713,0.842969
1714,0.83833
1715,0.835693
1716,0.830762
1717,0.832178
1718,0.830566
1719,0.831055
1720,0.832812
1721,0.830957
1722,0.830029
1723,0.83418
1724,0.837402
1725,0.837744
1726,0.844824
1727,0.844385
1728,0.848535
1729,0.851758
1730,0.853955
1731,0.854102
1732,0.846729
1733,0.842334
1734,0.831006
1735,0.821484
1736,0.799316
1737,0.797754
1738,0.792139
1739,0.788135
1740,0.790869
1741,0.781738
1742,0.779443
1743,0.774023
1744,0.762598
1745,0.757959
1746,0.760938
1747,0.766406
1748,0.716064
1749,0.711572
1750,0.715479
1751,0.720361
1752,0.711963
1753,0.668359
1754,0.664941
1755,0.655713
1756,0.648926
1757,0.645801
1758,0.642334
1759,0.636572
1760,0.627441
1761,0.616504
1762,0.609033
1763,0.605078
1764,0.599463
1765,0.588281
1766,0.586084
1767,0.602148
1768,0.609277
1769,0.614844
1770,0.622363
1771,0.63252
1772,0.642725
1773,0.651514
1774,0.660547
1775,0.660742
1776,0.678613
1777,0.688672
1778,0.694824
1779,0.699609
1780,0.703564
1781,0.705518
1782,0.698486
1783,0.694531
1784,0.692969
1785,0.68501
1786,0.680908
1787,0.686523
1788,0.686768
1789,0.677832
1790,0.675098
1791,0.668311
1792,0.660937
1793,0.659912
1794,0.64834
1795,0.638477
1796,0.634668
1797,0.622412
1798,0.620264
1799,0.620508
1800,0.619434
1801,0.619043
1802,0.619678
1803,0.618018
1804,0.617334
1805,0.621631
1806,0.628271
1807,0.62417
1808,0.625146
1809,0.62749
1810,0.628516
1811,0.615381
1812,0.620068
1813,0.618799
1814,0.617285
1815,0.618994
1816,0.617383
1817,0.612012
1818,0.611133
1819,0.602832
1820,0.602344
1821,0.600195
1822,0.590479
1823,0.586328
1824,0.579883
1825,0.573633
1826,0.569043
1827,0.562109
1828,0.549023
1829,0.547266
1830,0.543311
1831,0.542285
1832,0.541943
1833,0.537256
1834,0.529102
1835,0.525049
1836,0.505273
1837,0.513184
1838,0.515723
1839,0.518701
1840,0.521338
1841,0.521143
1842,0.528076
1843,0.524414
1844,0.524902
1845,0.522754
1846,0.532666
1847,0.531348
1848,0.53374
1849,0.538379
1850,0.536426
1851,0.535498
1852,0.53623
1853,0.535107
1854,0.526758
1855,0.515088
1856,0.512842
1857,0.503369
1858,0.503516
1859,0.50127
1860,0.497021
1861,0.490186
1862,0.484961
1863,0.483154
1864,0.478076
1865,0.475586
1866,0.463037
1867,0.453662
1868,0.449219
1869,0.450049
1870,0.448535
1871,0.445605
1872,0.448828
1873,0.45293
1874,0.457031
1875,0.460938
1876,0.469287
1877,0.471533
1878,0.481934
1879,0.490186
1880,0.489258
1881,0.496533
1882,0.506299
1883,0.495752
1884,0.483643
1885,0.488135
1886,0.482422
1887,0.484912
1888,0.49209
1889,0.497949
1890,0.507275
1891,0.513525
1892,0.517285
1893,0.525879
1894,0.536035
1895,0.541455
1896,0.544629
1897,0.53501
1898,0.521436
1899,0.518213
1900,0.521729
1901,0.52627
1902,0.543066
1903,0.55293
1904,0.561621
1905,0.576709
1906,0.614355
1907,0.624658
1908,0.648926
1909,0.667969
1910,0.679102
1911,0.67832
1912,0.689209
1913,0.692773
1914,0.705566
1915,0.713184
1916,0.715527
1917,0.723779
1918,0.740527
1919,0.740723
1920,0.745068
1921,0.751904
1922,0.753369
1923,0.752246
1924,0.749658
1925,0.716504
1926,0.700293
1927,0.694482
1928,0.688721
1929,0.672705
1930,0.653662
1931,0.641016
1932,0.621973
1933,0.539697
1934,0.52959
1935,0.510986
1936,0.472412
1937,0.468359
1938,0.457959
1939,0.441699
1940,0.432617
1941,0.42334
1942,0.418359
1943,0.426074
1944,0.423291
1945,0.420068
1946,0.417285
1947,0.404004
1948,0.392041
1949,0.389209
1950,0.378857
1951,0.372168
1952,0.366748
1953,0.360547
1954,0.354785
1955,0.354541
1956,0.3521
1957,0.347461
1958,0.343213
1959,0.336426
1960,0.333203
1961,0.329541
1962,0.326221
1963,0.323047
1964,0.321875
1965,0.315186
1966,0.312451
1967,0.309717
1968,0.303125
1969,0.299951
1970,0.295557
1971,0.28584
1972,0.274023
1973,0.26748
1974,0.249707
1975,0.23833
1976,0.232813
1977,0.224365
1978,0.218262
1979,0.214844
1980,0.21001
1981,0.20542
1982,0.202588
1983,0.19917
1984,0.196338
1985,0.192773
1986,0.171045
1987,0.169824
1988,0.170117
1989,0.169385
1990,0.169385
1991,0.169336
1992,0.169287
1993,0.169238
1994,0.169189
1995,0.168359
1996,0.168848
1997,0.168115
1998,0.165137
1999,0.1646
2000,0.163428
2001,0.160156
2002,0.165479
2003,0.169092
2004,0.176807
2005,0.188916
2006,0.196875
2007,0.208643
2008,0.222266
2009,0.229883
2010,0.249023
2011,0.261719
2012,0.268213
2013,0.301025
2014,0.320703
2015,0.352295
2016,0.378662
2017,0.399316
2018,0.423828
2019,0.453857
2020,0.462305
2021,0.465967
2022,0.480469
2023,0.49668
2024,0.509473
2025,0.539062
2026,0.572461
2027,0.589355
2028,0.618164
2029,0.649316
2030,0.65835
2031,0.681689
2032,0.681543
2033,0.678613
2034,0.677979
2035,0.677734
2036,0.688184
2037,0.695996
2038,0.68208
2039,0.688916
2040,0.694482
2041,0.691748
2042,0.652881
2043,0.63667
2044,0.575195
2045,0.559375
2046,0.530469
2047,0.505371
2048,0.495508
2049,0.475195
2050,0.455078
2051,0.442383
2052,0.427002
2053,0.408447
2054,0.404395
2055,0.383447
2056,0.37207
2057,0.367725
2058,0.348779
2059,0.33208
2060,0.322998
2061,0.294531
2062,0.28457
2063,0.279883
2064,0.277734
2065,0.275
2066,0.271289
2067,0.268213
2068,0.267627
2069,0.267871
2070,0.267139
2071,0.267578
2072,0.26665
2073,0.26875
2074,0.263818
2075,0.261279
2076,0.256006
2077,0.244287
2078,0.241162
2079,0.224805
2080,0.212549
2081,0.207715
2082,0.194385
2083,0.185059
2084,0.180615
2085,0.175537
2086,0.164014
2087,0.162793
2088,0.163232
2089,0.163037
2090,0.162402
2091,0.162012
2092,0.162598
2093,0.162891
2094,0.161865
2095,0.162402
2096,0.163135
2097,0.163818
2098,0.163721
2099,0.164307
2100,0.165674
2101,0.167871
2102,0.170361
2103,0.174854
2104,0.181738
2105,0.184424
2106,0.192139
2107,0.200195
2108,0.204639
2109,0.214551
2110,0.228174
2111,0.236133
2112,0.259814
2113,0.28501
2114,0.292041
2115,0.333887
2116,0.353564
2117,0.383838
2118,0.423828
2119,0.477051
2120,0.495557
2121,0.537012
2122,0.561133
2123,0.607959
2124,0.652148
2125,0.674756
2126,0.694922
2127,0.729346
2128,0.777246
2129,0.796045
2130,0.811816
2131,0.825732
2132,0.836768
2133,0.849072
2134,0.854395
2135,0.858691
2136,0.884424
2137,0.889209
2138,0.889404
2139,0.892139
2140,0.889307
2141,0.892578
2142,0.888428
2143,0.888086
2144,0.88418
2145,0.882715
2146,0.880762
2147,0.880713
2148,0.882812
2149,0.888428
2150,0.888721
2151,0.884912
2152,0.858057
2153,0.852441
2154,0.808691
2155,0.77793
2156,0.769434
2157,0.732666
2158,0.705908
2159,0.698389
2160,0.687207
2161,0.64375
2162,0.646094
2163,0.644531
2164,0.645508
2165,0.648682
2166,0.649121
2167,0.645752
2168,0.645752
2169,0.643066
2170,0.642725
2171,0.639355
2172,0.636914
2173,0.634326
2174,0.631201
2175,0.631689
2176,0.579395
2177,0.566162
2178,0.545215
2179,0.518994
2180,0.481348
2181,0.444336
2182,0.418213
2183,0.405322
2184,0.392969
2185,0.362549
2186,0.312744
2187,0.30459
2188,0.297363
2189,0.296289
2190,0.285449
2191,0.271924
2192,0.269531
2193,0.262256
2194,0.251563
2195,0.248682
2196,0.239941
2197,0.231396
2198,0.229053
2199,0.222168
2200,0.215381
2201,0.211914
2202,0.203711
2203,0.198682
2204,0.196143
2205,0.192383
2206,0.190332
2207,0.190527
2208,0.188525
2209,0.184912
2210,0.183936
2211,0.17334
2212,0.168604
2213,0.16709
2214,0.163916
2215,0.161865
2216,0.160303
2217,0.159326
2218,0.156348
2219,0.156592
2220,0.156982
2221,0.157812
2222,0.157715
2223,0.158301
2224,0.156982
2225,0.157227
2226,0.157178
2227,0.157959
2228,0.157764
2229,0.158203
2230,0.157666
2231,0.15708
2232,0.15791
2233,0.158203
2234,0.157959
2235,0.158398
2236,0.157373
2237,0.156689
2238,0.15835
2239,0.158496
2240,0.159277
2241,0.160352
2242,0.159766
2243,0.159082
2244,0.158936
2245,0.160596
2246,0.161182
2247,0.161816
2248,0.162744
2249,0.161768
2250,0.161279
2251,0.161377
2252,0.161133
2253,0.1625
2254,0.162793
2255,0.162402
2256,0.161963
2257,0.161621
2258,0.162402
2259,0.163867
2260,0.163232
2261,0.162988
2262,0.162646
2263,0.164111
2264,0.165039
2265,0.165088
2266,0.166455
2267,0.16582
2268,0.168945
2269,0.177979
2270,0.181006
2271,0.190967
2272,0.199414
2273,0.203613
2274,0.212451
2275,0.222168
2276,0.228857
2277,0.240723
2278,0.252539
2279,0.258057
2280,0.268701
2281,0.275879
2282,0.279297
2283,0.283691
2284,0.291064
2285,0.290967
2286,0.286035
2287,0.291699
2288,0.29751
2289,0.299072
2290,0.297363
2291,0.298193
2292,0.298682
2293,0.297656
2294,0.290527
2295,0.284961
2296,0.277539
2297,0.272461
2298,0.265527
2299,0.26416
2300,0.263623
2301,0.269531
2302,0.270361
2303,0.274072
2304,0.27627
2305,0.280029
2306,0.283594
2307,0.283691
2308,0.284766
2309,0.28252
2310,0.281396
2311,0.274951
2312,0.275684
2313,0.271777
2314,0.270801
2315,0.272021
2316,0.265039
2317,0.266064
2318,0.266602
2319,0.266699
2320,0.266016
2321,0.265088
2322,0.262402
2323,0.253418
2324,0.252832
2325,0.249561
2326,0.246289
2327,0.244336
2328,0.238135
2329,0.232666
2330,0.229199
2331,0.22251
2332,0.213965
2333,0.211328
2334,0.204199
2335,0.198486
2336,0.192529
2337,0.187793
2338,0.183984
2339,0.179785
2340,0.176563
2341,0.177832
2342,0.177051
2343,0.173779
2344,0.172803
2345,0.172656
2346,0.172754
2347,0.170898
2348,0.170166
2349,0.17041
2350,0.171729
2351,0.173535
2352,0.17666
2353,0.182422
2354,0.186914
2355,0.191602
2356,0.194922
2357,0.198437
2358,0.20127
2359,0.201709
2360,0.201758
2361,0.19248
2362,0.187988
2363,0.1854
2364,0.180078
2365,0.179297
2366,0.174072
2367,0.173828
2368,0.172314
2369,0.171094
2370,0.169189
2371,0.165479
2372,0.164258
2373,0.1625
2374,0.161523
2375,0.161426
2376,0.160693
2377,0.160352
2378,0.159277
2379,0.157422
2380,0.157324
2381,0.156445
2382,0.157959
2383,0.158203
2384,0.160547
2385,0.168994
2386,0.176855
2387,0.182861
2388,0.194385
2389,0.217383
2390,0.227246
2391,0.244873
2392,0.278027
2393,0.292725
2394,0.312646
2395,0.358887
2396,0.367578
2397,0.390332
2398,0.409766
2399,0.417041
2400,0.423584
2401,0.427832
2402,0.430029
2403,0.434961
2404,0.430469
2405,0.42876
2406,0.433301
2407,0.428027
2408,0.426416
2409,0.424414
2410,0.382275
2411,0.354199
2412,0.352979
2413,0.355176
2414,0.33833
2415,0.315088
2416,0.300146
2417,0.294336
2418,0.288721
2419,0.264551
2420,0.256641
2421,0.244824
2422,0.227734
2423,0.21958
2424,0.209473
2425,0.196582
2426,0.192529
2427,0.185156
2428,0.177441
2429,0.172949
2430,0.166406
2431,0.160205
2432,0.15791
2433,0.153027
2434,0.159326
2435,0.162939
2436,0.171143
2437,0.183203
2438,0.188818
2439,0.201953
2440,0.212109
2441,0.218213
2442,0.226855
2443,0.232031
2444,0.235937
2445,0.236816
2446,0.236377
2447,0.233398
2448,0.224316
2449,0.222412
2450,0.218311
2451,0.211279
2452,0.201465
2453,0.196289
2454,0.183057
2455,0.180566
2456,0.181396
2457,0.182373
2458,0.1875
2459,0.18916
2460,0.190137
2461,0.188037
2462,0.191992
2463,0.191113
2464,0.186182
2465,0.186914
2466,0.18335
2467,0.182666
2468,0.181689
2469,0.181836
2470,0.182666
2471,0.178174
2472,0.173096
2473,0.168652
2474,0.167285
2475,0.165186
2476,0.162207
2477,0.160693
2478,0.162939
2479,0.165088
2480,0.166992
2481,0.171826
2482,0.177588
2483,0.182227
2484,0.188281
2485,0.188477
2486,0.186475
2487,0.188623
2488,0.181982
2489,0.181055
2490,0.175488
2491,0.175
2492,0.174268
2493,0.173877
2494,0.173096
2495,0.171924
2496,0.170947
2497,0.168555
2498,0.168311
2499,0.165771
2500,0.16416
2501,0.164111
2502,0.162695
2503,0.16333
2504,0.164209
2505,0.164062
2506,0.164111
2507,0.163525
2508,0.165039
2509,0.168115
2510,0.171875
2511,0.175
2512,0.182861
2513,0.189551
2514,0.20415
2515,0.218115
2516,0.225781
2517,0.238232
2518,0.248779
2519,0.254053
2520,0.27041
2521,0.27876
2522,0.283203
2523,0.307178
2524,0.319238
2525,0.324512
2526,0.334277
2527,0.344092
2528,0.347998
2529,0.350977
2530,0.349463
2531,0.351562
2532,0.349219
2533,0.349756
2534,0.342383
2535,0.334375
2536,0.322412
2537,0.320508
2538,0.319531
2539,0.311328
2540,0.307715
2541,0.29624
2542,0.285986
2543,0.280078
2544,0.268701
2545,0.269727
2546,0.260059
2547,0.240088
2548,0.232715
2549,0.23125
2550,0.230762
2551,0.232666
2552,0.232324
2553,0.231299
2554,0.231055
2555,0.231055
2556,0.233691
2557,0.227197
2558,0.22373
2559,0.217578
2560,0.207764
2561,0.190332
2562,0.18374
2563,0.176074
2564,0.173291
2565,0.16709
2566,0.160742
2567,0.158203
2568,0.154346
2569,0.149268
2570,0.147168
2571,0.143506
2572,0.141406
2573,0.140918
2574,0.139746
2575,0.139209
2576,0.139551
2577,0.139648
2578,0.139697
2579,0.139697
2580,0.139648
2581,0.139648
2582,0.139746
2583,0.139648
2584,0.139453
2585,0.139551
2586,0.139307
2587,0.138721
2588,0.138867
2589,0.138916
2590,0.139258
2591,0.139355
2592,0.138965
2593,0.139111
2594,0.139404
2595,0.1396
2596,0.139746
2597,0.139844
2598,0.139697
2599,0.139404
2600,0.139307
2601,0.139258
2602,0.139502
2603,0.139404
2604,0.139063
2605,0.139111
2606,0.139209
2607,0.139209
2608,0.139063
2609,0.139453
2610,0.139258
2611,0.137158
2612,0.137744
2613,0.138037
2614,0.138086
2615,0.138379
2616,0.13833
2617,0.138477
2618,0.138477
2619,0.138623
2620,0.139209
2621,0.139307
2622,0.139111
2623,0.139014
2624,0.139404
2625,0.139941
2626,0.146924
2627,0.151465
2628,0.161279
2629,0.171875
2630,0.176318
2631,0.186816
2632,0.195898
2633,0.200293
2634,0.20918
2635,0.212207
2636,0.212549
2637,0.216113
2638,0.217334
2639,0.218701
2640,0.22334
2641,0.235742
2642,0.241016
2643,0.255225
2644,0.269287
2645,0.277881
2646,0.300488
2647,0.324072
2648,0.329785
2649,0.353564
2650,0.36333
2651,0.37085
2652,0.40835
2653,0.43335
2654,0.439453
2655,0.454932
2656,0.470996
2657,0.481885
2658,0.495312
2659,0.506396
2660,0.504639
2661,0.512939
2662,0.514502
2663,0.521143
2664,0.517578
2665,0.513281
2666,0.510791
2667,0.507861
2668,0.500342
2669,0.493262
2670,0.48999
2671,0.493115
2672,0.493896
2673,0.477295
2674,0.469727
2675,0.476514
2676,0.453711
2677,0.442432
2678,0.43833
2679,0.430078
2680,0.428809
2681,0.412842
2682,0.398975
2683,0.389844
2684,0.388623
2685,0.382715
2686,0.353662
2687,0.357471
2688,0.362695
2689,0.362695
2690,0.370215
2691,0.371289
2692,0.374609
2693,0.376807
2694,0.380664
2695,0.38208
2696,0.378906
2697,0.373828
2698,0.364209
2699,0.360889
2700,0.349951
2701,0.340674
2702,0.3354
2703,0.324268
2704,0.314648
2705,0.310986
2706,0.300635
2707,0.291406
2708,0.283838
2709,0.278076
2710,0.274756
2711,0.267139
2712,0.269189
2713,0.270117
2714,0.269287
2715,0.268896
2716,0.269775
2717,0.269531
2718,0.268848
2719,0.270654
2720,0.266846
2721,0.26123
2722,0.254443
2723,0.251367
2724,0.245947
2725,0.243848
2726,0.239746
2727,0.23916
2728,0.237891
2729,0.236914
2730,0.241357
2731,0.244043
2732,0.247607
2733,0.25166
2734,0.258057
2735,0.252295
2736,0.240283
2737,0.246826
2738,0.249463
2739,0.25293
2740,0.260303
2741,0.262598
2742,0.268457
2743,0.27085
2744,0.271436
2745,0.272949
2746,0.275879
2747,0.275049
2748,0.272266
2749,0.273779
2750,0.274023
2751,0.276611
2752,0.277197
2753,0.278516
2754,0.273682
2755,0.276562
2756,0.275635
2757,0.275635
2758,0.273877
2759,0.276904
2760,0.273682
2761,0.265527
2762,0.268213
2763,0.267578
2764,0.266992
2765,0.265381
2766,0.265283
2767,0.261328
2768,0.262549
2769,0.26416
2770,0.262744
2771,0.261084
2772,0.261133
2773,0.261523
2774,0.262012
2775,0.258984
2776,0.258447
2777,0.254297
2778,0.254248
2779,0.253418
2780,0.252881
2781,0.251416
2782,0.253809
2783,0.25083
2784,0.250342
2785,0.251563
2786,0.248145
2787,0.2479
2788,0.246045
2789,0.246484
2790,0.245312
2791,0.244482
2792,0.244189
2793,0.242871
2794,0.243555
2795,0.242773
2796,0.240576
2797,0.24043
2798,0.239111
2799,0.239648
2800,0.238965
2801,0.237549
2802,0.236035
2803,0.238086
2804,0.236768
2805,0.234277
2806,0.234375
2807,0.236084
2808,0.236914
2809,0.236963
2810,0.237207
2811,0.234229
2812,0.234814
2813,0.236426
2814,0.237109
2815,0.236035
2816,0.236133
2817,0.237012
2818,0.237061
2819,0.237256
2820,0.237012
2821,0.236865
2822,0.237109
2823,0.2375
2824,0.237793
2825,0.237988
2826,0.237354
2827,0.236377
2828,0.23623
2829,0.235547
2830,0.235156
2831,0.235693
2832,0.234961
2833,0.234766
2834,0.234424
2835,0.234668
2836,0.235059
2837,0.234131
2838,0.234668
2839,0.234668
2840,0.234375
2841,0.234717
2842,0.234717
2843,0.234814
2844,0.235254
2845,0.235156
2846,0.235498
2847,0.235889
2848,0.23584
2849,0.236377
2850,0.236377
2851,0.236719
2852,0.236084
2853,0.236133
2854,0.236377
2855,0.235645
2856,0.23584
2857,0.235254
2858,0.235449
2859,0.237109
2860,0.236523
2861,0.233887
2862,0.234424
2863,0.234424
2864,0.23457
2865,0.235059
2866,0.235742
2867,0.235498
2868,0.235352
2869,0.236133
2870,0.236865
2871,0.236084
2872,0.236279
2873,0.236133
2874,0.23584
2875,0.235059
2876,0.235254
2877,0.234375
2878,0.233691
2879,0.233398
2880,0.235986
2881,0.240576
2882,0.242676
2883,0.248389
2884,0.253223
2885,0.254346
2886,0.25835
2887,0.261279
2888,0.261768
2889,0.262109
2890,0.263867
2891,0.264551
2892,0.263428
2893,0.262842
2894,0.260937
2895,0.257568
2896,0.257031
2897,0.258252
2898,0.256738
2899,0.255566
2900,0.255713
2901,0.253613
2902,0.253711
2903,0.252393
2904,0.251904
2905,0.250098
2906,0.250781
2907,0.251221
2908,0.250928
2909,0.251416
2910,0.251367
2911,0.249072
2912,0.247949
2913,0.247461
2914,0.248193
2915,0.248145
2916,0.247021
2917,0.247754
2918,0.247168
2919,0.246387
2920,0.245898
2921,0.246143
2922,0.245947
2923,0.246924
2924,0.246387
2925,0.246436
2926,0.246533
2927,0.245996
2928,0.246631
2929,0.247119
2930,0.247803
2931,0.250195
2932,0.251172
2933,0.25127
2934,0.252832
2935,0.251953
2936,0.249072
2937,0.248486
2938,0.247656
2939,0.247705
2940,0.249463
2941,0.249365
2942,0.250635
2943,0.249365
2944,0.250732
2945,0.250684
2946,0.251807
2947,0.255322
2948,0.256445
2949,0.260156
2950,0.265039
2951,0.266895
2952,0.272363
2953,0.27627
2954,0.277539
2955,0.285889
2956,0.293848
2957,0.296143
2958,0.315625
2959,0.328809
2960,0.352002
2961,0.405566
2962,0.411914
2963,0.414062
2964,0.444141
2965,0.465918
2966,0.476318
2967,0.487842
2968,0.537012
2969,0.549854
2970,0.562354
2971,0.57915
2972,0.588477
2973,0.612012
2974,0.642676
2975,0.657373
2976,0.667822
2977,0.675977
2978,0.681738
2979,0.687109
2980,0.690723
2981,0.693506
2982,0.704688
2983,0.734473
2984,0.745996
2985,0.754395
2986,0.800439
2987,0.803955
2988,0.805322
2989,0.806982
2990,0.813672
2991,0.825537
2992,0.832764
2993,0.838965
2994,0.839795
2995,0.843262
2996,0.843457
2997,0.842676
2998,0.851611
2999,0.855762
3000,0.859326
3001,0.859668
3002,0.862451
3003,0.866113
3004,0.86709
3005,0.867676
3006,0.86958
3007,0.87041
3008,0.871436
3009,0.870801
3010,0.868262
3011,0.87793
3012,0.876953
3013,0.872607
3014,0.870459
3015,0.873291
3016,0.870361
3017,0.871924
3018,0.870703
3019,0.873193
3020,0.869189
3021,0.869482
3022,0.870068
3023,0.8729
3024,0.872607
3025,0.873145
3026,0.875293
3027,0.875146
3028,0.879736
3029,0.875049
3030,0.878076
3031,0.876807
3032,0.880176
3033,0.877246
3034,0.878125
3035,0.879541
3036,0.888672
3037,0.886328
3038,0.889355
3039,0.889355
3040,0.889062
3041,0.887549
3042,0.887646
3043,0.888672
3044,0.887012
3045,0.887158
3046,0.887939
3047,0.889453
3048,0.889453
3049,0.887402
3050,0.888623
3051,0.888525
3052,0.886475
3053,0.886914
3054,0.883936
3055,0.886963
3056,0.886523
3057,0.887842
3058,0.886377
3059,0.884033
3060,0.886377
3061,0.890576
3062,0.888428
3063,0.889648
3064,0.887646
3065,0.887402
3066,0.887402
3067,0.884033
3068,0.878564
3069,0.878027
3070,0.879883
3071,0.877783
3072,0.878467
3073,0.874658
3074,0.875635
3075,0.875732
3076,0.872656
3077,0.872314
3078,0.873242
3079,0.870313
3080,0.87085
3081,0.873584
3082,0.872363
3083,0.87002
3084,0.873145
3085,0.872021
3086,0.876123
3087,0.873389
3088,0.874316
3089,0.873291
3090,0.873828
3091,0.874951
3092,0.876025
3093,0.875684
3094,0.874854
3095,0.873486
3096,0.8729
3097,0.872168
3098,0.871631
3099,0.87041
3100,0.870703
3101,0.869971
3102,0.870752
3103,0.871777
3104,0.870605
3105,0.871289
3106,0.870801
3107,0.869971
3108,0.868945
3109,0.869678
3110,0.869971
3111,0.872217
3112,0.869971
3113,0.86958
3114,0.867676
3115,0.869141
3116,0.865576
3117,0.869434
3118,0.868408
3119,0.868945
3120,0.869482
3121,0.865576
3122,0.866553
3123,0.866113
3124,0.865283
3125,0.866309
3126,0.866162
3127,0.868604
3128,0.868457
3129,0.870117
3130,0.869434
3131,0.868945
3132,0.869971
3133,0.870068
3134,0.869531
3135,0.867969
3136,0.866992
3137,0.86416
3138,0.864111
3139,0.862988
3140,0.863867
3141,0.862988
3142,0.864209
3143,0.86416
3144,0.863867
3145,0.863232
3146,0.862012
3147,0.862402
3148,0.862207
3149,0.860986
3150,0.86167
3151,0.859473
3152,0.859766
3153,0.858203
3154,0.859814
3155,0.858936
3156,0.857373
3157,0.858154
3158,0.856543
3159,0.85791
3160,0.857031
3161,0.853809
3162,0.855664
3163,0.855957
3164,0.854443
3165,0.855029
3166,0.856689
3167,0.857129
3168,0.854834
3169,0.855029
3170,0.853418
3171,0.856494
3172,0.856445
3173,0.856836
3174,0.854102
3175,0.853613
3176,0.854639
3177,0.855029
3178,0.855176
3179,0.855322
3180,0.854004
3181,0.855322
3182,0.854883
3183,0.853564
3184,0.854004
3185,0.853857
3186,0.853857
3187,0.853662
3188,0.853906
3189,0.854297
3190,0.854736
3191,0.853125
3192,0.849902
3193,0.850781
3194,0.851025
3195,0.849268
3196,0.849951
3197,0.849951
3198,0.849414
3199,0.850488
3200,0.848633
3201,0.848047
3202,0.848779
3203,0.848193
3204,0.849658
3205,0.848633
3206,0.846191
3207,0.847119
3208,0.847656
3209,0.846094
3210,0.846436
3211,0.848535
3212,0.848633
3213,0.84707
3214,0.847998
3215,0.847852
3216,0.8479
3217,0.846533
3218,0.846436
3219,0.847021
3220,0.84668
3221,0.84668
3222,0.846924
3223,0.84707
3224,0.846875
3225,0.846631
3226,0.846387
3227,0.846729
3228,0.846387
3229,0.845703
3230,0.845605
3231,0.84541
3232,0.84541
3233,0.844971
3234,0.844971
3235,0.844336
3236,0.84541
3237,0.84458
3238,0.844971
3239,0.843994
3240,0.843799
3241,0.843701
3242,0.842725
3243,0.842529
3244,0.841992
3245,0.842236
3246,0.842139
3247,0.842041
3248,0.841406
3249,0.842041
3250,0.842236
3251,0.84165
3252,0.842383
3253,0.842725
3254,0.842529
3255,0.842822
3256,0.84248
3257,0.84248
3258,0.842139
3259,0.841797
3260,0.841699
3261,0.84751
3262,0.847119
3263,0.846631
3264,0.846777
3265,0.846875
3266,0.846387
3267,0.845605
3268,0.844775
3269,0.84502
3270,0.84541
3271,0.845215
3272,0.844434
3273,0.84375
3274,0.843994
3275,0.843896
3276,0.844336
3277,0.844727
3278,0.843994
3279,0.844678
3280,0.844775
3281,0.84502
3282,0.845605
3283,0.845166
3284,0.845166
3285,0.845264
3286,0.851514
3287,0.851807
3288,0.851416
3289,0.852002
3290,0.851611
3291,0.851416
3292,0.851025
3293,0.850195
3294,0.850293
3295,0.849951
3296,0.849854
3297,0.849512
3298,0.84917
3299,0.848877
3300,0.849414
3301,0.849219
3302,0.848877
3303,0.849316
3304,0.849023
3305,0.849072
3306,0.848779
3307,0.848291
3308,0.847998
3309,0.848242
3310,0.848633
3311,0.850244
3312,0.850342
3313,0.849512
3314,0.849072
3315,0.84917
3316,0.849268
3317,0.849658
3318,0.850439
3319,0.851172
3320,0.850732
3321,0.850586
3322,0.849951
3323,0.850098
3324,0.850098
3325,0.850781
3326,0.851953
3327,0.852002
3328,0.85166
3329,0.851758
3330,0.851758
3331,0.852539
3332,0.852295
3333,0.852637
3334,0.852441
3335,0.852344
3336,0.85166
3337,0.851758
3338,0.852734
3339,0.852246
3340,0.851855
3341,0.852197
3342,0.852051
3343,0.8521
3344,0.851562
3345,0.851465
3346,0.850342
3347,0.849854
3348,0.849707
3349,0.849072
3350,0.84917
3351,0.849854
3352,0.849072
3353,0.849365
3354,0.850146
3355,0.850391
3356,0.850537
3357,0.850586
3358,0.851025
3359,0.851074
3360,0.85083
3361,0.852588
3362,0.851367
3363,0.851807
3364,0.8521
3365,0.851611
3366,0.852344
3367,0.85249
3368,0.852051
3369,0.852539
3370,0.852295
3371,0.851953
3372,0.851611
3373,0.851611
3374,0.851416
3375,0.850635
3376,0.850781
3377,0.850635
3378,0.850537
3379,0.850732
3380,0.850879
3381,0.850391
3382,0.850342
3383,0.850488
3384,0.850391
3385,0.850488
3386,0.852197
3387,0.852246
3388,0.851514
3389,0.851465
3390,0.851318
3391,0.851807
3392,0.851318
3393,0.851318
3394,0.851025
3395,0.850244
3396,0.849951
3397,0.848975
3398,0.84917
3399,0.849316
3400,0.849561
3401,0.849512
3402,0.849805
3403,0.849512
3404,0.849707
3405,0.849268
3406,0.84917
3407,0.849023
3408,0.84917
3409,0.848535
3410,0.848535
3411,0.853516
3412,0.853467
3413,0.853564
3414,0.85376
3415,0.853369
3416,0.852783
3417,0.852783
3418,0.853125
3419,0.852539
3420,0.852783
3421,0.852686
3422,0.852686
3423,0.852588
3424,0.852051
3425,0.851953
3426,0.851611
3427,0.85166
3428,0.851172
3429,0.850977
3430,0.850439
3431,0.850684
3432,0.850684
3433,0.851367
3434,0.85166
3435,0.852393
3436,0.859326
3437,0.858691
3438,0.858789
3439,0.858447
3440,0.857666
3441,0.857568
3442,0.85835
3443,0.858545
3444,0.858447
3445,0.858594
3446,0.858545
3447,0.858398
3448,0.858398
3449,0.858545
3450,0.858398
3451,0.858691
3452,0.859375
3453,0.859326
3454,0.858887
3455,0.858838
3456,0.85835
3457,0.858057
3458,0.858789
3459,0.858398
3460,0.858398
3461,0.862061
3462,0.861914
3463,0.861475
3464,0.861426
3465,0.861621
3466,0.861475
3467,0.860938
3468,0.860742
3469,0.860645
3470,0.860742
3471,0.860938
3472,0.861133
3473,0.860938
3474,0.860938
3475,0.860742
3476,0.8604
3477,0.859814
3478,0.859912
3479,0.860107
3480,0.860254
3481,0.860156
3482,0.85957
3483,0.85957
3484,0.859375
3485,0.859619
3486,0.862061
3487,0.862646
3488,0.862354
3489,0.86167
3490,0.860986
3491,0.861719
3492,0.861182
3493,0.861084
3494,0.860596
3495,0.860205
3496,0.859375
3497,0.859424
3498,0.859326
3499,0.859473
3500,0.859033
3501,0.859668
3502,0.859814
3503,0.859229
3504,0.858936
3505,0.858691
3506,0.858936
3507,0.858789
3508,0.858203
3509,0.857715
3510,0.857471
3511,0.861182
3512,0.860938
3513,0.860938
3514,0.860254
3515,0.860107
3516,0.860352
3517,0.859717
3518,0.858984
3519,0.859277
3520,0.859131
3521,0.858887
3522,0.858838
3523,0.858838
3524,0.858447
3525,0.858398
3526,0.858691
3527,0.858447
3528,0.858887
3529,0.858545
3530,0.858643
3531,0.858203
3532,0.858105
3533,0.857959
3534,0.857959
3535,0.857959
3536,0.859326
3537,0.859326
3538,0.859424
3539,0.859473
3540,0.859717
3541,0.858789
3542,0.858154
3543,0.857764
3544,0.857666
3545,0.857861
3546,0.858057
3547,0.857959
3548,0.858057
3549,0.857568
3550,0.858447
3551,0.858154
3552,0.857568
3553,0.857715
3554,0.857617
3555,0.857764
3556,0.857617
3557,0.857617
3558,0.857568
3559,0.856836
3560,0.856934
3561,0.857959
3562,0.85874
3563,0.858252
3564,0.858105
3565,0.857812
3566,0.858057
3567,0.857617
3568,0.857275
3569,0.857568
3570,0.859326
3571,0.858789
3572,0.858887
3573,0.858789
3574,0.859082
3575,0.859326
3576,0.858984
3577,0.859131
3578,0.859326
3579,0.859619
3580,0.859521
3581,0.859326
3582,0.859326
3583,0.859375
3584,0.859082
3585,0.859033
3586,0.858594
3587,0.858105
3588,0.858105
3589,0.857861
3590,0.858105
3591,0.858301
3592,0.858154
3593,0.85791
3594,0.858447
3595,0.858984
3596,0.859326
3597,0.858887
3598,0.858789
3599,0.858691
3600,0.858643
3601,0.859229
3602,0.859375
3603,0.85874
3604,0.858594
3605,0.858301
3606,0.858447
3607,0.858398
3608,0.858545
3609,0.858545
3610,0.858643
3611,0.858545
3612,0.859033
3613,0.859619
3614,0.860645
3615,0.861084
3616,0.861328
3617,0.861133
3618,0.861182
3619,0.861572
3620,0.862109
3621,0.862402
3622,0.862842
3623,0.862744
3624,0.862305
3625,0.862354
3626,0.862207
3627,0.863037
3628,0.862451
3629,0.8625
3630,0.862793
3631,0.862451
3632,0.862109
3633,0.861816
3634,0.861865
3635,0.86123
3636,0.861182
3637,0.860645
3638,0.860156
3639,0.859814
3640,0.859717
3641,0.859717
3642,0.858984
3643,0.858838
3644,0.858838
3645,0.859082
3646,0.859033
3647,0.859424
3648,0.859619
3649,0.859375
3650,0.859033
3651,0.858594
3652,0.858789
3653,0.858447
3654,0.858936
3655,0.858984
3656,0.858789
3657,0.858887
3658,0.858887
3659,0.858691
3660,0.85874
3661,0.858496
3662,0.858789
3663,0.859033
3664,0.858838
3665,0.858936
3666,0.859277
3667,0.858691
3668,0.858496
3669,0.858252
3670,0.856934
3671,0.85708
3672,0.856543
3673,0.856738
3674,0.857129
3675,0.856885
3676,0.85874
3677,0.859131
3678,0.859473
3679,0.859473
3680,0.859521
3681,0.860205
3682,0.860205
3683,0.860205
3684,0.859717
3685,0.859619
3686,0.859277
3687,0.859619
3688,0.859619
3689,0.859863
3690,0.859521
3691,0.859424
3692,0.859131
3693,0.859082
3694,0.85918
3695,0.861719
3696,0.861426
3697,0.861377
3698,0.86001
3699,0.860352
3700,0.860596
3701,0.860107
3702,0.860156
3703,0.86167
3704,0.860645
3705,0.861719
3706,0.862109
3707,0.862158
3708,0.860938
3709,0.861328
3710,0.860645
3711,0.860791
3712,0.859375
3713,0.85874
3714,0.860156
3715,0.859082
3716,0.858789
3717,0.859229
3718,0.857617
3719,0.857324
3720,0.856396
3721,0.854492
3722,0.856348
3723,0.855518
3724,0.855859
3725,0.856543
3726,0.856738
3727,0.855762
3728,0.854199
3729,0.855859
3730,0.856494
3731,0.855762
3732,0.855127
3733,0.855811
3734,0.854639
3735,0.854492
3736,0.855127
3737,0.855225
3738,0.855615
3739,0.854248
3740,0.854004
3741,0.855176
3742,0.854443
3743,0.854102
3744,0.853613
3745,0.854053
3746,0.853857
3747,0.853809
3748,0.854736
3749,0.854053
3750,0.852783
3751,0.851807
3752,0.8521
3753,0.852148
3754,0.850781
3755,0.852197
3756,0.853223
3757,0.852295
3758,0.851514
3759,0.851709
3760,0.851709
3761,0.851465
3762,0.850635
3763,0.850391
3764,0.849805
3765,0.849365
3766,0.848828
3767,0.847119
3768,0.847754
3769,0.847949
3770,0.850049
3771,0.850537
3772,0.850049
3773,0.851416
3774,0.852686
3775,0.852637
3776,0.852539
3777,0.851562
3778,0.851855
3779,0.85249
3780,0.852734
3781,0.852344
3782,0.85249
3783,0.851953
3784,0.85166
3785,0.851611
3786,0.852002
3787,0.851953
3788,0.850928
3789,0.851611
3790,0.852002
3791,0.850488
3792,0.851904
3793,0.851611
3794,0.851318
3795,0.852295
3796,0.852148
3797,0.852441
3798,0.851514
3799,0.85
3800,0.850146
3801,0.849023
3802,0.849512
3803,0.849658
3804,0.848828
3805,0.849902
3806,0.849756
3807,0.84917
3808,0.849365
3809,0.849951
3810,0.849561
3811,0.848877
3812,0.850049
3813,0.849072
3814,0.849902
3815,0.849854
3816,0.849268
3817,0.848389
3818,0.849365
3819,0.849121
3820,0.859814
3821,0.860254
3822,0.861816
3823,0.86167
3824,0.860986
3825,0.859961
3826,0.860303
3827,0.859814
3828,0.859326
3829,0.860156
3830,0.859766
3831,0.85957
3832,0.860107
3833,0.860449
3834,0.860352
3835,0.859668
3836,0.859912
3837,0.859766
3838,0.859814
3839,0.860156
3840,0.860254
3841,0.860254
3842,0.8604
3843,0.861035
3844,0.860693
3845,0.85835
3846,0.857422
3847,0.858154
3848,0.858105
3849,0.85791
3850,0.858057
3851,0.858154
3852,0.857861
3853,0.85835
3854,0.857959
3855,0.857031
3856,0.857666
3857,0.857764
3858,0.856836
3859,0.857031
3860,0.856592
3861,0.857129
3862,0.857764
3863,0.857422
3864,0.85791
3865,0.857373
3866,0.857422
3867,0.857227
3868,0.857129
3869,0.857471
3870,0.859863
3871,0.859863
3872,0.858838
3873,0.859375
3874,0.859619
3875,0.859863
3876,0.860693
3877,0.860693
3878,0.860156
3879,0.859424
3880,0.859912
3881,0.859814
3882,0.860107
3883,0.860156
3884,0.860449
3885,0.859717
3886,0.859961
3887,0.859473
3888,0.859033
3889,0.859277
3890,0.858203
3891,0.859082
3892,0.85918
3893,0.859619
3894,0.859229
3895,0.861279
3896,0.859912
3897,0.858691
3898,0.858887
3899,0.858057
3900,0.857227
3901,0.855029
3902,0.855322
3903,0.857129
3904,0.857129
3905,0.85835
3906,0.859424
3907,0.858057
3908,0.857959
3909,0.857812
3910,0.858154
3911,0.858984
3912,0.858496
3913,0.858496
3914,0.857617
3915,0.858447
3916,0.858398
3917,0.858057
3918,0.858496
3919,0.858008
3920,0.859326
3921,0.858984
3922,0.85957
3923,0.860107
3924,0.860889
3925,0.86001
3926,0.860156
3927,0.860059
3928,0.859668
3929,0.859912
3930,0.859473
3931,0.859521
3932,0.857861
3933,0.859717
3934,0.859033
3935,0.85918
3936,0.86001
3937,0.85957
3938,0.859375
3939,0.85918
3940,0.859082
3941,0.859912
3942,0.859131
3943,0.859277
3944,0.859326
3945,0.860498
3946,0.860156
3947,0.860107
3948,0.8604
3949,0.860742
3950,0.859912
3951,0.859766
3952,0.859521
3953,0.859473
3954,0.859668
3955,0.860205
3956,0.859863
3957,0.859961
3958,0.859521
3959,0.859668
3960,0.859814
3961,0.859766
3962,0.858789
3963,0.858838
3964,0.859033
3965,0.858008
3966,0.858398
3967,0.859326
3968,0.859229
3969,0.859375
3970,0.861133
3971,0.862061
3972,0.862402
3973,0.862549
3974,0.862061
3975,0.861426
3976,0.861035
3977,0.861182
3978,0.860791
3979,0.860742
3980,0.86123
3981,0.861572
3982,0.858984
3983,0.860059
3984,0.85625
3985,0.855811
3986,0.854346
3987,0.85625
3988,0.856445
3989,0.858154
3990,0.860059
3991,0.860156
3992,0.860742
3993,0.860938
3994,0.860938
3995,0.86084
3996,0.86084
3997,0.860889
3998,0.861084
3999,0.861035
4000,0.861133
4001,0.86001
4002,0.85957
4003,0.859229
4004,0.858887
4005,0.859619
4006,0.859033
4007,0.858545
4008,0.858789
4009,0.858887
4010,0.858887
4011,0.858447
4012,0.858936
4013,0.859033
4014,0.858838
4015,0.85874
4016,0.858643
4017,0.858691
4018,0.858301
4019,0.858447
4020,0.862256
4021,0.861914
4022,0.860205
4023,0.861133
4024,0.859814
4025,0.859424
4026,0.859668
4027,0.859863
4028,0.858154
4029,0.857373
4030,0.857324
4031,0.856982
4032,0.856445
4033,0.856787
4034,0.857666
4035,0.858105
4036,0.858057
4037,0.857568
4038,0.85874
4039,0.85791
4040,0.857373
4041,0.858398
4042,0.858008
4043,0.857861
4044,0.85791
4045,0.861719
4046,0.861621
4047,0.861621
4048,0.861719
4049,0.86123
4050,0.861572
4051,0.861377
4052,0.861377
4053,0.860986
4054,0.860352
4055,0.860352
4056,0.860254
4057,0.859961
4058,0.860059
4059,0.859521
4060,0.85957
4061,0.860107
4062,0.86001
4063,0.859961
4064,0.859814
4065,0.859766
4066,0.859766
4067,0.859668
4068,0.860107
4069,0.859814
4070,0.859473
4071,0.859277
4072,0.858545
4073,0.858838
4074,0.858301
4075,0.858643
4076,0.858984
4077,0.857324
4078,0.85791
4079,0.857812
4080,0.857812
4081,0.857227
4082,0.857422
4083,0.85708
4084,0.85708
4085,0.857129
4086,0.857227
4087,0.857178
4088,0.857422
4089,0.857178
4090,0.85791
4091,0.85791
4092,0.857715
4093,0.857764
4094,0.857812
4095,0.862451
4096,0.862354
4097,0.862207
4098,0.862207
4099,0.861328
4100,0.860449
4101,0.8604
4102,0.860498
4103,0.860693
4104,0.860742
4105,0.860938
4106,0.861035
4107,0.860547
4108,0.859082
4109,0.858252
4110,0.858105
4111,0.85752
4112,0.857715
4113,0.857715
4114,0.857373
4115,0.856934
4116,0.857568
4117,0.857617
4118,0.857715
4119,0.857666
4120,0.859863
4121,0.86001
4122,0.859717
4123,0.859961
4124,0.860254
4125,0.860352
4126,0.859912
4127,0.859424
4128,0.858984
4129,0.85918
4130,0.859375
4131,0.858398
4132,0.857861
4133,0.857275
4134,0.857422
4135,0.856396
4136,0.857129
4137,0.856348
4138,0.856396
4139,0.857715
4140,0.857129
4141,0.857324
4142,0.856543
4143,0.85708
4144,0.857275
4145,0.85874
4146,0.857617
4147,0.858008
4148,0.858838
4149,0.85835
4150,0.857617
4151,0.858984
4152,0.858545
4153,0.857324
4154,0.857666
4155,0.85791
4156,0.857324
4157,0.85625
4158,0.856885
4159,0.855176
4160,0.856055
4161,0.85498
4162,0.853369
4163,0.852539
4164,0.852588
4165,0.852637
4166,0.85249
4167,0.85293
4168,0.852637
4169,0.851807
4170,0.853516
4171,0.850098
4172,0.851025
4173,0.849707
4174,0.850049
4175,0.848975
4176,0.84707
4177,0.847656
4178,0.847363
4179,0.846387
4180,0.846631
4181,0.847021
4182,0.847363
4183,0.848145
4184,0.853564
4185,0.855664
4186,0.857764
4187,0.856836
4188,0.857275
4189,0.85918
4190,0.864209
4191,0.864404
4192,0.862061
4193,0.865625
4194,0.866016
4195,0.866602
4196,0.866553
4197,0.870166
4198,0.869922
4199,0.871875
4200,0.870801
4201,0.868799
4202,0.867969
4203,0.867871
4204,0.865479
4205,0.863086
4206,0.862549
4207,0.86626
4208,0.863379
4209,0.865625
4210,0.864062
4211,0.862207
4212,0.863867
4213,0.860938
4214,0.861133
4215,0.861621
4216,0.861572
4217,0.862256
4218,0.863184
4219,0.869092
4220,0.868311
4221,0.865137
4222,0.873584
4223,0.876904
4224,0.872363
4225,0.872754
4226,0.878955
4227,0.878271
4228,0.878955
4229,0.878516
4230,0.883838
4231,0.885107
4232,0.889209
4233,0.889209
4234,0.890869
4235,0.895947
4236,0.895996
4237,0.896777
4238,0.896533
4239,0.900293
4240,0.898389
4241,0.901514
4242,0.897803
4243,0.9
4244,0.900928
4245,0.905908
4246,0.902588
4247,0.900635
4248,0.896094
4249,0.891553
4250,0.890918
4251,0.891162
4252,0.888818
4253,0.886768
4254,0.884082
4255,0.88291
4256,0.878076
4257,0.878906
4258,0.876025
4259,0.877002
4260,0.876904
4261,0.872559
4262,0.871289
4263,0.87207
4264,0.871875
4265,0.872803
4266,0.87041
4267,0.872998
4268,0.875537
4269,0.874805
4270,0.872949
4271,0.871924
4272,0.874072
4273,0.875098
4274,0.882861
4275,0.885107
4276,0.883545
4277,0.886035
4278,0.884961
4279,0.884473
4280,0.889844
4281,0.888574
4282,0.894434
4283,0.89707
4284,0.897217
4285,0.902539
4286,0.904541
4287,0.908447
4288,0.906348
4289,0.908594
4290,0.910449
4291,0.910547
4292,0.916162
4293,0.914062
4294,0.911377
4295,0.903418
4296,0.90498
4297,0.904346
4298,0.897461
4299,0.898096
4300,0.896924
4301,0.890967
4302,0.89458
4303,0.892139
4304,0.891846
4305,0.889307
4306,0.886279
4307,0.887891
4308,0.882471
4309,0.880957
4310,0.884424
4311,0.883887
4312,0.889062
4313,0.889551
4314,0.886279
4315,0.887939
4316,0.883691
4317,0.88623
4318,0.880371
4319,0.876367
4320,0.873682
4321,0.871484
4322,0.873193
4323,0.868311
4324,0.864648
4325,0.858496
4326,0.860352
4327,0.860938
4328,0.86333
4329,0.859668
4330,0.862109
4331,0.864697
4332,0.862793
4333,0.867236
4334,0.870801
4335,0.864307
4336,0.864551
4337,0.858691
4338,0.855518
4339,0.851416
4340,0.850391
4341,0.848779
4342,0.839746
4343,0.842871
4344,0.842041
4345,0.834473
4346,0.831104
4347,0.828564
4348,0.826953
4349,0.821582
4350,0.82334
4351,0.821826
4352,0.82666
4353,0.823242
4354,0.822607
4355,0.821924
4356,0.823926
4357,0.818652
4358,0.817822
4359,0.819971
4360,0.821533
4361,0.820898
4362,0.822949
4363,0.82793
4364,0.830029
4365,0.834473
4366,0.836816
4367,0.839746
4368,0.84126
4369,0.842187
4370,0.847363
4371,0.8479
4372,0.848682
4373,0.850342
4374,0.851758
4375,0.856445
4376,0.859863
4377,0.860498
4378,0.858398
4379,0.853809
4380,0.850391
4381,0.852344
4382,0.857471
4383,0.854443
4384,0.856641
4385,0.855859
4386,0.857422
4387,0.862793
4388,0.859912
4389,0.863672
4390,0.866504
4391,0.862842
4392,0.864697
4393,0.866895
4394,0.852148
4395,0.850293
4396,0.852441
4397,0.853516
4398,0.849414
4399,0.849854
4400,0.851514
4401,0.850586
4402,0.844678
4403,0.840918
4404,0.835889
4405,0.838379
4406,0.833203
4407,0.830713
4408,0.825146
4409,0.797949
4410,0.79375
4411,0.781396
4412,0.775537
4413,0.765137
4414,0.778027
4415,0.781738
4416,0.781494
4417,0.793848
4418,0.800244
4419,0.80166
4420,0.819189
4421,0.833008
4422,0.836523
4423,0.842578
4424,0.847949
4425,0.846924
4426,0.842822
4427,0.836523
4428,0.837158
4429,0.836377
4430,0.831055
4431,0.833252
4432,0.82417
4433,0.824414
4434,0.826709
4435,0.822949
4436,0.819189
4437,0.816992
4438,0.812451
4439,0.80874
4440,0.802832
4441,0.803516
4442,0.802246
4443,0.799707
4444,0.800391
4445,0.798779
4446,0.796631
4447,0.793018
4448,0.790479
4449,0.790039
4450,0.787158
4451,0.78501
4452,0.782129
4453,0.77749
4454,0.762646
4455,0.756738
4456,0.756348
4457,0.752637
4458,0.749219
4459,0.739258
4460,0.731299
4461,0.728906
4462,0.729785
4463,0.729883
4464,0.726904
4465,0.727197
4466,0.723242
4467,0.721387
4468,0.728613
4469,0.732227
4470,0.726807
4471,0.727393
4472,0.725342
4473,0.730664
4474,0.736475
4475,0.740723
4476,0.74209
4477,0.746436
4478,0.744727
4479,0.738086
4480,0.734473
4481,0.737256
4482,0.736328
4483,0.725684
4484,0.730322
4485,0.733838
4486,0.738867
4487,0.732666
4488,0.731787
4489,0.731152
4490,0.734912
4491,0.74292
4492,0.746826
4493,0.747754
4494,0.749268
4495,0.743115
4496,0.757129
4497,0.76001
4498,0.770459
4499,0.777441
4500,0.779199
4501,0.778955
4502,0.788721
4503,0.785693
4504,0.796484
4505,0.809277
4506,0.812646
4507,0.836523
4508,0.844336
4509,0.840869
4510,0.857422
4511,0.861279
4512,0.864014
4513,0.876807
4514,0.873389
4515,0.876318
4516,0.894287
4517,0.896094
4518,0.893115
4519,0.893799
4520,0.903125
4521,0.904199
4522,0.903711
4523,0.903027
4524,0.898877
4525,0.900391
4526,0.896484
4527,0.894727
4528,0.895752
4529,0.899561
4530,0.899414
4531,0.901953
4532,0.897021
4533,0.893213
4534,0.894971
4535,0.891748
4536,0.895068
4537,0.894336
4538,0.8979
4539,0.897559
4540,0.899023
4541,0.898291
4542,0.894287
4543,0.902051
4544,0.899414
4545,0.903174
4546,0.896582
4547,0.894336
4548,0.892041
4549,0.883154
4550,0.882422
4551,0.878174
4552,0.879102
4553,0.871826
4554,0.86665
4555,0.866406
4556,0.854688
4557,0.856055
4558,0.84873
4559,0.845898
4560,0.849561
4561,0.841846
4562,0.846143
4563,0.837939
4564,0.840674
4565,0.832617
4566,0.829932
4567,0.831885
4568,0.835254
4569,0.837695
4570,0.844141
4571,0.842969
4572,0.841553
4573,0.84585
4574,0.844531
4575,0.843066
4576,0.845654
4577,0.836719
4578,0.834912
4579,0.829395
4580,0.820557
4581,0.816895
4582,0.819824
4583,0.811328
4584,0.812695
4585,0.800537
4586,0.807324
4587,0.807568
4588,0.801514
4589,0.804004
4590,0.809814
4591,0.812354
4592,0.816748
4593,0.821924
4594,0.824463
4595,0.834326
4596,0.836182
4597,0.837646
4598,0.843604
4599,0.84126
4600,0.837744
4601,0.839453
4602,0.836719
4603,0.825586
4604,0.823193
4605,0.820996
4606,0.817236
4607,0.809814
4608,0.805615
4609,0.809277
4610,0.80459
4611,0.810205
4612,0.815967
4613,0.824512
4614,0.82251
4615,0.829688
4616,0.831494
4617,0.831836
4618,0.831934
4619,0.827979
4620,0.823682
4621,0.827197
4622,0.832471
4623,0.826953
4624,0.820312
4625,0.820752
4626,0.817236
4627,0.814014
4628,0.807471
4629,0.801416
4630,0.796533
4631,0.788916
4632,0.789404
4633,0.782568
4634,0.779785
4635,0.772559
4636,0.773145
4637,0.771777
4638,0.76543
4639,0.769629
4640,0.772363
4641,0.776221
4642,0.779541
4643,0.781787
4644,0.782764
4645,0.788184
4646,0.795898
4647,0.793945
4648,0.792529
4649,0.794531
4650,0.793066
4651,0.801855
4652,0.800781
4653,0.8021
4654,0.800781
4655,0.80415
4656,0.807227
4657,0.811719
4658,0.818555
4659,0.82041
4660,0.822949
4661,0.828467
4662,0.829932
4663,0.835107
4664,0.838281
4665,0.839648
4666,0.843164
4667,0.844775
4668,0.841846
4669,0.839111
4670,0.83667
4671,0.833008
4672,0.828223
4673,0.825537
4674,0.824316
4675,0.815918
4676,0.803564
4677,0.80083
4678,0.797754
4679,0.794336
4680,0.7771
4681,0.760205
4682,0.753076
4683,0.743994
4684,0.740576
4685,0.722119
4686,0.710986
4687,0.701758
4688,0.695459
4689,0.690479
4690,0.682178
4691,0.681396
4692,0.677979
4693,0.679102
4694,0.679053
4695,0.674561
4696,0.678809
4697,0.68208
4698,0.680859
4699,0.683887
4700,0.685254
4701,0.688086
4702,0.690967
4703,0.7
4704,0.7
4705,0.706494
4706,0.712158
4707,0.71665
4708,0.725439
4709,0.725049
4710,0.727734
4711,0.741406
4712,0.74917
4713,0.747949
4714,0.779834
4715,0.78208
4716,0.777881
4717,0.776318
4718,0.781299
4719,0.78374
4720,0.807813
4721,0.811377
4722,0.808691
4723,0.804004
4724,0.802344
4725,0.805762
4726,0.806201
4727,0.813672
4728,0.817236
4729,0.82417
4730,0.824854
4731,0.825977
4732,0.82793
4733,0.832031
4734,0.835938
4735,0.840918
4736,0.841699
4737,0.842725
4738,0.850977
4739,0.850098
4740,0.848975
4741,0.853662
4742,0.856152
4743,0.858789
4744,0.856445
4745,0.856641
4746,0.839551
4747,0.819189
4748,0.814893
4749,0.805078
4750,0.731836
4751,0.713184
4752,0.706543
4753,0.688428
4754,0.630469
4755,0.615527
4756,0.586035
4757,0.558691
4758,0.547461
4759,0.527002
4760,0.468311
4761,0.455762
4762,0.438721
4763,0.424707
4764,0.418018
4765,0.406885
4766,0.394922
4767,0.386621
4768,0.372119
4769,0.370215
4770,0.347021
4771,0.342383
4772,0.335205
4773,0.333691
4774,0.330713
4775,0.323096
4776,0.320898
4777,0.314453
4778,0.308789
4779,0.30498
4780,0.299316
4781,0.294775
4782,0.292578
4783,0.288379
4784,0.281885
4785,0.27793
4786,0.269922
4787,0.262939
4788,0.258203
4789,0.246826
4790,0.236572
4791,0.232617
4792,0.225928
4793,0.215869
4794,0.211963
4795,0.203857
4796,0.2
4797,0.198437
4798,0.193848
4799,0.18999
4800,0.187793
4801,0.184131
4802,0.182324
4803,0.181689
4804,0.181738
4805,0.18208
4806,0.182959
4807,0.183203
4808,0.183105
4809,0.182666
4810,0.181738
4811,0.179834
4812,0.17832
4813,0.175195
4814,0.172217
4815,0.168799
4816,0.168262
4817,0.167529
4818,0.167334
4819,0.166357
4820,0.152979
4821,0.152734
4822,0.152881
4823,0.153223
4824,0.153125
4825,0.153369
4826,0.153613
4827,0.153613
4828,0.153662
4829,0.153809
4830,0.15376
4831,0.153955
4832,0.154004
4833,0.153125
4834,0.151514
4835,0.15127
4836,0.151514
4837,0.151709
4838,0.15166
4839,0.15166
4840,0.152002
4841,0.152002
4842,0.151758
4843,0.151855
4844,0.151709
4845,0.152246
4846,0.152197
4847,0.152246
4848,0.151611
4849,0.151416
4850,0.15166
4851,0.151758
4852,0.151611
4853,0.151562
4854,0.150928
4855,0.150781
4856,0.150879
4857,0.150781
4858,0.151123
4859,0.152295
4860,0.152734
4861,0.152783
4862,0.152637
4863,0.152588
4864,0.152148
4865,0.152441
4866,0.152148
4867,0.152539
4868,0.152539
4869,0.151953
4870,0.151953
4871,0.152148
4872,0.152295
4873,0.152246
4874,0.151953
4875,0.152197
4876,0.152002
4877,0.152002
4878,0.151758
4879,0.15166
4880,0.151807
4881,0.151611
4882,0.151807
4883,0.151855
4884,0.148145
4885,0.148193
4886,0.148145
4887,0.148438
4888,0.148486
4889,0.148584
4890,0.148633
4891,0.14834
4892,0.148291
4893,0.148389
4894,0.148975
4895,0.149756
4896,0.149658
4897,0.148779
4898,0.14834
4899,0.148633
4900,0.148535
4901,0.148584
4902,0.148633
4903,0.148389
4904,0.148291
4905,0.148682
4906,0.148584
4907,0.148535
4908,0.148291
4909,0.149609
4910,0.149512
4911,0.149902
4912,0.150488
4913,0.150146
4914,0.150439
4915,0.150244
4916,0.150244
4917,0.151758
4918,0.160059
4919,0.165479
4920,0.178516
4921,0.192383
4922,0.200537
4923,0.21709
4924,0.229248
4925,0.233887
4926,0.241602
4927,0.249072
4928,0.253857
4929,0.259229
4930,0.260889
4931,0.263721
4932,0.262305
4933,0.281836
4934,0.292822
4935,0.304053
4936,0.330225
4937,0.336572
4938,0.348096
4939,0.395215
4940,0.403467
4941,0.426123
4942,0.443164
4943,0.451953
4944,0.453027
4945,0.463867
4946,0.466406
4947,0.472363
4948,0.478223
4949,0.478662
4950,0.471436
4951,0.459473
4952,0.453857
4953,0.447217
4954,0.436621
4955,0.4354
4956,0.415625
4957,0.396729
4958,0.392725
4959,0.355859
4960,0.343848
4961,0.333594
4962,0.322461
4963,0.310156
4964,0.306689
4965,0.287109
4966,0.262402
4967,0.252148
4968,0.244434
4969,0.243066
4970,0.241357
4971,0.246045
4972,0.25293
4973,0.254883
4974,0.267285
4975,0.277979
4976,0.283936
4977,0.293604
4978,0.302393
4979,0.303027
4980,0.311328
4981,0.311475
4982,0.312646
4983,0.307959
4984,0.304443
4985,0.303564
4986,0.301855
4987,0.298975
4988,0.296338
4989,0.295068
4990,0.283105
4991,0.277832
4992,0.269385
4993,0.271826
4994,0.269434
4995,0.261475
4996,0.255469
4997,0.252588
4998,0.243701
4999,0.241357
5000,0.242285
5001,0.239795
5002,0.236084
5003,0.238428
5004,0.238086
5005,0.235352
5006,0.234131
5007,0.231885
5008,0.235889
5009,0.22959
5010,0.230566
5011,0.22793
5012,0.22666
5013,0.219873
5014,0.216113
5015,0.217188
5016,0.214746
5017,0.21084
5018,0.208301
5019,0.20498
5020,0.1979
5021,0.195898
5022,0.194385
5023,0.192383
5024,0.194775
5025,0.197559
5026,0.202246
5027,0.205029
5028,0.206641
5029,0.203906
5030,0.203125
5031,0.200586
5032,0.196094
5033,0.191943
5034,0.178271
5035,0.178223
5036,0.177783
5037,0.176904
5038,0.174463
5039,0.17417
5040,0.173389
5041,0.172021
5042,0.169336
5043,0.167627
5044,0.165674
5045,0.164893
5046,0.166406
5047,0.168994
5048,0.170605
5049,0.176318
5050,0.182324
5051,0.1854
5052,0.191943
5053,0.197754
5054,0.202539
5055,0.212402
5056,0.223828
5057,0.229687
5058,0.239893
5059,0.26626
5060,0.270801
5061,0.282031
5062,0.294189
5063,0.315381
5064,0.339697
5065,0.358203
5066,0.365576
5067,0.375781
5068,0.390039
5069,0.393066
5070,0.406592
5071,0.419873
5072,0.428613
5073,0.445605
5074,0.465137
5075,0.474902
5076,0.493457
5077,0.510107
5078,0.515381
5079,0.529492
5080,0.5396
5081,0.544922
5082,0.552344
5083,0.556836
5084,0.563867
5085,0.567578
5086,0.552002
5087,0.551611
5088,0.541748
5089,0.49707
5090,0.479883
5091,0.456152
5092,0.384619
5093,0.376514
5094,0.35835
5095,0.342334
5096,0.339209
5097,0.326953
5098,0.320996
5099,0.316455
5100,0.304004
5101,0.294727
5102,0.286719
5103,0.269971
5104,0.25249
5105,0.241992
5106,0.221875
5107,0.214062
5108,0.207959
5109,0.189014
5110,0.188281
5111,0.188916
5112,0.191113
5113,0.191846
5114,0.195508
5115,0.198926
5116,0.202197
5117,0.20332
5118,0.206104
5119,0.200732
5120,0.201758
5121,0.199756
5122,0.189551
5123,0.18501
5124,0.17583
5125,0.164062
5126,0.158984
5127,0.148486
5128,0.142334
5129,0.139404
5130,0.133691
5131,0.128027
5132,0.127393
5133,0.1271
5134,0.126367
5135,0.1271
5136,0.127295
5137,0.127197
5138,0.127051
5139,0.127002
5140,0.12749
5141,0.127441
5142,0.12749
5143,0.127588
5144,0.12749
5145,0.127783
5146,0.128271
5147,0.128467
5148,0.128662
5149,0.128613
5150,0.128271
5151,0.127979
5152,0.128223
5153,0.128369
5154,0.128906
5155,0.129053
5156,0.129004
5157,0.128906
5158,0.12876
5159,0.128223
5160,0.128516
5161,0.129395
5162,0.128955
5163,0.12876
5164,0.129053
5165,0.129053
5166,0.12915
5167,0.129248
5168,0.12915
5169,0.129297
5170,0.129248
5171,0.129297
5172,0.129736
5173,0.129688
5174,0.129932
5175,0.130078
5176,0.129883
5177,0.129834
5178,0.129834
5179,0.129736
5180,0.130029
5181,0.130176
5182,0.130225
5183,0.130078
5184,0.127148
5185,0.127539
5186,0.127686
5187,0.128223
5188,0.12832
5189,0.12832
5190,0.128467
5191,0.128369
5192,0.128369
5193,0.12832
5194,0.128174
5195,0.128125
5196,0.128418
5197,0.128955
5198,0.129443
5199,0.129492
5200,0.129199
5201,0.128955
5202,0.128955
5203,0.128809
5204,0.12876
5205,0.128711
5206,0.128613
5207,0.128711
5208,0.128906
5209,0.129248
5210,0.129346
5211,0.129639
5212,0.129443
5213,0.129688
5214,0.12959
5215,0.129541
5216,0.129541
5217,0.129492
5218,0.12959
5219,0.129541
5220,0.127051
5221,0.12749
5222,0.12749
5223,0.127637
5224,0.12793
5225,0.128369
5226,0.128174
5227,0.128369
5228,0.128418
5229,0.128418
5230,0.128467
5231,0.128223
5232,0.12832
5233,0.128271
5234,0.128271
5235,0.128271
5236,0.128564
5237,0.128662
5238,0.128662
5239,0.12876
5240,0.12876
5241,0.128955
5242,0.128906
5243,0.128809
5244,0.12876
5245,0.126123
5246,0.126318
5247,0.127295
5248,0.127148
5249,0.127002
5250,0.127197
5251,0.126611
5252,0.126953
5253,0.127002
5254,0.1271
5255,0.127295
5256,0.127246
5257,0.12749
5258,0.131055
5259,0.135156
5260,0.143994
5261,0.15376
5262,0.158594
5263,0.168311
5264,0.179297
5265,0.183838
5266,0.195166
5267,0.209619
5268,0.214795
5269,0.228662
5270,0.248584
5271,0.252783
5272,0.263428
5273,0.268066
5274,0.274268
5275,0.282373
5276,0.287158
5277,0.291943
5278,0.295312
5279,0.297852
5280,0.3021
5281,0.30166
5282,0.303369
5283,0.30249
5284,0.300146
5285,0.298096
5286,0.296094
5287,0.293896
5288,0.293262
5289,0.291406
5290,0.291406
5291,0.294678
5292,0.296484
5293,0.300586
5294,0.305176
5295,0.304199
5296,0.315088
5297,0.341162
5298,0.345313
5299,0.366357
5300,0.383643
5301,0.391699
5302,0.407275
5303,0.440234
5304,0.449561
5305,0.464697
5306,0.478516
5307,0.490381
5308,0.502832
5309,0.518652
5310,0.522412
5311,0.53418
5312,0.543311
5313,0.550586
5314,0.561133
5315,0.570215
5316,0.574805
5317,0.579639
5318,0.582373
5319,0.5896
5320,0.606201
5321,0.611963
5322,0.611914
5323,0.613818
5324,0.60918
5325,0.608105
5326,0.608008
5327,0.605762
5328,0.60708
5329,0.606787
5330,0.604443
5331,0.601758
5332,0.598047
5333,0.592773
5334,0.589697
5335,0.584668
5336,0.579834
5337,0.577295
5338,0.574023
5339,0.57168
5340,0.570752
5341,0.569336
5342,0.567383
5343,0.559814
5344,0.567139
5345,0.534668
5346,0.540332
5347,0.545752
5348,0.5479
5349,0.547119
5350,0.547656
5351,0.549365
5352,0.550098
5353,0.554004
5354,0.56123
5355,0.561279
5356,0.564355
5357,0.56543
5358,0.566162
5359,0.567139
5360,0.569189
5361,0.570459
5362,0.571729
5363,0.536768
5364,0.5375
5365,0.536719
5366,0.535156
5367,0.532715
5368,0.509131
5369,0.501221
5370,0.486523
5371,0.490039
5372,0.494971
5373,0.49624
5374,0.496191
5375,0.496484
5376,0.494287
5377,0.489941
5378,0.489697
5379,0.489111
5380,0.487744
5381,0.484766
5382,0.478955
5383,0.474219
5384,0.468506
5385,0.4625
5386,0.459473
5387,0.455029
5388,0.451514
5389,0.446533
5390,0.449463
5391,0.44458
5392,0.445801
5393,0.439648
5394,0.440234
5395,0.436328
5396,0.436279
5397,0.440234
5398,0.446973
5399,0.452832
5400,0.454346
5401,0.456885
5402,0.457275
5403,0.461475
5404,0.47002
5405,0.473877
5406,0.475049
5407,0.480615
5408,0.48374
5409,0.485645
5410,0.491748
5411,0.492725
5412,0.491797
5413,0.494922
5414,0.497461
5415,0.499219
5416,0.4979
5417,0.500684
5418,0.501953
5419,0.506201
5420,0.498193
5421,0.500635
5422,0.504736
5423,0.511572
5424,0.513281
5425,0.520898
5426,0.525635
5427,0.526465
5428,0.533252
5429,0.536768
5430,0.535742
5431,0.539648
5432,0.541016
5433,0.54165
5434,0.54292
5435,0.547461
5436,0.547852
5437,0.547217
5438,0.54751
5439,0.547852
5440,0.553174
5441,0.556445
5442,0.559912
5443,0.560107
5444,0.56626
5445,0.561914
5446,0.568896
5447,0.568604
5448,0.570117
5449,0.572852
5450,0.579639
5451,0.582715
5452,0.585352
5453,0.585352
5454,0.590186
5455,0.5896
5456,0.59082
5457,0.590186
5458,0.590234
5459,0.591113
5460,0.591699
5461,0.593359
5462,0.598193
5463,0.601465
5464,0.606494
5465,0.613623
5466,0.611133
5467,0.617529
5468,0.617236
5469,0.622607
5470,0.63623
5471,0.641357
5472,0.641943
5473,0.64209
5474,0.643555
5475,0.643506
5476,0.643652
5477,0.644482
5478,0.64248
5479,0.646582
5480,0.646094
5481,0.645947
5482,0.646631
5483,0.649463
5484,0.64834
5485,0.648193
5486,0.647656
5487,0.647217
5488,0.648535
5489,0.649121
5490,0.649658
5491,0.650781
5492,0.650879
5493,0.651465
5494,0.650537
5495,0.66958
5496,0.670654
5497,0.674561
5498,0.678223
5499,0.686523
5500,0.702002
5501,0.711084
5502,0.724951
5503,0.736377
5504,0.744775
5505,0.745801
5506,0.751123
5507,0.767529
5508,0.775586
5509,0.778076
5510,0.780859
5511,0.784229
5512,0.794287
5513,0.794629
5514,0.796924
5515,0.799414
5516,0.80459
5517,0.806641
5518,0.807227
5519,0.808838
5520,0.82793
5521,0.829297
5522,0.827295
5523,0.825293
5524,0.828564
5525,0.829492
5526,0.828418
5527,0.82832
5528,0.829297
5529,0.829199
5530,0.828955
5531,0.829834
5532,0.834131
5533,0.831396
5534,0.831445
5535,0.832324
5536,0.831787
5537,0.832275
5538,0.832568
5539,0.831299
5540,0.831494
5541,0.830225
5542,0.829248
5543,0.829883
5544,0.829639
5545,0.837207
5546,0.836182
5547,0.836572
5548,0.835742
5549,0.836963
5550,0.837695
5551,0.837598
5552,0.838428
5553,0.8375
5554,0.837646
5555,0.836523
5556,0.835693
5557,0.835791
5558,0.834961
5559,0.835645
5560,0.835059
5561,0.834814
5562,0.836133
5563,0.836133
5564,0.835693
5565,0.835986
5566,0.834912
5567,0.835889
5568,0.8354
5569,0.83501
5570,0.828906
5571,0.826953
5572,0.8271
5573,0.824463
5574,0.821484
5575,0.820801
5576,0.820947
5577,0.82085
5578,0.821094
5579,0.821436
5580,0.821631
5581,0.820752
5582,0.820557
5583,0.82085
5584,0.819775
5585,0.8229
5586,0.819531
5587,0.819775
5588,0.821777
5589,0.822998
5590,0.823242
5591,0.824854
5592,0.825342
5593,0.825146
5594,0.825
5595,0.824854
5596,0.826074
5597,0.822363
5598,0.824658
5599,0.825684
5600,0.824463
5601,0.825098
5602,0.824854
5603,0.825195
5604,0.825
5605,0.823975
5606,0.824609
5607,0.824463
5608,0.824658
5609,0.825732
5610,0.82334
5611,0.824951
5612,0.822754
5613,0.823096
5614,0.821631
5615,0.823193
5616,0.821777
5617,0.820898
5618,0.819824
5619,0.816797
5620,0.815967
5621,0.817383
5622,0.816016
5623,0.814795
5624,0.814502
5625,0.813184
5626,0.813281
5627,0.813184
5628,0.813281
5629,0.813037
5630,0.812012
5631,0.81333
5632,0.811768
5633,0.813086
5634,0.812598
5635,0.812256
5636,0.815234
5637,0.81416
5638,0.815625
5639,0.815137
5640,0.815527
5641,0.815234
5642,0.817627
5643,0.818311
5644,0.815625
5645,0.820312
5646,0.81875
5647,0.818506
5648,0.819434
5649,0.817383
5650,0.818848
5651,0.817578
5652,0.815674
5653,0.81626
5654,0.811279
5655,0.810986
5656,0.810498
5657,0.810693
5658,0.809424
5659,0.808887
5660,0.809033
5661,0.809131
5662,0.809229
5663,0.809375
5664,0.810254
5665,0.810205
5666,0.80957
5667,0.810303
5668,0.809912
5669,0.80835
5670,0.804492
5671,0.804492
5672,0.806396
5673,0.806494
5674,0.805225
5675,0.804785
5676,0.806299
5677,0.806885
5678,0.806299
5679,0.806885
5680,0.808057
5681,0.808252
5682,0.807129
5683,0.806494
5684,0.806006
5685,0.806396
5686,0.806445
5687,0.806152
5688,0.806738
5689,0.806738
5690,0.806396
5691,0.806055
5692,0.806055
5693,0.806104
5694,0.806006
5695,0.812109
5696,0.811963
5697,0.812061
5698,0.811963
5699,0.812939
5700,0.813184
5701,0.810693
5702,0.809473
5703,0.808301
5704,0.808398
5705,0.808154
5706,0.806934
5707,0.806934
5708,0.807129
5709,0.806934
5710,0.806104
5711,0.806201
5712,0.80542
5713,0.80415
5714,0.804199
5715,0.803906
5716,0.804932
5717,0.804834
5718,0.805469
5719,0.804932
5720,0.808301
5721,0.807764
5722,0.80874
