framenum,queue density
1,0.258275
2,0.253611
3,0.251215
4,0.247072
5,0.243472
6,0.242789
7,0.243322
8,0.248368
9,0.249109
10,0.256586
11,0.265822
12,0.270069
13,0.280093
14,0.289641
15,0.292315
16,0.299687
17,0.306215
18,0.307801
19,0.314317
20,0.314583
21,0.318681
22,0.322419
23,0.327211
24,0.328565
25,0.329074
26,0.327373
27,0.32662
28,0.322407
29,0.321991
30,0.321343
31,0.319699
32,0.32059
33,0.319514
34,0.318889
35,0.321042
36,0.321227
37,0.320822
38,0.322326
39,0.323831
40,0.322593
41,0.32419
42,0.324456
43,0.321319
44,0.320775
45,0.308924
46,0.308854
47,0.307245
48,0.30625
49,0.30463
50,0.304005
51,0.303287
52,0.301296
53,0.3011
54,0.299757
55,0.298854
56,0.298461
57,0.297766
58,0.297836
59,0.297986
60,0.298171
61,0.297431
62,0.298519
63,0.29669
64,0.29647
65,0.296539
66,0.295602
67,0.295694
68,0.294363
69,0.294514
70,0.288947
71,0.289653
72,0.290706
73,0.292361
74,0.294155
75,0.294421
76,0.296632
77,0.295949
78,0.2961
79,0.294248
80,0.296134
81,0.297292
82,0.298796
83,0.301852
84,0.303495
85,0.307812
86,0.314653
87,0.316701
88,0.324919
89,0.333426
90,0.335613
91,0.342697
92,0.348854
93,0.351424
94,0.358843
95,0.368461
96,0.371088
97,0.377384
98,0.382882
99,0.3886
100,0.393218
101,0.398403
102,0.4011
103,0.405463
104,0.40735
105,0.407813
106,0.407442
107,0.40772
108,0.407454
109,0.406042
110,0.402917
111,0.405058
112,0.401065
113,0.400579
114,0.399468
115,0.396713
116,0.39625
117,0.393218
118,0.391562
119,0.390463
120,0.380914
121,0.384062
122,0.388333
123,0.391435
124,0.397627
125,0.401505
126,0.404144
127,0.408542
128,0.411562
129,0.413426
130,0.415903
131,0.420544
132,0.421852
133,0.424977
134,0.426968
135,0.427824
136,0.430382
137,0.431991
138,0.432049
139,0.433171
140,0.430961
141,0.431574
142,0.428287
143,0.429167
144,0.428403
145,0.418715
146,0.41853
147,0.419861
148,0.417963
149,0.417662
150,0.415787
151,0.412708
152,0.410116
153,0.408345
154,0.406875
155,0.40206
156,0.399294
157,0.396157
158,0.391736
159,0.391343
160,0.387778
161,0.387083
162,0.38559
163,0.384155
164,0.381424
165,0.379826
166,0.378264
167,0.375741
168,0.375903
169,0.375891
170,0.368866
171,0.369653
172,0.368727
173,0.366713
174,0.365891
175,0.363808
176,0.363657
177,0.362697
178,0.362998
179,0.362465
180,0.361366
181,0.361794
182,0.360139
183,0.35934
184,0.359618
185,0.359606
186,0.358889
187,0.357419
188,0.356366
189,0.356389
190,0.355856
191,0.355891
192,0.355532
193,0.354097
194,0.353113
195,0.350255
196,0.350428
197,0.35088
198,0.350556
199,0.35037
200,0.350278
201,0.350058
202,0.350185
203,0.350069
204,0.350012
205,0.349549
206,0.349132
207,0.348935
208,0.348484
209,0.348924
210,0.348762
211,0.349468
212,0.349259
213,0.349155
214,0.348785
215,0.349178
216,0.349919
217,0.349549
218,0.349595
219,0.349606
220,0.349444
221,0.349931
222,0.349641
223,0.350023
224,0.349595
225,0.349618
226,0.348819
227,0.349757
228,0.349375
229,0.349271
230,0.349109
231,0.349537
232,0.3489
233,0.349433
234,0.348993
235,0.349306
236,0.349618
237,0.349028
238,0.348762
239,0.347743
240,0.347257
241,0.347049
242,0.347998
243,0.34728
244,0.347593
245,0.346007
246,0.346944
247,0.34662
248,0.346806
249,0.347928
250,0.348634
251,0.348646
252,0.348356
253,0.348403
254,0.348472
255,0.348148
256,0.348785
257,0.349375
258,0.349236
259,0.348889
260,0.348854
261,0.348981
262,0.348264
263,0.348044
264,0.34728
265,0.34713
266,0.346713
267,0.346655
268,0.346343
269,0.346204
270,0.342465
271,0.342083
272,0.342315
273,0.341887
274,0.341875
275,0.341262
276,0.340509
277,0.340231
278,0.339676
279,0.339259
280,0.339537
281,0.340891
282,0.341725
283,0.343113
284,0.344375
285,0.344525
286,0.344873
287,0.345961
288,0.346343
289,0.346562
290,0.345972
291,0.345243
292,0.344965
293,0.343912
294,0.343322
295,0.33963
296,0.339109
297,0.338704
298,0.337558
299,0.336667
300,0.336308
301,0.335764
302,0.33581
303,0.335208
304,0.335405
305,0.335648
306,0.336007
307,0.336377
308,0.336713
309,0.336655
310,0.336968
311,0.33713
312,0.336817
313,0.336539
314,0.337164
315,0.337488
316,0.337512
317,0.337396
318,0.337245
319,0.337106
320,0.339711
321,0.340255
322,0.340023
323,0.340289
324,0.340903
325,0.340799
326,0.341146
327,0.34125
328,0.341262
329,0.341123
330,0.341181
331,0.341389
332,0.341713
333,0.341782
334,0.341898
335,0.342037
336,0.342072
337,0.342072
338,0.341863
339,0.341979
340,0.342477
341,0.342743
342,0.342789
343,0.344826
344,0.347234
345,0.34941
346,0.352269
347,0.354734
348,0.355694
349,0.359016
350,0.360764
351,0.361528
352,0.364074
353,0.365799
354,0.367234
355,0.368634
356,0.370463
357,0.371505
358,0.372859
359,0.374456
360,0.374942
361,0.376134
362,0.377106
363,0.377188
364,0.377211
365,0.376736
366,0.376076
367,0.375995
368,0.374676
369,0.37419
370,0.367697
371,0.367766
372,0.368299
373,0.36765
374,0.36647
375,0.366123
376,0.365775
377,0.365139
378,0.364005
379,0.362975
380,0.362095
381,0.36191
382,0.361204
383,0.360718
384,0.360266
385,0.360729
386,0.362801
387,0.361991
388,0.364896
389,0.366563
390,0.367442
391,0.371748
392,0.375764
393,0.377037
394,0.381134
395,0.378391
396,0.38015
397,0.384387
398,0.387234
399,0.387731
400,0.389676
401,0.391609
402,0.392512
403,0.394479
404,0.395775
405,0.396632
406,0.398576
407,0.400706
408,0.401713
409,0.406262
410,0.408993
411,0.410741
412,0.413576
413,0.41669
414,0.418218
415,0.422928
416,0.425787
417,0.426771
418,0.429954
419,0.432477
420,0.432454
421,0.438576
422,0.441088
423,0.441944
424,0.448854
425,0.454363
426,0.456273
427,0.462141
428,0.467222
429,0.470081
430,0.47559
431,0.480752
432,0.484502
433,0.490752
434,0.49684
435,0.497951
436,0.50272
437,0.507674
438,0.509502
439,0.514537
440,0.518727
441,0.52235
442,0.525544
443,0.52838
444,0.529572
445,0.538889
446,0.540949
447,0.541667
448,0.544988
449,0.548657
450,0.548947
451,0.552986
452,0.554178
453,0.554317
454,0.556042
455,0.558588
456,0.559155
457,0.560394
458,0.564144
459,0.564931
460,0.566968
461,0.570162
462,0.571169
463,0.573056
464,0.575486
465,0.576771
466,0.578773
467,0.57985
468,0.580058
469,0.580498
470,0.595938
471,0.596632
472,0.59691
473,0.597836
474,0.596944
475,0.597338
476,0.597558
477,0.598495
478,0.599618
479,0.600984
480,0.601238
481,0.603021
482,0.602211
483,0.601076
484,0.602616
485,0.602639
486,0.602303
487,0.602465
488,0.602176
489,0.602627
490,0.602407
491,0.603437
492,0.603356
493,0.603437
494,0.604456
495,0.603657
496,0.60338
497,0.604479
498,0.604595
499,0.604722
500,0.604271
501,0.603958
502,0.603796
503,0.603322
504,0.603426
505,0.603715
506,0.602662
507,0.60184
508,0.601887
509,0.600856
510,0.600972
511,0.600694
512,0.601169
513,0.601354
514,0.603935
515,0.605961
516,0.607002
517,0.614699
518,0.6214
519,0.625822
520,0.644988
521,0.64625
522,0.650995
523,0.657164
524,0.666273
525,0.670671
526,0.675
527,0.678958
528,0.682697
529,0.683403
530,0.687593
531,0.688993
532,0.690706
533,0.689583
534,0.691204
535,0.692419
536,0.692546
537,0.692211
538,0.692928
539,0.69331
540,0.693206
541,0.694398
542,0.696042
543,0.695891
544,0.696389
545,0.710463
546,0.709965
547,0.70941
548,0.708044
549,0.70713
550,0.70735
551,0.705799
552,0.706586
553,0.706447
554,0.705289
555,0.704433
556,0.702928
557,0.702674
558,0.702697
559,0.701169
560,0.700185
561,0.701331
562,0.701065
563,0.700972
564,0.700984
565,0.701539
566,0.700394
567,0.701123
568,0.701262
569,0.701273
570,0.695312
571,0.696759
572,0.695266
573,0.695498
574,0.695266
575,0.694676
576,0.694271
577,0.693843
578,0.69397
579,0.693588
580,0.693333
581,0.693252
582,0.692569
583,0.692836
584,0.693287
585,0.692639
586,0.692963
587,0.693032
588,0.69353
589,0.693588
590,0.693507
591,0.693009
592,0.693819
593,0.69735
594,0.698935
595,0.717164
596,0.721042
597,0.723738
598,0.729815
599,0.73162
600,0.734815
601,0.735949
602,0.736667
603,0.73735
604,0.738472
605,0.7386
606,0.739178
607,0.742396
608,0.747755
609,0.749363
610,0.755671
611,0.756933
612,0.758669
613,0.759861
614,0.761204
615,0.762431
616,0.763044
617,0.763796
618,0.763727
619,0.762963
620,0.785162
621,0.784062
622,0.783704
623,0.783958
624,0.783623
625,0.783148
626,0.783009
627,0.784745
628,0.783819
629,0.784016
630,0.785544
631,0.790278
632,0.791829
633,0.796273
634,0.797847
635,0.797824
636,0.80059
637,0.801725
638,0.80191
639,0.805417
640,0.806181
641,0.806053
642,0.806852
643,0.807303
644,0.806759
645,0.818287
646,0.8186
647,0.818935
648,0.817951
649,0.81816
650,0.817419
651,0.818391
652,0.81875
653,0.817419
654,0.823056
655,0.825729
656,0.826157
657,0.825197
658,0.826134
659,0.823924
660,0.823866
661,0.823762
662,0.821898
663,0.825544
664,0.824896
665,0.823044
666,0.822581
667,0.822037
668,0.821447
669,0.821377
670,0.820521
671,0.819688
672,0.819294
673,0.819074
674,0.818356
675,0.817187
676,0.81831
677,0.817708
678,0.818148
679,0.81838
680,0.817407
681,0.817639
682,0.81735
683,0.816713
684,0.816424
685,0.815891
686,0.814109
687,0.814028
688,0.812766
689,0.812257
690,0.810324
691,0.809155
692,0.809907
693,0.81015
694,0.809907
695,0.815417
696,0.814387
697,0.813322
698,0.813426
699,0.813102
700,0.811134
701,0.810787
702,0.812569
703,0.81235
704,0.815995
705,0.816285
706,0.819421
707,0.818009
708,0.82125
709,0.821192
710,0.824016
711,0.824769
712,0.826181
713,0.826528
714,0.82728
715,0.827523
716,0.827535
717,0.827812
718,0.828194
719,0.828785
720,0.836782
721,0.837836
722,0.838322
723,0.838576
724,0.83831
725,0.838414
726,0.838426
727,0.838437
728,0.838843
729,0.839144
730,0.839352
731,0.839606
732,0.839931
733,0.839676
734,0.839167
735,0.839329
736,0.838866
737,0.838993
738,0.839167
739,0.83919
740,0.83934
741,0.839294
742,0.839167
743,0.839236
744,0.839271
745,0.840174
746,0.840532
747,0.840324
748,0.839954
749,0.839942
750,0.840069
751,0.840336
752,0.840324
753,0.840081
754,0.840035
755,0.840081
756,0.840382
757,0.840544
758,0.840741
759,0.841065
760,0.841146
761,0.841192
762,0.840845
763,0.841528
764,0.841782
765,0.842211
766,0.842407
767,0.842523
768,0.842569
769,0.842593
770,0.84669
771,0.846516
772,0.846562
773,0.84625
774,0.846111
775,0.846343
776,0.845903
777,0.846366
778,0.845984
779,0.845984
780,0.846007
781,0.84603
782,0.845799
783,0.845394
784,0.845509
785,0.845255
786,0.845532
787,0.84559
788,0.845567
789,0.845764
790,0.845521
791,0.845938
792,0.845509
793,0.84515
794,0.844722
795,0.843229
796,0.842627
797,0.842685
798,0.842523
799,0.84272
800,0.842998
801,0.842373
802,0.841655
803,0.841921
804,0.84206
805,0.842222
806,0.841771
807,0.841829
808,0.842257
809,0.841354
810,0.841215
811,0.839919
812,0.839919
813,0.840822
814,0.841655
815,0.842535
816,0.842998
817,0.843507
818,0.843079
819,0.843391
820,0.845752
821,0.845509
822,0.845012
823,0.845752
824,0.846019
825,0.846644
826,0.847049
827,0.847222
828,0.847859
829,0.847882
830,0.848102
831,0.84831
832,0.848299
833,0.849005
834,0.849005
835,0.848877
836,0.849086
837,0.849167
838,0.849086
839,0.849387
840,0.849306
841,0.849433
842,0.849421
843,0.849294
844,0.849815
845,0.851053
846,0.850949
847,0.851458
848,0.851806
849,0.85169
850,0.851042
851,0.85125
852,0.851123
853,0.850914
854,0.850995
855,0.851019
856,0.851019
857,0.851227
858,0.850741
859,0.850498
860,0.850324
861,0.849977
862,0.850359
863,0.850405
864,0.850012
865,0.849734
866,0.849606
867,0.84985
868,0.84985
869,0.85015
870,0.848472
871,0.84809
872,0.847975
873,0.847894
874,0.847546
875,0.847639
876,0.847731
877,0.847951
878,0.848287
879,0.848206
880,0.848542
881,0.848218
882,0.8486
883,0.8486
884,0.848565
885,0.848912
886,0.848993
887,0.848993
888,0.849155
889,0.849178
890,0.849606
891,0.849282
892,0.849259
893,0.849363
894,0.849479
895,0.849734
896,0.849988
897,0.85015
898,0.850289
899,0.850417
900,0.850255
901,0.84985
902,0.850012
903,0.850046
904,0.850069
905,0.851771
906,0.85206
907,0.851944
908,0.851678
909,0.851748
910,0.85191
911,0.852118
912,0.852106
913,0.852072
914,0.852431
915,0.852616
916,0.852801
917,0.852338
918,0.851655
919,0.851215
920,0.850938
921,0.851076
922,0.851273
923,0.851343
924,0.851262
925,0.851528
926,0.851481
927,0.851331
928,0.85125
929,0.851192
930,0.849618
931,0.849468
932,0.849606
933,0.84956
934,0.849491
935,0.849306
936,0.849259
937,0.848924
938,0.848611
939,0.848519
940,0.848264
941,0.847905
942,0.84765
943,0.847836
944,0.847824
945,0.847789
946,0.848032
947,0.848032
948,0.847905
949,0.848229
950,0.847963
951,0.84809
952,0.848044
953,0.848125
954,0.848113
955,0.849884
956,0.849398
957,0.849421
958,0.849167
959,0.84934
960,0.849063
961,0.849317
962,0.849271
963,0.849468
964,0.849444
965,0.849942
966,0.85
967,0.85015
968,0.850012
969,0.850127
970,0.849769
971,0.84941
972,0.849444
973,0.848854
974,0.848542
975,0.848519
976,0.848646
977,0.848044
978,0.848032
979,0.84765
980,0.846238
981,0.846562
982,0.846829
983,0.847072
984,0.847593
985,0.848171
986,0.848704
987,0.848472
988,0.848692
989,0.848623
990,0.848588
991,0.848299
992,0.848507
993,0.848576
994,0.848692
995,0.848738
996,0.848449
997,0.848345
998,0.848484
999,0.848657
1000,0.849259
1001,0.849421
1002,0.849537
1003,0.849664
1004,0.849792
1005,0.85037
1006,0.850093
1007,0.849525
1008,0.849433
1009,0.849317
1010,0.849144
1011,0.8475
1012,0.847569
1013,0.847211
1014,0.847419
1015,0.847176
1016,0.847269
1017,0.847604
1018,0.84735
1019,0.847836
1020,0.848137
1021,0.848113
1022,0.848032
1023,0.847558
1024,0.847303
1025,0.846725
1026,0.846829
1027,0.846748
1028,0.846551
1029,0.846435
1030,0.84691
1031,0.84706
1032,0.846875
1033,0.846898
1034,0.846875
1035,0.846852
1036,0.848634
1037,0.848368
1038,0.848183
1039,0.84765
1040,0.847766
1041,0.847975
1042,0.847998
1043,0.847708
1044,0.848264
1045,0.848079
1046,0.848137
1047,0.847998
1048,0.847847
1049,0.847431
1050,0.847245
1051,0.847396
1052,0.847187
1053,0.847708
1054,0.847338
1055,0.847072
1056,0.847095
1057,0.847454
1058,0.847477
1059,0.847812
1060,0.847986
1061,0.847025
1062,0.847049
1063,0.846771
1064,0.84684
1065,0.847002
1066,0.847407
1067,0.847326
1068,0.847222
1069,0.84691
1070,0.847164
1071,0.847257
1072,0.847975
1073,0.847975
1074,0.847743
1075,0.848056
1076,0.847639
1077,0.84772
1078,0.847894
1079,0.848009
1080,0.847639
1081,0.847558
1082,0.847384
1083,0.847442
1084,0.847442
1085,0.847465
1086,0.846979
1087,0.847234
1088,0.846516
1089,0.846644
1090,0.846759
1091,0.846991
1092,0.846921
1093,0.846725
1094,0.846794
1095,0.84684
1096,0.846956
1097,0.847049
1098,0.846678
1099,0.847303
1100,0.847095
1101,0.846852
1102,0.84684
1103,0.846713
1104,0.846655
1105,0.846377
1106,0.846215
1107,0.84588
1108,0.846192
1109,0.846181
1110,0.846204
1111,0.846331
1112,0.8461
1113,0.8464
1114,0.846782
1115,0.846725
1116,0.846493
1117,0.846505
1118,0.846366
1119,0.846806
1120,0.847373
1121,0.847384
1122,0.847373
1123,0.847396
1124,0.847234
1125,0.847141
1126,0.847164
1127,0.846597
1128,0.845613
1129,0.845671
1130,0.845602
1131,0.845359
1132,0.845463
1133,0.845544
1134,0.845081
1135,0.845648
1136,0.846076
1137,0.845903
1138,0.845706
1139,0.845324
1140,0.845671
1141,0.845833
1142,0.846065
1143,0.845116
1144,0.845718
1145,0.845579
1146,0.845
1147,0.844896
1148,0.845255
1149,0.845579
1150,0.845451
1151,0.84559
1152,0.846736
1153,0.847037
1154,0.847176
1155,0.846875
1156,0.846875
1157,0.846493
1158,0.846586
1159,0.846412
1160,0.846412
1161,0.845255
1162,0.844803
1163,0.844873
1164,0.84434
1165,0.844699
1166,0.844803
1167,0.844572
1168,0.84537
1169,0.845648
1170,0.845926
1171,0.846562
1172,0.847303
1173,0.846829
1174,0.847731
1175,0.848137
1176,0.847454
1177,0.847801
1178,0.848067
1179,0.847535
1180,0.846956
1181,0.847199
1182,0.847407
1183,0.84684
1184,0.847083
1185,0.847164
1186,0.847083
1187,0.847002
1188,0.847199
1189,0.847326
1190,0.847095
1191,0.847523
1192,0.846968
1193,0.84691
1194,0.847315
1195,0.847153
1196,0.846968
1197,0.847384
1198,0.847245
1199,0.847512
1200,0.846713
1201,0.846562
1202,0.846655
1203,0.846806
1204,0.846782
1205,0.846366
1206,0.846516
1207,0.846632
1208,0.846782
1209,0.84662
1210,0.84669
1211,0.849792
1212,0.849456
1213,0.849016
1214,0.848958
1215,0.849086
1216,0.84897
1217,0.848808
1218,0.849063
1219,0.848889
1220,0.848831
1221,0.848854
1222,0.848727
1223,0.848542
1224,0.848472
1225,0.848426
1226,0.848519
1227,0.8489
1228,0.848634
1229,0.848623
1230,0.848623
1231,0.848264
1232,0.84809
1233,0.847604
1234,0.847755
1235,0.847234
1236,0.844826
1237,0.84419
1238,0.844097
1239,0.843785
1240,0.843981
1241,0.844028
1242,0.843935
1243,0.844537
1244,0.844525
1245,0.844329
1246,0.845035
1247,0.84544
1248,0.845255
1249,0.845532
1250,0.844965
1251,0.845891
1252,0.845579
1253,0.845567
1254,0.845648
1255,0.845822
1256,0.845961
1257,0.845718
1258,0.845544
1259,0.845532
1260,0.845637
1261,0.846042
1262,0.845706
1263,0.845938
1264,0.846354
1265,0.8461
1266,0.845961
1267,0.84581
1268,0.845694
1269,0.845486
1270,0.846019
1271,0.845752
1272,0.846215
1273,0.84581
1274,0.845451
1275,0.846215
1276,0.846435
1277,0.846597
1278,0.846678
1279,0.847292
1280,0.847025
1281,0.847257
1282,0.847593
1283,0.847755
1284,0.847662
1285,0.84728
1286,0.846285
1287,0.846157
1288,0.84603
1289,0.845914
1290,0.845567
1291,0.845567
1292,0.845521
1293,0.845787
1294,0.845718
1295,0.84581
1296,0.845764
1297,0.844815
1298,0.845243
1299,0.845671
1300,0.845822
1301,0.845995
1302,0.845949
1303,0.846319
1304,0.846574
1305,0.846481
1306,0.846343
1307,0.846632
1308,0.846736
1309,0.846447
1310,0.845961
1311,0.8464
1312,0.846435
1313,0.846458
1314,0.846562
1315,0.846273
1316,0.845972
1317,0.845926
1318,0.8464
1319,0.846447
1320,0.846551
1321,0.84662
1322,0.846794
1323,0.846863
1324,0.847176
1325,0.846898
1326,0.84706
1327,0.846991
1328,0.847315
1329,0.847187
1330,0.847442
1331,0.847373
1332,0.847326
1333,0.847014
1334,0.846944
1335,0.847303
1336,0.846921
1337,0.846771
1338,0.84669
1339,0.8475
1340,0.847604
1341,0.847905
1342,0.847674
1343,0.847118
1344,0.847141
1345,0.846725
1346,0.847049
1347,0.84713
1348,0.847245
1349,0.846644
1350,0.846528
1351,0.846181
1352,0.846377
1353,0.846539
1354,0.846123
1355,0.846111
1356,0.846296
1357,0.846435
1358,0.846389
1359,0.845787
1360,0.846181
1361,0.846366
1362,0.846146
1363,0.846204
1364,0.845856
1365,0.845613
1366,0.845104
1367,0.844861
1368,0.84478
1369,0.844236
1370,0.844016
1371,0.844711
1372,0.845799
1373,0.845938
1374,0.845475
1375,0.845891
1376,0.846076
1377,0.846215
1378,0.846157
1379,0.846053
1380,0.846065
1381,0.846574
1382,0.846516
1383,0.846505
1384,0.846528
1385,0.847164
1386,0.846574
1387,0.846597
1388,0.847037
1389,0.847083
1390,0.84691
1391,0.84691
1392,0.847859
1393,0.847604
1394,0.847998
1395,0.84816
1396,0.848715
1397,0.848391
1398,0.848866
1399,0.849097
1400,0.849618
1401,0.849352
1402,0.849444
1403,0.849282
1404,0.849815
1405,0.850127
1406,0.850243
1407,0.850139
1408,0.850486
1409,0.850729
1410,0.850972
1411,0.850394
1412,0.85088
1413,0.850972
1414,0.850799
1415,0.850984
1416,0.85088
1417,0.851065
1418,0.851562
1419,0.851389
1420,0.851424
1421,0.851296
1422,0.850891
1423,0.85125
1424,0.851516
1425,0.852083
1426,0.851794
1427,0.851979
1428,0.852338
1429,0.851933
1430,0.851632
1431,0.851146
1432,0.851863
1433,0.851308
1434,0.851725
1435,0.851424
1436,0.852836
1437,0.85419
1438,0.853079
1439,0.853102
1440,0.854317
1441,0.853681
1442,0.853877
1443,0.853958
1444,0.855787
1445,0.855451
1446,0.856065
1447,0.858171
1448,0.857581
1449,0.857882
1450,0.858183
1451,0.857963
1452,0.85809
1453,0.857546
1454,0.858935
1455,0.858356
1456,0.856817
1457,0.856366
1458,0.856123
1459,0.856713
1460,0.855671
1461,0.858252
1462,0.857812
1463,0.856574
1464,0.857454
1465,0.858773
1466,0.858796
1467,0.859884
1468,0.859873
1469,0.859664
1470,0.860417
1471,0.861678
1472,0.860984
1473,0.860926
1474,0.862222
1475,0.86162
1476,0.86287
1477,0.862049
1478,0.865012
1479,0.862245
1480,0.86125
1481,0.862789
1482,0.864387
1483,0.865301
1484,0.865104
1485,0.866354
1486,0.867731
1487,0.868414
1488,0.868912
1489,0.869178
1490,0.868866
1491,0.871412
1492,0.873299
1493,0.873843
1494,0.877014
1495,0.879236
1496,0.879456
1497,0.880012
1498,0.879363
1499,0.876817
1500,0.876389
1501,0.871863
1502,0.871412
1503,0.869583
1504,0.868102
1505,0.867523
1506,0.867164
1507,0.867546
1508,0.866586
1509,0.865046
1510,0.86566
1511,0.868808
1512,0.868403
1513,0.871424
1514,0.871458
1515,0.873588
1516,0.872917
1517,0.873981
1518,0.874248
1519,0.874942
1520,0.87375
1521,0.874583
1522,0.870856
1523,0.872106
1524,0.872731
1525,0.871516
1526,0.874537
1527,0.876157
1528,0.87816
1529,0.87831
1530,0.877407
1531,0.877222
1532,0.878229
1533,0.878542
1534,0.879155
1535,0.879479
1536,0.877338
1537,0.876447
1538,0.873021
1539,0.873958
1540,0.872674
1541,0.873241
1542,0.872569
1543,0.871574
1544,0.874271
1545,0.872824
1546,0.874699
1547,0.874965
1548,0.874988
1549,0.874583
1550,0.87338
1551,0.875174
1552,0.876088
1553,0.877882
1554,0.87853
1555,0.880428
1556,0.879074
1557,0.879931
1558,0.882245
1559,0.882477
1560,0.88206
1561,0.88213
1562,0.880139
1563,0.879109
1564,0.87559
1565,0.87522
1566,0.87485
1567,0.874074
1568,0.875405
1569,0.875266
1570,0.876817
1571,0.876528
1572,0.876296
1573,0.877627
1574,0.877141
1575,0.876667
1576,0.877766
1577,0.877014
1578,0.877396
1579,0.876713
1580,0.879282
1581,0.878773
1582,0.878391
1583,0.881296
1584,0.882859
1585,0.884074
1586,0.885046
1587,0.884549
1588,0.883241
1589,0.885359
1590,0.882245
1591,0.882153
1592,0.882083
1593,0.878229
1594,0.872535
1595,0.872188
1596,0.867558
1597,0.865706
1598,0.863252
1599,0.860509
1600,0.858391
1601,0.857199
1602,0.858646
1603,0.85787
1604,0.858287
1605,0.858426
1606,0.860382
1607,0.86191
1608,0.858275
1609,0.859861
1610,0.858715
1611,0.863681
1612,0.862407
1613,0.860521
1614,0.864028
1615,0.867014
1616,0.866794
1617,0.866539
1618,0.865475
1619,0.863611
1620,0.862454
1621,0.860648
1622,0.861169
1623,0.867106
1624,0.866157
1625,0.868681
1626,0.865949
1627,0.866644
1628,0.866053
1629,0.865938
1630,0.86522
1631,0.864838
1632,0.864722
1633,0.86184
1634,0.861574
1635,0.861215
1636,0.861146
1637,0.863102
1638,0.865741
1639,0.867153
1640,0.867315
1641,0.867106
1642,0.867338
1643,0.865509
1644,0.8664
1645,0.865266
1646,0.865972
1647,0.866863
1648,0.86522
1649,0.862859
1650,0.858634
1651,0.861331
1652,0.86044
1653,0.859861
1654,0.855891
1655,0.855799
1656,0.854861
1657,0.850845
1658,0.850451
1659,0.846713
1660,0.84941
1661,0.852234
1662,0.85353
1663,0.855845
1664,0.855579
1665,0.852581
1666,0.854722
1667,0.8561
1668,0.855822
1669,0.857593
1670,0.857407
1671,0.860093
1672,0.859653
1673,0.861296
1674,0.862199
1675,0.861736
1676,0.861597
1677,0.857674
1678,0.854815
1679,0.854664
1680,0.853449
1681,0.849502
1682,0.844317
1683,0.841562
1684,0.838588
1685,0.835718
1686,0.83059
1687,0.834016
1688,0.833356
1689,0.837581
1690,0.835926
1691,0.836019
1692,0.839352
1693,0.842211
1694,0.842523
1695,0.84015
1696,0.836551
1697,0.834988
1698,0.836748
1699,0.83809
1700,0.83309
1701,0.829861
1702,0.829884
1703,0.830012
1704,0.829051
1705,0.83294
1706,0.834861
1707,0.839988
1708,0.843495
1709,0.844745
1710,0.846667
1711,0.844931
1712,0.845359
1713,0.846331
1714,0.838646
1715,0.837477
1716,0.835521
1717,0.833773
1718,0.83331
1719,0.833877
1720,0.833333
1721,0.835035
1722,0.833877
1723,0.836562
1724,0.836852
1725,0.842002
1726,0.84735
1727,0.847986
1728,0.85191
1729,0.854097
1730,0.858449
1731,0.855579
1732,0.849433
1733,0.844583
1734,0.831632
1735,0.823819
1736,0.799387
1737,0.801181
1738,0.798704
1739,0.794931
1740,0.78985
1741,0.779838
1742,0.779734
1743,0.777292
1744,0.762188
1745,0.760451
1746,0.760069
1747,0.766875
1748,0.7186
1749,0.716285
1750,0.716597
1751,0.714248
1752,0.711887
1753,0.668403
1754,0.6636
1755,0.654132
1756,0.649676
1757,0.646319
1758,0.643449
1759,0.636192
1760,0.630799
1761,0.619676
1762,0.612685
1763,0.609537
1764,0.598588
1765,0.589317
1766,0.58838
1767,0.602731
1768,0.610914
1769,0.616759
1770,0.622419
1771,0.630856
1772,0.642755
1773,0.654699
1774,0.657801
1775,0.662141
1776,0.679688
1777,0.688009
1778,0.693947
1779,0.699144
1780,0.704537
1781,0.70566
1782,0.702222
1783,0.696076
1784,0.693438
1785,0.684653
1786,0.684514
1787,0.687419
1788,0.68787
1789,0.682164
1790,0.67875
1791,0.66934
1792,0.661979
1793,0.659884
1794,0.650729
1795,0.640833
1796,0.636701
1797,0.629618
1798,0.622905
1799,0.624722
1800,0.619549
1801,0.621493
1802,0.621644
1803,0.62287
1804,0.625394
1805,0.626933
1806,0.628912
1807,0.630324
1808,0.633044
1809,0.631458
1810,0.630127
1811,0.61809
1812,0.622708
1813,0.622361
1814,0.621933
1815,0.621667
1816,0.619271
1817,0.61838
1818,0.612118
1819,0.604051
1820,0.600949
1821,0.599792
1822,0.588935
1823,0.584063
1824,0.583391
1825,0.577199
1826,0.573079
1827,0.564688
1828,0.553912
1829,0.550093
1830,0.544213
1831,0.544063
1832,0.542627
1833,0.539144
1834,0.530984
1835,0.526655
1836,0.511157
1837,0.515995
1838,0.517257
1839,0.521366
1840,0.524491
1841,0.524757
1842,0.52838
1843,0.527153
1844,0.525868
1845,0.527269
1846,0.532998
1847,0.532396
1848,0.538021
1849,0.540012
1850,0.54103
1851,0.539977
1852,0.539699
1853,0.537639
1854,0.531192
1855,0.521354
1856,0.516968
1857,0.508495
1858,0.506539
1859,0.501771
1860,0.496065
1861,0.489444
1862,0.488171
1863,0.48772
1864,0.482801
1865,0.478646
1866,0.464421
1867,0.457118
1868,0.453356
1869,0.448819
1870,0.446551
1871,0.446771
1872,0.45147
1873,0.457338
1874,0.460069
1875,0.466991
1876,0.475683
1877,0.476944
1878,0.487095
1879,0.495648
1880,0.496991
1881,0.501586
1882,0.513252
1883,0.500833
1884,0.488484
1885,0.492546
1886,0.484433
1887,0.490347
1888,0.494676
1889,0.500567
1890,0.507454
1891,0.515613
1892,0.51728
1893,0.529086
1894,0.541065
1895,0.544606
1896,0.544028
1897,0.537975
1898,0.525394
1899,0.522593
1900,0.525197
1901,0.529155
1902,0.543796
1903,0.556285
1904,0.565197
1905,0.580394
1906,0.615845
1907,0.628079
1908,0.651019
1909,0.670359
1910,0.679097
1911,0.683877
1912,0.691238
1913,0.696725
1914,0.706366
1915,0.713623
1916,0.717465
1917,0.727627
1918,0.741308
1919,0.743356
1920,0.74588
1921,0.754005
1922,0.753113
1923,0.754039
1924,0.754884
1925,0.719873
1926,0.707894
1927,0.697558
1928,0.689097
1929,0.672778
1930,0.652755
1931,0.643843
1932,0.625498
1933,0.54544
1934,0.530312
1935,0.511123
1936,0.474028
1937,0.471389
1938,0.458044
1939,0.445382
1940,0.433576
1941,0.424375
1942,0.419664
1943,0.428067
1944,0.425405
1945,0.419537
1946,0.417442
1947,0.403275
1948,0.391076
1949,0.390521
1950,0.377859
1951,0.373484
1952,0.369479
1953,0.363206
1954,0.358218
1955,0.359572
1956,0.356042
1957,0.349387
1958,0.344699
1959,0.338843
1960,0.334919
1961,0.334178
1962,0.330058
1963,0.327535
1964,0.32647
1965,0.320532
1966,0.314861
1967,0.313877
1968,0.307627
1969,0.30265
1970,0.298576
1971,0.289942
1972,0.278623
1973,0.271817
1974,0.253356
1975,0.241921
1976,0.236505
1977,0.228275
1978,0.222338
1979,0.219583
1980,0.215
1981,0.210347
1982,0.207789
1983,0.203206
1984,0.200579
1985,0.197431
1986,0.174271
1987,0.173241
1988,0.174097
1989,0.173194
1990,0.173611
1991,0.173264
1992,0.173252
1993,0.172963
1994,0.172755
1995,0.17228
1996,0.172731
1997,0.171204
1998,0.168287
1999,0.168044
2000,0.166354
2001,0.165324
2002,0.170648
2003,0.174815
2004,0.181493
2005,0.193148
2006,0.201435
2007,0.212928
2008,0.226562
2009,0.234861
2010,0.253356
2011,0.266377
2012,0.271377
2013,0.306285
2014,0.324363
2015,0.354213
2016,0.381782
2017,0.401354
2018,0.427373
2019,0.45559
2020,0.467512
2021,0.470359
2022,0.482384
2023,0.49985
2024,0.512836
2025,0.543148
2026,0.574873
2027,0.592593
2028,0.622789
2029,0.652847
2030,0.663692
2031,0.684167
2032,0.684167
2033,0.682766
2034,0.682488
2035,0.68147
2036,0.690961
2037,0.699907
2038,0.685648
2039,0.692442
2040,0.695868
2041,0.696968
2042,0.659514
2043,0.640729
2044,0.580266
2045,0.564259
2046,0.532708
2047,0.508692
2048,0.495266
2049,0.474942
2050,0.454352
2051,0.444039
2052,0.431528
2053,0.41022
2054,0.403773
2055,0.38522
2056,0.374641
2057,0.367083
2058,0.349815
2059,0.333877
2060,0.324745
2061,0.298218
2062,0.287697
2063,0.282836
2064,0.281794
2065,0.277766
2066,0.275382
2067,0.27103
2068,0.269907
2069,0.271146
2070,0.271505
2071,0.272766
2072,0.273391
2073,0.273333
2074,0.267546
2075,0.265081
2076,0.258877
2077,0.247384
2078,0.243634
2079,0.226921
2080,0.214757
2081,0.209236
2082,0.197454
2083,0.188056
2084,0.184213
2085,0.179155
2086,0.167072
2087,0.166678
2088,0.167384
2089,0.167419
2090,0.167361
2091,0.166852
2092,0.166759
2093,0.167095
2094,0.166412
2095,0.166829
2096,0.167419
2097,0.168171
2098,0.167836
2099,0.167813
2100,0.169201
2101,0.17228
2102,0.174942
2103,0.179954
2104,0.185995
2105,0.19
2106,0.197002
2107,0.205081
2108,0.20875
2109,0.218472
2110,0.233472
2111,0.240035
2112,0.264294
2113,0.290312
2114,0.297338
2115,0.338183
2116,0.357963
2117,0.387766
2118,0.428576
2119,0.48287
2120,0.500856
2121,0.541748
2122,0.565856
2123,0.610336
2124,0.656007
2125,0.678461
2126,0.699167
2127,0.732975
2128,0.77816
2129,0.795868
2130,0.812049
2131,0.82662
2132,0.837234
2133,0.849595
2134,0.856701
2135,0.859896
2136,0.887697
2137,0.891146
2138,0.89235
2139,0.893322
2140,0.892674
2141,0.893403
2142,0.889873
2143,0.889109
2144,0.8861
2145,0.885532
2146,0.88478
2147,0.884606
2148,0.885868
2149,0.890602
2150,0.890498
2151,0.887905
2152,0.85978
2153,0.855984
2154,0.8139
2155,0.783241
2156,0.776157
2157,0.736829
2158,0.712199
2159,0.703183
2160,0.690926
2161,0.645972
2162,0.648287
2163,0.648889
2164,0.648252
2165,0.649271
2166,0.650301
2167,0.647975
2168,0.646782
2169,0.644433
2170,0.642847
2171,0.64272
2172,0.636875
2173,0.63706
2174,0.635127
2175,0.630938
2176,0.583403
2177,0.569676
2178,0.548079
2179,0.520532
2180,0.483727
2181,0.443218
2182,0.416713
2183,0.405914
2184,0.39125
2185,0.362512
2186,0.315949
2187,0.306632
2188,0.30066
2189,0.298229
2190,0.288067
2191,0.275949
2192,0.273426
2193,0.265729
2194,0.255544
2195,0.251956
2196,0.244201
2197,0.234398
2198,0.231759
2199,0.225579
2200,0.218449
2201,0.215197
2202,0.206134
2203,0.201019
2204,0.197813
2205,0.195336
2206,0.193565
2207,0.192766
2208,0.191701
2209,0.189028
2210,0.187512
2211,0.176863
2212,0.172234
2213,0.170775
2214,0.16772
2215,0.166181
2216,0.164572
2217,0.164016
2218,0.161574
2219,0.161597
2220,0.162072
2221,0.161701
2222,0.161759
2223,0.161597
2224,0.159977
2225,0.160775
2226,0.160949
2227,0.161273
2228,0.160995
2229,0.161771
2230,0.160683
2231,0.160509
2232,0.161123
2233,0.161285
2234,0.161192
2235,0.161806
2236,0.161181
2237,0.160428
2238,0.162025
2239,0.161817
2240,0.162708
2241,0.163576
2242,0.16272
2243,0.162338
2244,0.161887
2245,0.163368
2246,0.163808
2247,0.164826
2248,0.165324
2249,0.164201
2250,0.16412
2251,0.164745
2252,0.16463
2253,0.165903
2254,0.165845
2255,0.165868
2256,0.164988
2257,0.164572
2258,0.165313
2259,0.166528
2260,0.166551
2261,0.165949
2262,0.165394
2263,0.166771
2264,0.167396
2265,0.167743
2266,0.169271
2267,0.169815
2268,0.172928
2269,0.181956
2270,0.184884
2271,0.194664
2272,0.203935
2273,0.20831
2274,0.217847
2275,0.227697
2276,0.233056
2277,0.244884
2278,0.256146
2279,0.26088
2280,0.27044
2281,0.277789
2282,0.281042
2283,0.286609
2284,0.291713
2285,0.29316
2286,0.290613
2287,0.294954
2288,0.299178
2289,0.301042
2290,0.300752
2291,0.301435
2292,0.300556
2293,0.298924
2294,0.293102
2295,0.286354
2296,0.279005
2297,0.277546
2298,0.270752
2299,0.266944
2300,0.268715
2301,0.272141
2302,0.274745
2303,0.276667
2304,0.278634
2305,0.284722
2306,0.287257
2307,0.287176
2308,0.287743
2309,0.286632
2310,0.283935
2311,0.277894
2312,0.278021
2313,0.274537
2314,0.274398
2315,0.27566
2316,0.270417
2317,0.268889
2318,0.269595
2319,0.26934
2320,0.268032
2321,0.266898
2322,0.264109
2323,0.256088
2324,0.25434
2325,0.251435
2326,0.249595
2327,0.248356
2328,0.241204
2329,0.237431
2330,0.233009
2331,0.226875
2332,0.219005
2333,0.214942
2334,0.207546
2335,0.200914
2336,0.194213
2337,0.189722
2338,0.186574
2339,0.183137
2340,0.181169
2341,0.182095
2342,0.181933
2343,0.178391
2344,0.177963
2345,0.177662
2346,0.176563
2347,0.175289
2348,0.173866
2349,0.173796
2350,0.175093
2351,0.177662
2352,0.180394
2353,0.185891
2354,0.190648
2355,0.194838
2356,0.198935
2357,0.201887
2358,0.203785
2359,0.204861
2360,0.20456
2361,0.195255
2362,0.190498
2363,0.186667
2364,0.183206
2365,0.182118
2366,0.177824
2367,0.177269
2368,0.175926
2369,0.175
2370,0.173414
2371,0.169236
2372,0.168009
2373,0.165081
2374,0.164907
2375,0.164861
2376,0.164352
2377,0.164711
2378,0.163912
2379,0.161759
2380,0.16081
2381,0.160208
2382,0.160683
2383,0.161412
2384,0.163206
2385,0.172141
2386,0.179653
2387,0.186181
2388,0.198113
2389,0.221331
2390,0.230775
2391,0.249317
2392,0.283472
2393,0.295556
2394,0.316516
2395,0.361597
2396,0.370972
2397,0.393067
2398,0.413171
2399,0.421146
2400,0.428993
2401,0.434502
2402,0.435949
2403,0.439537
2404,0.435602
2405,0.435012
2406,0.435984
2407,0.434769
2408,0.434039
2409,0.429317
2410,0.387245
2411,0.35978
2412,0.356863
2413,0.357824
2414,0.339549
2415,0.314329
2416,0.303229
2417,0.295706
2418,0.29081
2419,0.267211
2420,0.258912
2421,0.246308
2422,0.230382
2423,0.223252
2424,0.212685
2425,0.201597
2426,0.196516
2427,0.189062
2428,0.181007
2429,0.176481
2430,0.169861
2431,0.16419
2432,0.162002
2433,0.157708
2434,0.164167
2435,0.167338
2436,0.175764
2437,0.18838
2438,0.194282
2439,0.207106
2440,0.216389
2441,0.223403
2442,0.231331
2443,0.238021
2444,0.239537
2445,0.240741
2446,0.239225
2447,0.237604
2448,0.230532
2449,0.224711
2450,0.222396
2451,0.214572
2452,0.204583
2453,0.198773
2454,0.186655
2455,0.185035
2456,0.185521
2457,0.18625
2458,0.192616
2459,0.192627
2460,0.196007
2461,0.19338
2462,0.195961
2463,0.194676
2464,0.190185
2465,0.189688
2466,0.186979
2467,0.184144
2468,0.183993
2469,0.184028
2470,0.183553
2471,0.182014
2472,0.1764
2473,0.171493
2474,0.169676
2475,0.167523
2476,0.164606
2477,0.163681
2478,0.164641
2479,0.167199
2480,0.170139
2481,0.174572
2482,0.180914
2483,0.18544
2484,0.190498
2485,0.191366
2486,0.190822
2487,0.192106
2488,0.18603
2489,0.183681
2490,0.178576
2491,0.178021
2492,0.176887
2493,0.177326
2494,0.176887
2495,0.176227
2496,0.174468
2497,0.172292
2498,0.17191
2499,0.169826
2500,0.168611
2501,0.167211
2502,0.166157
2503,0.166435
2504,0.167512
2505,0.167697
2506,0.166887
2507,0.166771
2508,0.167778
2509,0.171424
2510,0.174375
2511,0.179329
2512,0.187361
2513,0.194514
2514,0.207847
2515,0.222708
2516,0.229502
2517,0.241852
2518,0.252315
2519,0.257164
2520,0.272546
2521,0.28338
2522,0.287245
2523,0.310359
2524,0.323715
2525,0.327824
2526,0.33816
2527,0.348299
2528,0.351991
2529,0.354063
2530,0.353218
2531,0.355081
2532,0.352558
2533,0.350417
2534,0.346771
2535,0.338125
2536,0.329097
2537,0.327685
2538,0.325301
2539,0.31647
2540,0.314282
2541,0.298889
2542,0.290035
2543,0.284444
2544,0.275313
2545,0.274028
2546,0.261412
2547,0.242616
2548,0.236123
2549,0.235567
2550,0.23235
2551,0.233194
2552,0.234375
2553,0.234363
2554,0.2339
2555,0.23397
2556,0.23544
2557,0.229988
2558,0.226794
2559,0.219722
2560,0.210891
2561,0.193472
2562,0.187049
2563,0.179826
2564,0.17662
2565,0.17
2566,0.16412
2567,0.161701
2568,0.157118
2569,0.152141
2570,0.149954
2571,0.147141
2572,0.145093
2573,0.144236
2574,0.142836
2575,0.142639
2576,0.142766
2577,0.14272
2578,0.142454
2579,0.142593
2580,0.142674
2581,0.142685
2582,0.142697
2583,0.142535
2584,0.142708
2585,0.142685
2586,0.141863
2587,0.14184
2588,0.14213
2589,0.142095
2590,0.142419
2591,0.1425
2592,0.142396
2593,0.142361
2594,0.142396
2595,0.142407
2596,0.142338
2597,0.142454
2598,0.142824
2599,0.142558
2600,0.142512
2601,0.142303
2602,0.142361
2603,0.142535
2604,0.142315
2605,0.142477
2606,0.1425
2607,0.142604
2608,0.142616
2609,0.142616
2610,0.142454
2611,0.141563
2612,0.141667
2613,0.142037
2614,0.142049
2615,0.142083
2616,0.142211
2617,0.141933
2618,0.14191
2619,0.141863
2620,0.141863
2621,0.14184
2622,0.141863
2623,0.141875
2624,0.142049
2625,0.143299
2626,0.150231
2627,0.154884
2628,0.164988
2629,0.175741
2630,0.180938
2631,0.191505
2632,0.20037
2633,0.204583
2634,0.212141
2635,0.21566
2636,0.214711
2637,0.218391
2638,0.218322
2639,0.220324
2640,0.225532
2641,0.238611
2642,0.242986
2643,0.257431
2644,0.271528
2645,0.281863
2646,0.306273
2647,0.327407
2648,0.333831
2649,0.358391
2650,0.369074
2651,0.3764
2652,0.413183
2653,0.43544
2654,0.444479
2655,0.456748
2656,0.473843
2657,0.484352
2658,0.500972
2659,0.510347
2660,0.509606
2661,0.515556
2662,0.521273
2663,0.527234
2664,0.521435
2665,0.515231
2666,0.510255
2667,0.507373
2668,0.501852
2669,0.499757
2670,0.49559
2671,0.497928
2672,0.497998
2673,0.481285
2674,0.47272
2675,0.48
2676,0.456528
2677,0.446123
2678,0.442164
2679,0.434317
2680,0.430162
2681,0.414826
2682,0.401146
2683,0.391424
2684,0.3889
2685,0.385937
2686,0.358345
2687,0.359468
2688,0.364016
2689,0.364884
2690,0.371181
2691,0.373727
2692,0.37787
2693,0.379213
2694,0.38235
2695,0.384965
2696,0.382512
2697,0.376285
2698,0.368102
2699,0.363947
2700,0.351863
2701,0.343391
2702,0.337755
2703,0.326794
2704,0.317188
2705,0.312905
2706,0.303947
2707,0.293854
2708,0.289005
2709,0.282083
2710,0.27875
2711,0.270556
2712,0.271933
2713,0.272766
2714,0.273403
2715,0.273565
2716,0.27353
2717,0.272512
2718,0.273194
2719,0.273843
2720,0.269525
2721,0.264259
2722,0.258461
2723,0.254757
2724,0.251053
2725,0.248322
2726,0.246111
2727,0.244317
2728,0.243588
2729,0.244664
2730,0.247697
2731,0.250139
2732,0.252604
2733,0.257894
2734,0.262593
2735,0.258437
2736,0.245995
2737,0.251597
2738,0.253819
2739,0.258264
2740,0.264329
2741,0.266435
2742,0.271227
2743,0.272512
2744,0.274433
2745,0.276019
2746,0.275949
2747,0.275648
2748,0.274942
2749,0.277546
2750,0.278519
2751,0.277986
2752,0.278657
2753,0.279294
2754,0.275069
2755,0.277442
2756,0.278438
2757,0.276667
2758,0.275174
2759,0.278333
2760,0.275648
2761,0.269363
2762,0.269757
2763,0.269792
2764,0.269097
2765,0.26912
2766,0.268241
2767,0.267303
2768,0.266644
2769,0.266725
2770,0.265104
2771,0.265787
2772,0.265127
2773,0.26566
2774,0.265104
2775,0.26235
2776,0.263148
2777,0.262546
2778,0.260729
2779,0.260613
2780,0.259954
2781,0.259178
2782,0.259167
2783,0.257581
2784,0.25603
2785,0.255914
2786,0.251424
2787,0.250972
2788,0.249745
2789,0.248924
2790,0.248021
2791,0.247465
2792,0.247905
2793,0.246366
2794,0.24544
2795,0.245324
2796,0.242986
2797,0.243368
2798,0.242095
2799,0.242315
2800,0.241956
2801,0.241794
2802,0.240058
2803,0.239583
2804,0.239063
2805,0.238021
2806,0.23875
2807,0.238889
2808,0.239722
2809,0.23956
2810,0.239734
2811,0.237917
2812,0.237685
2813,0.238484
2814,0.237975
2815,0.238565
2816,0.239144
2817,0.239109
2818,0.239352
2819,0.238831
2820,0.238843
2821,0.23875
2822,0.238437
2823,0.238345
2824,0.23787
2825,0.23831
2826,0.237894
2827,0.237257
2828,0.237292
2829,0.237199
2830,0.236597
2831,0.236667
2832,0.236424
2833,0.236065
2834,0.236539
2835,0.236111
2836,0.23669
2837,0.236111
2838,0.236782
2839,0.236759
2840,0.236852
2841,0.237037
2842,0.237222
2843,0.237199
2844,0.236829
2845,0.237118
2846,0.237176
2847,0.236991
2848,0.236829
2849,0.237187
2850,0.236956
2851,0.237512
2852,0.237454
2853,0.237998
2854,0.237824
2855,0.237731
2856,0.237419
2857,0.236713
2858,0.237106
2859,0.237431
2860,0.237396
2861,0.234942
2862,0.235486
2863,0.235741
2864,0.235995
2865,0.236944
2866,0.237477
2867,0.237627
2868,0.238345
2869,0.238576
2870,0.239074
2871,0.238843
2872,0.238252
2873,0.238437
2874,0.238171
2875,0.238032
2876,0.237604
2877,0.236852
2878,0.236111
2879,0.236262
2880,0.238843
2881,0.243472
2882,0.246539
2883,0.252014
2884,0.255972
2885,0.257361
2886,0.261991
2887,0.263472
2888,0.264549
2889,0.265428
2890,0.266331
2891,0.267303
2892,0.266065
2893,0.265509
2894,0.26441
2895,0.261123
2896,0.260208
2897,0.261516
2898,0.260579
2899,0.258542
2900,0.258264
2901,0.256308
2902,0.255451
2903,0.255023
2904,0.254282
2905,0.253171
2906,0.253021
2907,0.252847
2908,0.253426
2909,0.253495
2910,0.253889
2911,0.251551
2912,0.251181
2913,0.251134
2914,0.251597
2915,0.251458
2916,0.251169
2917,0.250856
2918,0.250694
2919,0.250104
2920,0.249537
2921,0.249618
2922,0.250498
2923,0.25103
2924,0.250833
2925,0.250822
2926,0.250995
2927,0.250289
2928,0.250394
2929,0.251042
2930,0.251921
2931,0.254306
2932,0.25537
2933,0.255498
2934,0.255845
2935,0.254919
2936,0.252847
2937,0.251366
2938,0.251296
2939,0.250891
2940,0.252072
2941,0.252326
2942,0.252917
2943,0.253044
2944,0.253947
2945,0.253854
2946,0.255127
2947,0.25838
2948,0.259606
2949,0.263171
2950,0.268426
2951,0.270451
2952,0.275486
2953,0.279387
2954,0.280359
2955,0.288171
2956,0.295995
2957,0.29831
2958,0.319722
2959,0.331887
2960,0.356285
2961,0.409074
2962,0.416192
2963,0.419803
2964,0.45
2965,0.47081
2966,0.480926
2967,0.493183
2968,0.542951
2969,0.557176
2970,0.569468
2971,0.585671
2972,0.59647
2973,0.618449
2974,0.648044
2975,0.660972
2976,0.67213
2977,0.680845
2978,0.68588
2979,0.692303
2980,0.695556
2981,0.697199
2982,0.70853
2983,0.737627
2984,0.749873
2985,0.756817
2986,0.80272
2987,0.805463
2988,0.806979
2989,0.808056
2990,0.815394
2991,0.828056
2992,0.834676
2993,0.841273
2994,0.843218
2995,0.845961
2996,0.846863
2997,0.846678
2998,0.855451
2999,0.858333
3000,0.861458
3001,0.862998
3002,0.864792
3003,0.867859
3004,0.868449
3005,0.869502
3006,0.871331
3007,0.872269
3008,0.874699
3009,0.872755
3010,0.869803
3011,0.879502
3012,0.876725
3013,0.87478
3014,0.87272
3015,0.871771
3016,0.873113
3017,0.873958
3018,0.874387
3019,0.874479
3020,0.873924
3021,0.873831
3022,0.873738
3023,0.874757
3024,0.873657
3025,0.874873
3026,0.875394
3027,0.877766
3028,0.87787
3029,0.879097
3030,0.879016
3031,0.880174
3032,0.880451
3033,0.881933
3034,0.881019
3035,0.880833
3036,0.88853
3037,0.889352
3038,0.889074
3039,0.889745
3040,0.890625
3041,0.889144
3042,0.889618
3043,0.888947
3044,0.889051
3045,0.889456
3046,0.889618
3047,0.890347
3048,0.891042
3049,0.889653
3050,0.889595
3051,0.889456
3052,0.888241
3053,0.887049
3054,0.887222
3055,0.887523
3056,0.888183
3057,0.888727
3058,0.88765
3059,0.886736
3060,0.886435
3061,0.889062
3062,0.888322
3063,0.888519
3064,0.887975
3065,0.88735
3066,0.885613
3067,0.88316
3068,0.880405
3069,0.878553
3070,0.878819
3071,0.87809
3072,0.87816
3073,0.876435
3074,0.877245
3075,0.87544
3076,0.874954
3077,0.874329
3078,0.873912
3079,0.872639
3080,0.872928
3081,0.872581
3082,0.872708
3083,0.871065
3084,0.872639
3085,0.872928
3086,0.876493
3087,0.876817
3088,0.875301
3089,0.875313
3090,0.873021
3091,0.874039
3092,0.874514
3093,0.875058
3094,0.875347
3095,0.874259
3096,0.873681
3097,0.873472
3098,0.87338
3099,0.873287
3100,0.873808
3101,0.872558
3102,0.873368
3103,0.873194
3104,0.872384
3105,0.87272
3106,0.87272
3107,0.872407
3108,0.871979
3109,0.871389
3110,0.871308
3111,0.872546
3112,0.872176
3113,0.870382
3114,0.871285
3115,0.87066
3116,0.869074
3117,0.870683
3118,0.870382
3119,0.870313
3120,0.869965
3121,0.868773
3122,0.867905
3123,0.867211
3124,0.866898
3125,0.866273
3126,0.865984
3127,0.868079
3128,0.86838
3129,0.868877
3130,0.86985
3131,0.869757
3132,0.869641
3133,0.869838
3134,0.869919
3135,0.869433
3136,0.869954
3137,0.868287
3138,0.867523
3139,0.866516
3140,0.865729
3141,0.865336
3142,0.864965
3143,0.864583
3144,0.864282
3145,0.863866
3146,0.863449
3147,0.863692
3148,0.86309
3149,0.862396
3150,0.861748
3151,0.86066
3152,0.859583
3153,0.859572
3154,0.859352
3155,0.859213
3156,0.858519
3157,0.85838
3158,0.857755
3159,0.857627
3160,0.858218
3161,0.857465
3162,0.85809
3163,0.858241
3164,0.857627
3165,0.858241
3166,0.858461
3167,0.858287
3168,0.858426
3169,0.857789
3170,0.858264
3171,0.857859
3172,0.858171
3173,0.856956
3174,0.856944
3175,0.856539
3176,0.856389
3177,0.856007
3178,0.856053
3179,0.856262
3180,0.856169
3181,0.856424
3182,0.856088
3183,0.854907
3184,0.853785
3185,0.853611
3186,0.853171
3187,0.853947
3188,0.853669
3189,0.854352
3190,0.853565
3191,0.852986
3192,0.851586
3193,0.850914
3194,0.850637
3195,0.850301
3196,0.850405
3197,0.850741
3198,0.850243
3199,0.849826
3200,0.849063
3201,0.848738
3202,0.848472
3203,0.848553
3204,0.848553
3205,0.848762
3206,0.847593
3207,0.84772
3208,0.848079
3209,0.847477
3210,0.847847
3211,0.848241
3212,0.848681
3213,0.84831
3214,0.847975
3215,0.847975
3216,0.847708
3217,0.847164
3218,0.847303
3219,0.847049
3220,0.847083
3221,0.846968
3222,0.847211
3223,0.847454
3224,0.847326
3225,0.847257
3226,0.847025
3227,0.84728
3228,0.847025
3229,0.846551
3230,0.846539
3231,0.846539
3232,0.8461
3233,0.845486
3234,0.845405
3235,0.844803
3236,0.84588
3237,0.845741
3238,0.846053
3239,0.845706
3240,0.84566
3241,0.845579
3242,0.845197
3243,0.845
3244,0.844606
3245,0.844618
3246,0.844248
3247,0.843704
3248,0.843437
3249,0.843426
3250,0.843762
3251,0.843588
3252,0.843773
3253,0.844132
3254,0.844132
3255,0.844248
3256,0.844375
3257,0.844178
3258,0.84419
3259,0.843738
3260,0.843738
3261,0.846111
3262,0.845972
3263,0.845845
3264,0.846157
3265,0.846389
3266,0.846157
3267,0.846238
3268,0.845856
3269,0.84544
3270,0.845556
3271,0.845382
3272,0.844931
3273,0.844664
3274,0.844514
3275,0.844525
3276,0.844942
3277,0.84566
3278,0.845266
3279,0.845856
3280,0.845579
3281,0.845995
3282,0.846829
3283,0.846979
3284,0.847222
3285,0.847234
3286,0.850729
3287,0.850579
3288,0.850822
3289,0.851123
3290,0.85088
3291,0.850521
3292,0.850544
3293,0.850197
3294,0.849826
3295,0.849769
3296,0.849363
3297,0.849757
3298,0.849375
3299,0.849306
3300,0.849016
3301,0.849051
3302,0.8489
3303,0.848634
3304,0.848611
3305,0.848762
3306,0.848738
3307,0.848264
3308,0.848275
3309,0.84794
3310,0.848044
3311,0.84956
3312,0.849387
3313,0.848241
3314,0.847963
3315,0.84831
3316,0.848542
3317,0.848542
3318,0.848935
3319,0.849583
3320,0.849144
3321,0.849688
3322,0.849363
3323,0.849537
3324,0.849502
3325,0.849699
3326,0.850729
3327,0.851065
3328,0.850741
3329,0.850752
3330,0.851377
3331,0.851354
3332,0.851088
3333,0.850938
3334,0.851458
3335,0.851447
3336,0.852234
3337,0.852176
3338,0.852303
3339,0.851829
3340,0.852014
3341,0.85206
3342,0.852361
3343,0.852442
3344,0.851632
3345,0.851493
3346,0.850324
3347,0.850637
3348,0.850127
3349,0.84956
3350,0.849363
3351,0.849248
3352,0.849398
3353,0.849317
3354,0.850012
3355,0.850544
3356,0.850579
3357,0.850174
3358,0.850451
3359,0.850544
3360,0.851042
3361,0.853507
3362,0.853275
3363,0.85331
3364,0.852975
3365,0.852905
3366,0.853414
3367,0.853484
3368,0.853542
3369,0.853576
3370,0.853079
3371,0.852581
3372,0.852963
3373,0.853206
3374,0.853056
3375,0.853044
3376,0.852731
3377,0.852986
3378,0.852905
3379,0.852824
3380,0.852905
3381,0.85272
3382,0.852755
3383,0.852998
3384,0.852963
3385,0.853252
3386,0.853426
3387,0.85316
3388,0.853102
3389,0.853056
3390,0.853137
3391,0.853368
3392,0.853125
3393,0.853102
3394,0.852812
3395,0.852431
3396,0.851829
3397,0.85103
3398,0.850914
3399,0.850891
3400,0.850775
3401,0.851065
3402,0.8511
3403,0.85103
3404,0.851146
3405,0.8511
3406,0.8511
3407,0.85088
3408,0.850637
3409,0.850556
3410,0.850382
3411,0.852778
3412,0.852963
3413,0.85309
3414,0.852998
3415,0.852801
3416,0.852569
3417,0.852859
3418,0.852894
3419,0.852882
3420,0.85287
3421,0.852917
3422,0.852894
3423,0.852812
3424,0.852662
3425,0.852789
3426,0.852685
3427,0.85272
3428,0.852755
3429,0.852824
3430,0.852604
3431,0.852627
3432,0.852627
3433,0.853322
3434,0.853437
3435,0.853461
3436,0.85956
3437,0.858924
3438,0.85912
3439,0.859213
3440,0.858912
3441,0.858877
3442,0.859132
3443,0.858819
3444,0.858692
3445,0.858854
3446,0.858947
3447,0.859178
3448,0.859132
3449,0.859109
3450,0.858877
3451,0.858889
3452,0.859028
3453,0.859097
3454,0.859248
3455,0.859479
3456,0.859282
3457,0.858877
3458,0.859051
3459,0.858831
3460,0.858611
3461,0.86088
3462,0.860926
3463,0.861088
3464,0.861238
3465,0.861019
3466,0.860613
3467,0.860301
3468,0.860625
3469,0.860104
3470,0.860289
3471,0.860081
3472,0.860197
3473,0.860046
3474,0.860093
3475,0.859815
3476,0.860174
3477,0.860012
3478,0.85985
3479,0.859699
3480,0.859745
3481,0.86
3482,0.859583
3483,0.859734
3484,0.859444
3485,0.859363
3486,0.861354
3487,0.860995
3488,0.860729
3489,0.860266
3490,0.859722
3491,0.860023
3492,0.860081
3493,0.860139
3494,0.859792
3495,0.859815
3496,0.859479
3497,0.859178
3498,0.859271
3499,0.858993
3500,0.858854
3501,0.859282
3502,0.859572
3503,0.859363
3504,0.859132
3505,0.858704
3506,0.858889
3507,0.858958
3508,0.858785
3509,0.858669
3510,0.85853
3511,0.85963
3512,0.859792
3513,0.859873
3514,0.859861
3515,0.859363
3516,0.859282
3517,0.859248
3518,0.859074
3519,0.85934
3520,0.859236
3521,0.859271
3522,0.858843
3523,0.858738
3524,0.858565
3525,0.858715
3526,0.858935
3527,0.858715
3528,0.858993
3529,0.859028
3530,0.859016
3531,0.858877
3532,0.858692
3533,0.858576
3534,0.858542
3535,0.858461
3536,0.858345
3537,0.858125
3538,0.858437
3539,0.858461
3540,0.858426
3541,0.858229
3542,0.857836
3543,0.857766
3544,0.85772
3545,0.857558
3546,0.857847
3547,0.857801
3548,0.857639
3549,0.857616
3550,0.857442
3551,0.857361
3552,0.857176
3553,0.857025
3554,0.856921
3555,0.85706
3556,0.857407
3557,0.85735
3558,0.857164
3559,0.856713
3560,0.856748
3561,0.85765
3562,0.857465
3563,0.857211
3564,0.856979
3565,0.856887
3566,0.856933
3567,0.85669
3568,0.856806
3569,0.857083
3570,0.859248
3571,0.858796
3572,0.858981
3573,0.858773
3574,0.859005
3575,0.859028
3576,0.858194
3577,0.858032
3578,0.858229
3579,0.858322
3580,0.85838
3581,0.858125
3582,0.85794
3583,0.858079
3584,0.857894
3585,0.858009
3586,0.857512
3587,0.857454
3588,0.857407
3589,0.857569
3590,0.857315
3591,0.8575
3592,0.857396
3593,0.857627
3594,0.857639
3595,0.858831
3596,0.858588
3597,0.858519
3598,0.85853
3599,0.858507
3600,0.858472
3601,0.859109
3602,0.85897
3603,0.858889
3604,0.858738
3605,0.858773
3606,0.858565
3607,0.858542
3608,0.858692
3609,0.858866
3610,0.859051
3611,0.859132
3612,0.85963
3613,0.859931
3614,0.860671
3615,0.860984
3616,0.86162
3617,0.861632
3618,0.861794
3619,0.861887
3620,0.863275
3621,0.863148
3622,0.863657
3623,0.863171
3624,0.862708
3625,0.862731
3626,0.862708
3627,0.86338
3628,0.863692
3629,0.86338
3630,0.863333
3631,0.862963
3632,0.8625
3633,0.862338
3634,0.861875
3635,0.861655
3636,0.860729
3637,0.860498
3638,0.859942
3639,0.859803
3640,0.859965
3641,0.859641
3642,0.859144
3643,0.859155
3644,0.8589
3645,0.859213
3646,0.858299
3647,0.858299
3648,0.858206
3649,0.858137
3650,0.857859
3651,0.857662
3652,0.857731
3653,0.858171
3654,0.858241
3655,0.85816
3656,0.857998
3657,0.858403
3658,0.858403
3659,0.858368
3660,0.85816
3661,0.858229
3662,0.858079
3663,0.858183
3664,0.858229
3665,0.858287
3666,0.858322
3667,0.857928
3668,0.858067
3669,0.85787
3670,0.858056
3671,0.858345
3672,0.857882
3673,0.857778
3674,0.85794
3675,0.857604
3676,0.858287
3677,0.859086
3678,0.859387
3679,0.859572
3680,0.859641
3681,0.86015
3682,0.860359
3683,0.860324
3684,0.860116
3685,0.859954
3686,0.859884
3687,0.859919
3688,0.85985
3689,0.859942
3690,0.85985
3691,0.85985
3692,0.859803
3693,0.859525
3694,0.859433
3695,0.860428
3696,0.860637
3697,0.860382
3698,0.859329
3699,0.85956
3700,0.859537
3701,0.859722
3702,0.859861
3703,0.860764
3704,0.860417
3705,0.860509
3706,0.860197
3707,0.860012
3708,0.859664
3709,0.860208
3710,0.859896
3711,0.859525
3712,0.858935
3713,0.858889
3714,0.85816
3715,0.858113
3716,0.857998
3717,0.857488
3718,0.857604
3719,0.857176
3720,0.857569
3721,0.856782
3722,0.856725
3723,0.856586
3724,0.856481
3725,0.855995
3726,0.855775
3727,0.85581
3728,0.856516
3729,0.856181
3730,0.855972
3731,0.855764
3732,0.855914
3733,0.856123
3734,0.855718
3735,0.855486
3736,0.855949
3737,0.855451
3738,0.855914
3739,0.854815
3740,0.855046
3741,0.854942
3742,0.854456
3743,0.854838
3744,0.85456
3745,0.854306
3746,0.854549
3747,0.854144
3748,0.854317
3749,0.853935
3750,0.853565
3751,0.853275
3752,0.85309
3753,0.853241
3754,0.853194
3755,0.852303
3756,0.8525
3757,0.852315
3758,0.852049
3759,0.85184
3760,0.851701
3761,0.851516
3762,0.850729
3763,0.85059
3764,0.850139
3765,0.849572
3766,0.849086
3767,0.847222
3768,0.848287
3769,0.848507
3770,0.849745
3771,0.850613
3772,0.849271
3773,0.8511
3774,0.851991
3775,0.851782
3776,0.851875
3777,0.851794
3778,0.851898
3779,0.851782
3780,0.851852
3781,0.851806
3782,0.852245
3783,0.851979
3784,0.851829
3785,0.851771
3786,0.851551
3787,0.851481
3788,0.851042
3789,0.850938
3790,0.851088
3791,0.850451
3792,0.851007
3793,0.851053
3794,0.850625
3795,0.852743
3796,0.852569
3797,0.852708
3798,0.851887
3799,0.851458
3800,0.851366
3801,0.85103
3802,0.850961
3803,0.850417
3804,0.850012
3805,0.850139
3806,0.849468
3807,0.84941
3808,0.849595
3809,0.849988
3810,0.848947
3811,0.849294
3812,0.849676
3813,0.849572
3814,0.85059
3815,0.850174
3816,0.850903
3817,0.850475
3818,0.85088
3819,0.851238
3820,0.859248
3821,0.858958
3822,0.858889
3823,0.85912
3824,0.859225
3825,0.858785
3826,0.858854
3827,0.858796
3828,0.858947
3829,0.859444
3830,0.859039
3831,0.859248
3832,0.85985
3833,0.859931
3834,0.860093
3835,0.860162
3836,0.860104
3837,0.860185
3838,0.860069
3839,0.860185
3840,0.860127
3841,0.860359
3842,0.86022
3843,0.860394
3844,0.860463
3845,0.859028
3846,0.85875
3847,0.858935
3848,0.858981
3849,0.859097
3850,0.859074
3851,0.859329
3852,0.858935
3853,0.859062
3854,0.859236
3855,0.858646
3856,0.859074
3857,0.859248
3858,0.858507
3859,0.858472
3860,0.85838
3861,0.858588
3862,0.858692
3863,0.858472
3864,0.858762
3865,0.858727
3866,0.858646
3867,0.858403
3868,0.858403
3869,0.858657
3870,0.859873
3871,0.860023
3872,0.860012
3873,0.860475
3874,0.860775
3875,0.860833
3876,0.86125
3877,0.861331
3878,0.861563
3879,0.861632
3880,0.861759
3881,0.861829
3882,0.86235
3883,0.861076
3884,0.861447
3885,0.86103
3886,0.860775
3887,0.860833
3888,0.860556
3889,0.860556
3890,0.86059
3891,0.860347
3892,0.860405
3893,0.860116
3894,0.860058
3895,0.861319
3896,0.860556
3897,0.859745
3898,0.860116
3899,0.859306
3900,0.857778
3901,0.855972
3902,0.856343
3903,0.85787
3904,0.858009
3905,0.85919
3906,0.860174
3907,0.859491
3908,0.859421
3909,0.859213
3910,0.85897
3911,0.859375
3912,0.859433
3913,0.859225
3914,0.859225
3915,0.858831
3916,0.858646
3917,0.858958
3918,0.858993
3919,0.858854
3920,0.859525
3921,0.859525
3922,0.859977
3923,0.859803
3924,0.860231
3925,0.86015
3926,0.860069
3927,0.860197
3928,0.860069
3929,0.860069
3930,0.860012
3931,0.860081
3932,0.858356
3933,0.860081
3934,0.859734
3935,0.859745
3936,0.860613
3937,0.860544
3938,0.860683
3939,0.860313
3940,0.860243
3941,0.860613
3942,0.859769
3943,0.859745
3944,0.86015
3945,0.860509
3946,0.860579
3947,0.860394
3948,0.860694
3949,0.861076
3950,0.860694
3951,0.860405
3952,0.860289
3953,0.860278
3954,0.860255
3955,0.860058
3956,0.860197
3957,0.860139
3958,0.860116
3959,0.860336
3960,0.860451
3961,0.860023
3962,0.859363
3963,0.858854
3964,0.859248
3965,0.858356
3966,0.858785
3967,0.859676
3968,0.859352
3969,0.859514
3970,0.861771
3971,0.861979
3972,0.861863
3973,0.861829
3974,0.861944
3975,0.861933
3976,0.861898
3977,0.86162
3978,0.861516
3979,0.86162
3980,0.861944
3981,0.861586
3982,0.859711
3983,0.860104
3984,0.857025
3985,0.857072
3986,0.855694
3987,0.857442
3988,0.857199
3989,0.858808
3990,0.860625
3991,0.861019
3992,0.861389
3993,0.860972
3994,0.860799
3995,0.861389
3996,0.861308
3997,0.861319
3998,0.861609
3999,0.861574
4000,0.86147
4001,0.861447
4002,0.861424
4003,0.861134
4004,0.860718
4005,0.860741
4006,0.86081
4007,0.860741
4008,0.861042
4009,0.86081
4010,0.860729
4011,0.860903
4012,0.861042
4013,0.861053
4014,0.861053
4015,0.861123
4016,0.860822
4017,0.860949
4018,0.860833
4019,0.86088
4020,0.861655
4021,0.861319
4022,0.860417
4023,0.861296
4024,0.860741
4025,0.859676
4026,0.860324
4027,0.860104
4028,0.858785
4029,0.857951
4030,0.858067
4031,0.857488
4032,0.857234
4033,0.857384
4034,0.85809
4035,0.858646
4036,0.858924
4037,0.858611
4038,0.859491
4039,0.858785
4040,0.858299
4041,0.859734
4042,0.859456
4043,0.859074
4044,0.859375
4045,0.860266
4046,0.860706
4047,0.861007
4048,0.860938
4049,0.860428
4050,0.860301
4051,0.860405
4052,0.86066
4053,0.860648
4054,0.86037
4055,0.860498
4056,0.860486
4057,0.860498
4058,0.860556
4059,0.860139
4060,0.860208
4061,0.86022
4062,0.860313
4063,0.860197
4064,0.860544
4065,0.86066
4066,0.86081
4067,0.860903
4068,0.860949
4069,0.860683
4070,0.8611
4071,0.86066
4072,0.860394
4073,0.860313
4074,0.86
4075,0.860417
4076,0.86066
4077,0.860405
4078,0.860567
4079,0.860822
4080,0.860602
4081,0.860069
4082,0.860417
4083,0.860417
4084,0.860301
4085,0.86037
4086,0.860347
4087,0.860301
4088,0.860289
4089,0.860231
4090,0.860556
4091,0.860394
4092,0.859977
4093,0.860046
4094,0.860162
4095,0.863113
4096,0.862708
4097,0.862442
4098,0.862176
4099,0.861644
4100,0.861481
4101,0.861528
4102,0.8611
4103,0.860625
4104,0.860764
4105,0.860752
4106,0.860787
4107,0.860903
4108,0.860289
4109,0.859861
4110,0.860127
4111,0.859965
4112,0.859444
4113,0.859664
4114,0.85912
4115,0.858264
4116,0.858576
4117,0.858507
4118,0.85838
4119,0.858542
4120,0.86
4121,0.859491
4122,0.859549
4123,0.859757
4124,0.859757
4125,0.859884
4126,0.859468
4127,0.859676
4128,0.85978
4129,0.85963
4130,0.859329
4131,0.858553
4132,0.858252
4133,0.858484
4134,0.858113
4135,0.857859
4136,0.85809
4137,0.857847
4138,0.8575
4139,0.857963
4140,0.857882
4141,0.858067
4142,0.858067
4143,0.858229
4144,0.85816
4145,0.859282
4146,0.858299
4147,0.85912
4148,0.859317
4149,0.859155
4150,0.858368
4151,0.858426
4152,0.858843
4153,0.858692
4154,0.857234
4155,0.857859
4156,0.857512
4157,0.857292
4158,0.857176
4159,0.856343
4160,0.855787
4161,0.855938
4162,0.854595
4163,0.854213
4164,0.85419
4165,0.853634
4166,0.853299
4167,0.853681
4168,0.853796
4169,0.852917
4170,0.852685
4171,0.851458
4172,0.851424
4173,0.850544
4174,0.850116
4175,0.850417
4176,0.849201
4177,0.849097
4178,0.849826
4179,0.84831
4180,0.84816
4181,0.849236
4182,0.849572
4183,0.850764
4184,0.855544
4185,0.85647
4186,0.859028
4187,0.858414
4188,0.85816
4189,0.859086
4190,0.862986
4191,0.863275
4192,0.86375
4193,0.864248
4194,0.864236
4195,0.866343
4196,0.868009
4197,0.869514
4198,0.872384
4199,0.871644
4200,0.871991
4201,0.87287
4202,0.873171
4203,0.871863
4204,0.869641
4205,0.867234
4206,0.865648
4207,0.864907
4208,0.8636
4209,0.864282
4210,0.863137
4211,0.862269
4212,0.862894
4213,0.86147
4214,0.863634
4215,0.861644
4216,0.863137
4217,0.862546
4218,0.862662
4219,0.866655
4220,0.866644
4221,0.867315
4222,0.87
4223,0.873981
4224,0.876181
4225,0.875787
4226,0.878796
4227,0.878681
4228,0.880174
4229,0.880579
4230,0.883044
4231,0.885382
4232,0.888727
4233,0.890648
4234,0.894942
4235,0.894687
4236,0.896204
4237,0.897477
4238,0.899433
4239,0.900463
4240,0.89912
4241,0.898183
4242,0.897234
4243,0.899201
4244,0.902789
4245,0.906215
4246,0.903785
4247,0.898947
4248,0.898565
4249,0.894942
4250,0.892859
4251,0.889653
4252,0.887708
4253,0.886968
4254,0.885856
4255,0.883912
4256,0.879201
4257,0.879248
4258,0.87559
4259,0.876609
4260,0.876285
4261,0.874016
4262,0.872488
4263,0.872338
4264,0.873854
4265,0.873252
4266,0.873519
4267,0.875845
4268,0.877153
4269,0.878252
4270,0.874676
4271,0.876134
4272,0.878194
4273,0.881678
4274,0.883194
4275,0.886354
4276,0.887662
4277,0.889433
4278,0.887384
4279,0.885868
4280,0.889248
4281,0.890729
4282,0.894039
4283,0.897292
4284,0.898947
4285,0.902836
4286,0.907766
4287,0.906782
4288,0.909144
4289,0.910139
4290,0.912604
4291,0.912627
4292,0.915312
4293,0.912523
4294,0.909988
4295,0.903125
4296,0.904618
4297,0.902697
4298,0.902685
4299,0.899792
4300,0.896215
4301,0.894039
4302,0.895197
4303,0.892222
4304,0.891678
4305,0.891238
4306,0.887419
4307,0.885752
4308,0.883611
4309,0.884514
4310,0.886794
4311,0.88603
4312,0.890764
4313,0.890162
4314,0.89022
4315,0.891331
4316,0.888356
4317,0.886968
4318,0.881655
4319,0.877269
4320,0.874595
4321,0.871597
4322,0.87125
4323,0.868877
4324,0.864896
4325,0.860567
4326,0.8614
4327,0.861979
4328,0.862604
4329,0.862407
4330,0.865579
4331,0.867569
4332,0.865266
4333,0.866632
4334,0.866215
4335,0.86559
4336,0.863692
4337,0.858738
4338,0.855718
4339,0.851435
4340,0.847037
4341,0.847465
4342,0.84419
4343,0.845764
4344,0.845058
4345,0.836215
4346,0.8325
4347,0.830544
4348,0.829468
4349,0.82463
4350,0.823067
4351,0.824109
4352,0.82522
4353,0.823715
4354,0.823866
4355,0.823137
4356,0.818877
4357,0.820023
4358,0.818854
4359,0.819618
4360,0.822766
4361,0.824769
4362,0.825289
4363,0.828611
4364,0.832975
4365,0.832176
4366,0.836377
4367,0.839606
4368,0.842014
4369,0.843252
4370,0.846644
4371,0.846389
4372,0.850822
4373,0.85213
4374,0.852315
4375,0.857789
4376,0.860093
4377,0.860104
4378,0.859884
4379,0.85316
4380,0.85162
4381,0.856898
4382,0.858484
4383,0.857002
4384,0.858785
4385,0.861076
4386,0.858912
4387,0.861725
4388,0.862118
4389,0.864711
4390,0.866944
4391,0.864375
4392,0.868067
4393,0.865162
4394,0.854942
4395,0.854537
4396,0.853183
4397,0.853727
4398,0.853495
4399,0.855278
4400,0.855856
4401,0.854306
4402,0.849572
4403,0.845174
4404,0.845255
4405,0.841296
4406,0.838056
4407,0.83537
4408,0.826204
4409,0.79941
4410,0.793796
4411,0.782778
4412,0.776192
4413,0.769444
4414,0.77875
4415,0.78066
4416,0.781597
4417,0.794479
4418,0.802477
4419,0.805197
4420,0.81897
4421,0.83684
4422,0.838565
4423,0.845694
4424,0.848403
4425,0.846887
4426,0.842685
4427,0.84147
4428,0.838935
4429,0.835938
4430,0.831539
4431,0.831551
4432,0.824606
4433,0.825278
4434,0.826273
4435,0.826736
4436,0.820891
4437,0.819468
4438,0.813588
4439,0.810127
4440,0.807535
4441,0.805752
4442,0.802222
4443,0.801586
4444,0.799687
4445,0.796273
4446,0.795347
4447,0.793032
4448,0.789977
4449,0.78934
4450,0.789757
4451,0.786065
4452,0.78338
4453,0.776146
4454,0.765718
4455,0.761424
4456,0.758623
4457,0.753322
4458,0.750671
4459,0.739398
4460,0.734317
4461,0.732245
4462,0.732187
4463,0.731238
4464,0.729618
4465,0.728032
4466,0.723576
4467,0.72566
4468,0.728958
4469,0.734282
4470,0.727836
4471,0.731887
4472,0.730787
4473,0.73478
4474,0.738032
4475,0.739745
4476,0.739167
4477,0.744421
4478,0.745532
4479,0.737894
4480,0.733542
4481,0.7364
4482,0.736007
4483,0.727153
4484,0.733808
4485,0.733519
4486,0.737234
4487,0.731412
4488,0.731169
4489,0.733611
4490,0.737917
4491,0.742106
4492,0.74537
4493,0.751829
4494,0.752905
4495,0.748484
4496,0.75978
4497,0.764363
4498,0.770556
4499,0.779664
4500,0.780972
4501,0.780556
4502,0.788171
4503,0.787465
4504,0.800972
4505,0.815208
4506,0.821076
4507,0.840625
4508,0.844144
4509,0.845556
4510,0.85669
4511,0.859282
4512,0.860683
4513,0.874178
4514,0.874491
4515,0.877153
4516,0.890023
4517,0.896296
4518,0.896227
4519,0.896516
4520,0.905868
4521,0.905058
4522,0.903194
4523,0.900509
4524,0.897697
4525,0.899387
4526,0.895775
4527,0.894155
4528,0.892141
4529,0.897002
4530,0.899919
4531,0.899687
4532,0.89647
4533,0.894873
4534,0.895613
4535,0.893715
4536,0.895231
4537,0.896968
4538,0.897049
4539,0.898032
4540,0.897731
4541,0.897882
4542,0.898912
4543,0.900544
4544,0.901319
4545,0.901817
4546,0.899213
4547,0.892292
4548,0.889734
4549,0.886134
4550,0.884282
4551,0.88015
4552,0.876539
4553,0.870532
4554,0.868044
4555,0.864502
4556,0.857917
4557,0.857187
4558,0.849259
4559,0.848403
4560,0.849641
4561,0.841377
4562,0.84125
4563,0.840718
4564,0.838009
4565,0.835058
4566,0.833206
4567,0.832106
4568,0.839259
4569,0.841111
4570,0.847361
4571,0.848356
4572,0.849444
4573,0.849838
4574,0.845891
4575,0.84463
4576,0.842789
4577,0.836377
4578,0.831956
4579,0.824606
4580,0.819641
4581,0.817488
4582,0.813542
4583,0.810613
4584,0.812072
4585,0.807546
4586,0.805417
4587,0.806632
4588,0.806782
4589,0.807257
4590,0.809572
4591,0.811238
4592,0.816007
4593,0.821516
4594,0.825347
4595,0.834525
4596,0.837674
4597,0.841447
4598,0.843692
4599,0.843345
4600,0.841968
4601,0.837905
4602,0.834919
4603,0.827326
4604,0.822014
4605,0.820972
4606,0.812824
4607,0.812778
4608,0.808056
4609,0.807431
4610,0.810255
4611,0.811516
4612,0.815625
4613,0.821933
4614,0.82309
4615,0.827836
4616,0.830579
4617,0.832454
4618,0.830556
4619,0.829861
4620,0.827407
4621,0.830718
4622,0.834734
4623,0.833912
4624,0.821852
4625,0.819421
4626,0.816424
4627,0.812616
4628,0.805683
4629,0.803738
4630,0.797419
4631,0.792766
4632,0.790845
4633,0.784977
4634,0.776123
4635,0.775278
4636,0.771678
4637,0.769583
4638,0.768715
4639,0.772384
4640,0.77419
4641,0.776979
4642,0.777836
4643,0.781019
4644,0.782234
4645,0.790775
4646,0.796505
4647,0.79662
4648,0.79919
4649,0.800602
4650,0.798576
4651,0.804236
4652,0.803657
4653,0.803299
4654,0.807419
4655,0.810961
4656,0.81213
4657,0.817928
4658,0.824051
4659,0.82625
4660,0.827512
4661,0.834722
4662,0.835324
4663,0.837419
4664,0.842477
4665,0.844086
4666,0.846319
4667,0.847755
4668,0.845637
4669,0.846181
4670,0.83787
4671,0.836215
4672,0.832488
4673,0.827303
4674,0.825926
4675,0.818738
4676,0.806875
4677,0.802176
4678,0.799225
4679,0.796065
4680,0.77838
4681,0.762049
4682,0.753692
4683,0.747801
4684,0.742188
4685,0.72066
4686,0.714167
4687,0.701933
4688,0.694572
4689,0.690648
4690,0.684907
4691,0.682338
4692,0.680671
4693,0.680764
4694,0.683947
4695,0.680359
4696,0.682025
4697,0.683808
4698,0.683681
4699,0.686979
4700,0.688843
4701,0.688924
4702,0.695394
4703,0.699618
4704,0.701019
4705,0.71015
4706,0.713252
4707,0.716597
4708,0.72272
4709,0.72684
4710,0.727454
4711,0.739757
4712,0.750127
4713,0.753634
4714,0.777338
4715,0.782465
4716,0.779097
4717,0.779248
4718,0.786366
4719,0.788137
4720,0.81088
4721,0.812477
4722,0.810174
4723,0.808669
4724,0.808333
4725,0.809479
4726,0.810764
4727,0.819236
4728,0.818229
4729,0.826019
4730,0.827604
4731,0.82478
4732,0.827431
4733,0.836377
4734,0.837442
4735,0.842187
4736,0.845544
4737,0.846956
4738,0.855938
4739,0.856539
4740,0.85706
4741,0.859722
4742,0.861968
4743,0.862338
4744,0.861528
4745,0.860174
4746,0.839769
4747,0.822407
4748,0.816609
4749,0.80831
4750,0.735046
4751,0.717894
4752,0.711262
4753,0.690394
4754,0.632801
4755,0.617014
4756,0.589907
4757,0.559757
4758,0.550613
4759,0.531435
4760,0.469687
4761,0.457269
4762,0.43912
4763,0.426157
4764,0.420185
4765,0.408461
4766,0.396308
4767,0.387801
4768,0.374803
4769,0.369907
4770,0.347882
4771,0.343229
4772,0.336019
4773,0.335683
4774,0.333889
4775,0.327477
4776,0.323333
4777,0.316262
4778,0.310347
4779,0.307025
4780,0.302303
4781,0.297731
4782,0.294988
4783,0.289722
4784,0.284861
4785,0.280961
4786,0.271285
4787,0.264225
4788,0.259502
4789,0.250475
4790,0.241215
4791,0.235683
4792,0.228669
4793,0.218669
4794,0.214931
4795,0.206713
4796,0.202164
4797,0.200058
4798,0.195799
4799,0.192037
4800,0.190405
4801,0.186875
4802,0.185602
4803,0.185405
4804,0.185544
4805,0.185972
4806,0.186111
4807,0.186157
4808,0.186019
4809,0.186053
4810,0.18441
4811,0.182731
4812,0.180486
4813,0.177396
4814,0.175069
4815,0.171956
4816,0.171586
4817,0.170069
4818,0.169398
4819,0.168495
4820,0.155706
4821,0.155451
4822,0.155891
4823,0.155833
4824,0.155787
4825,0.155938
4826,0.15603
4827,0.156181
4828,0.156493
4829,0.156296
4830,0.156215
4831,0.156088
4832,0.156285
4833,0.156019
4834,0.15434
4835,0.154155
4836,0.154456
4837,0.154502
4838,0.154456
4839,0.154387
4840,0.154653
4841,0.154595
4842,0.154375
4843,0.154317
4844,0.154213
4845,0.154745
4846,0.154259
4847,0.154248
4848,0.154086
4849,0.154074
4850,0.153958
4851,0.154537
4852,0.154248
4853,0.154444
4854,0.154387
4855,0.154711
4856,0.154711
4857,0.154537
4858,0.154861
4859,0.155486
4860,0.155613
4861,0.156019
4862,0.155683
4863,0.155486
4864,0.155312
4865,0.155266
4866,0.154896
4867,0.154977
4868,0.155104
4869,0.155093
4870,0.155185
4871,0.154988
4872,0.155174
4873,0.154792
4874,0.154595
4875,0.154502
4876,0.154514
4877,0.154421
4878,0.154213
4879,0.154259
4880,0.154294
4881,0.154086
4882,0.154225
4883,0.154051
4884,0.151887
4885,0.15191
4886,0.152176
4887,0.152176
4888,0.152037
4889,0.152141
4890,0.152338
4891,0.152315
4892,0.152211
4893,0.152234
4894,0.152338
4895,0.152269
4896,0.151863
4897,0.151551
4898,0.151481
4899,0.151609
4900,0.151308
4901,0.151343
4902,0.151528
4903,0.151539
4904,0.151597
4905,0.151898
4906,0.151771
4907,0.151875
4908,0.15169
4909,0.152419
4910,0.152523
4911,0.152824
4912,0.152951
4913,0.152836
4914,0.152928
4915,0.152662
4916,0.15272
4917,0.154329
4918,0.162859
4919,0.168692
4920,0.182025
4921,0.195544
4922,0.203368
4923,0.218715
4924,0.232014
4925,0.236944
4926,0.244109
4927,0.253125
4928,0.257488
4929,0.264606
4930,0.264792
4931,0.266019
4932,0.266701
4933,0.289062
4934,0.296412
4935,0.307986
4936,0.335544
4937,0.341968
4938,0.352975
4939,0.398414
4940,0.407234
4941,0.430532
4942,0.447384
4943,0.454965
4944,0.460289
4945,0.469097
4946,0.470868
4947,0.477975
4948,0.482951
4949,0.483993
4950,0.476667
4951,0.464317
4952,0.459387
4953,0.452477
4954,0.442859
4955,0.43941
4956,0.419456
4957,0.402338
4958,0.395278
4959,0.359676
4960,0.3464
4961,0.338113
4962,0.325833
4963,0.316319
4964,0.310498
4965,0.289722
4966,0.265833
4967,0.255521
4968,0.247604
4969,0.245891
4970,0.245174
4971,0.248738
4972,0.254711
4973,0.259549
4974,0.26985
4975,0.28044
4976,0.28662
4977,0.296574
4978,0.306111
4979,0.309352
4980,0.315081
4981,0.315729
4982,0.316412
4983,0.311771
4984,0.307326
4985,0.30978
4986,0.309039
4987,0.303356
4988,0.300498
4989,0.298495
4990,0.290648
4991,0.285544
4992,0.274201
4993,0.273762
4994,0.270683
4995,0.262014
4996,0.258495
4997,0.2539
4998,0.245046
4999,0.245208
5000,0.246366
5001,0.243796
5002,0.23816
5003,0.239954
5004,0.240822
5005,0.238854
5006,0.23662
5007,0.236632
5008,0.240162
5009,0.236123
5010,0.23522
5011,0.231979
5012,0.231181
5013,0.225231
5014,0.221493
5015,0.221076
5016,0.218183
5017,0.213507
5018,0.212326
5019,0.207095
5020,0.200706
5021,0.199861
5022,0.197407
5023,0.195255
5024,0.197488
5025,0.200613
5026,0.204896
5027,0.207431
5028,0.209352
5029,0.206921
5030,0.206262
5031,0.203183
5032,0.198657
5033,0.195185
5034,0.182025
5035,0.181736
5036,0.181597
5037,0.180255
5038,0.178819
5039,0.178657
5040,0.177778
5041,0.17588
5042,0.173472
5043,0.171169
5044,0.169421
5045,0.168218
5046,0.169502
5047,0.172593
5048,0.174792
5049,0.18066
5050,0.186991
5051,0.190787
5052,0.196481
5053,0.202431
5054,0.206979
5055,0.217477
5056,0.228519
5057,0.234294
5058,0.24353
5059,0.269398
5060,0.274259
5061,0.285891
5062,0.299653
5063,0.319977
5064,0.344757
5065,0.362558
5066,0.370532
5067,0.379653
5068,0.391771
5069,0.396956
5070,0.40794
5071,0.424676
5072,0.433102
5073,0.449525
5074,0.46956
5075,0.47853
5076,0.498576
5077,0.515463
5078,0.520405
5079,0.531516
5080,0.541852
5081,0.547986
5082,0.557037
5083,0.560995
5084,0.567269
5085,0.570255
5086,0.555266
5087,0.555046
5088,0.546273
5089,0.498264
5090,0.481238
5091,0.459086
5092,0.386111
5093,0.377581
5094,0.36022
5095,0.345868
5096,0.340127
5097,0.330231
5098,0.322917
5099,0.319248
5100,0.306991
5101,0.296331
5102,0.288669
5103,0.27162
5104,0.253727
5105,0.244178
5106,0.224618
5107,0.216852
5108,0.209271
5109,0.191782
5110,0.191157
5111,0.191377
5112,0.194525
5113,0.196574
5114,0.19934
5115,0.202153
5116,0.206343
5117,0.207176
5118,0.20897
5119,0.20559
5120,0.206632
5121,0.202546
5122,0.192604
5123,0.188241
5124,0.177813
5125,0.165602
5126,0.16044
5127,0.151123
5128,0.144618
5129,0.141771
5130,0.136157
5131,0.130671
5132,0.130012
5133,0.129931
5134,0.129016
5135,0.129433
5136,0.129514
5137,0.129676
5138,0.129745
5139,0.129722
5140,0.129884
5141,0.130012
5142,0.130023
5143,0.129931
5144,0.13
5145,0.130336
5146,0.130405
5147,0.130463
5148,0.130405
5149,0.130509
5150,0.130579
5151,0.130336
5152,0.130579
5153,0.13066
5154,0.130833
5155,0.130787
5156,0.130706
5157,0.130683
5158,0.13066
5159,0.130521
5160,0.130521
5161,0.130914
5162,0.130938
5163,0.13081
5164,0.130706
5165,0.130856
5166,0.131181
5167,0.131273
5168,0.131308
5169,0.131366
5170,0.131343
5171,0.13147
5172,0.131447
5173,0.131435
5174,0.131539
5175,0.131447
5176,0.131366
5177,0.131412
5178,0.131366
5179,0.131296
5180,0.131366
5181,0.131389
5182,0.13147
5183,0.131377
5184,0.130255
5185,0.13015
5186,0.130405
5187,0.130602
5188,0.130486
5189,0.130521
5190,0.130579
5191,0.130486
5192,0.130521
5193,0.130486
5194,0.130451
5195,0.130359
5196,0.130463
5197,0.131146
5198,0.131215
5199,0.131296
5200,0.131262
5201,0.130984
5202,0.130949
5203,0.130868
5204,0.130741
5205,0.13066
5206,0.130683
5207,0.13081
5208,0.130949
5209,0.13103
5210,0.131169
5211,0.131123
5212,0.131204
5213,0.131262
5214,0.131389
5215,0.131296
5216,0.131319
5217,0.131493
5218,0.131424
5219,0.131331
5220,0.130093
5221,0.130301
5222,0.130544
5223,0.130637
5224,0.13044
5225,0.130741
5226,0.130856
5227,0.130914
5228,0.130938
5229,0.131007
5230,0.131111
5231,0.131204
5232,0.131308
5233,0.131262
5234,0.131285
5235,0.131285
5236,0.131285
5237,0.131354
5238,0.131516
5239,0.131366
5240,0.131215
5241,0.131389
5242,0.131389
5243,0.131412
5244,0.131389
5245,0.128715
5246,0.128773
5247,0.129282
5248,0.129259
5249,0.129213
5250,0.129306
5251,0.128704
5252,0.128819
5253,0.128762
5254,0.128854
5255,0.128947
5256,0.129167
5257,0.129444
5258,0.133681
5259,0.138137
5260,0.147153
5261,0.157708
5262,0.162593
5263,0.172743
5264,0.182535
5265,0.187419
5266,0.197627
5267,0.212569
5268,0.216562
5269,0.231308
5270,0.251944
5271,0.254491
5272,0.265486
5273,0.271377
5274,0.276262
5275,0.283877
5276,0.29066
5277,0.294363
5278,0.299213
5279,0.303611
5280,0.305521
5281,0.306134
5282,0.306586
5283,0.305752
5284,0.303669
5285,0.302153
5286,0.30147
5287,0.299549
5288,0.296458
5289,0.294907
5290,0.295625
5291,0.29831
5292,0.300706
5293,0.30456
5294,0.310613
5295,0.309884
5296,0.32022
5297,0.34419
5298,0.351007
5299,0.371007
5300,0.387141
5301,0.39544
5302,0.40912
5303,0.445324
5304,0.453322
5305,0.472083
5306,0.486134
5307,0.495405
5308,0.506574
5309,0.522431
5310,0.52713
5311,0.538032
5312,0.5464
5313,0.554248
5314,0.564942
5315,0.572326
5316,0.575069
5317,0.583495
5318,0.587465
5319,0.593009
5320,0.609005
5321,0.615174
5322,0.615509
5323,0.617581
5324,0.615602
5325,0.614491
5326,0.612477
5327,0.610035
5328,0.610972
5329,0.610035
5330,0.606319
5331,0.605613
5332,0.601331
5333,0.596956
5334,0.591875
5335,0.587535
5336,0.582743
5337,0.580278
5338,0.579097
5339,0.574317
5340,0.573056
5341,0.571574
5342,0.569201
5343,0.566806
5344,0.568102
5345,0.537211
5346,0.541863
5347,0.547569
5348,0.550301
5349,0.550486
5350,0.550995
5351,0.552882
5352,0.553935
5353,0.557836
5354,0.562662
5355,0.56338
5356,0.567986
5357,0.568125
5358,0.56912
5359,0.56985
5360,0.572639
5361,0.575347
5362,0.575347
5363,0.540231
5364,0.540081
5365,0.539028
5366,0.538935
5367,0.537118
5368,0.511794
5369,0.502535
5370,0.488808
5371,0.492512
5372,0.496794
5373,0.497141
5374,0.496782
5375,0.497512
5376,0.497095
5377,0.49162
5378,0.489514
5379,0.489583
5380,0.488796
5381,0.485938
5382,0.482211
5383,0.475856
5384,0.46816
5385,0.463125
5386,0.458681
5387,0.453947
5388,0.451227
5389,0.448519
5390,0.447975
5391,0.446204
5392,0.445891
5393,0.441354
5394,0.44
5395,0.437164
5396,0.439618
5397,0.442824
5398,0.44875
5399,0.454826
5400,0.455764
5401,0.459792
5402,0.461921
5403,0.464317
5404,0.470891
5405,0.475069
5406,0.475926
5407,0.480475
5408,0.484641
5409,0.4864
5410,0.490174
5411,0.491319
5412,0.491354
5413,0.492986
5414,0.497106
5415,0.496794
5416,0.497731
5417,0.500243
5418,0.501817
5419,0.506424
5420,0.501667
5421,0.504653
5422,0.507118
5423,0.51316
5424,0.515093
5425,0.521389
5426,0.527407
5427,0.527986
5428,0.534051
5429,0.535347
5430,0.535845
5431,0.539514
5432,0.54213
5433,0.542859
5434,0.544769
5435,0.547396
5436,0.548773
5437,0.548032
5438,0.549699
5439,0.550833
5440,0.555637
5441,0.55794
5442,0.558669
5443,0.561169
5444,0.564201
5445,0.563796
5446,0.566273
5447,0.569606
5448,0.571597
5449,0.573935
5450,0.57941
5451,0.581273
5452,0.584201
5453,0.587604
5454,0.589433
5455,0.589965
5456,0.591424
5457,0.593657
5458,0.592292
5459,0.594016
5460,0.594225
5461,0.594421
5462,0.597616
5463,0.60066
5464,0.606273
5465,0.611389
5466,0.613808
5467,0.616412
5468,0.617708
5469,0.620532
5470,0.638009
5471,0.639306
5472,0.640787
5473,0.640729
5474,0.641285
5475,0.642407
5476,0.642523
5477,0.643079
5478,0.643333
5479,0.643333
5480,0.644722
5481,0.645046
5482,0.646505
5483,0.648218
5484,0.648229
5485,0.650035
5486,0.648819
5487,0.649028
5488,0.64963
5489,0.650301
5490,0.65103
5491,0.651285
5492,0.651227
5493,0.651262
5494,0.651447
5495,0.670417
5496,0.671921
5497,0.67537
5498,0.677581
5499,0.685799
5500,0.6989
5501,0.708241
5502,0.720903
5503,0.732025
5504,0.740949
5505,0.741852
5506,0.747488
5507,0.764769
5508,0.770694
5509,0.774398
5510,0.777037
5511,0.780903
5512,0.791412
5513,0.792118
5514,0.794549
5515,0.798519
5516,0.801991
5517,0.804387
5518,0.803565
5519,0.805532
5520,0.825278
5521,0.826146
5522,0.823461
5523,0.821701
5524,0.823785
5525,0.824479
5526,0.823866
5527,0.825359
5528,0.825185
5529,0.825914
5530,0.826632
5531,0.827014
5532,0.829444
5533,0.829896
5534,0.829537
5535,0.829653
5536,0.82934
5537,0.828843
5538,0.828438
5539,0.827465
5540,0.827581
5541,0.825799
5542,0.825718
5543,0.826968
5544,0.826435
5545,0.833634
5546,0.833021
5547,0.833275
5548,0.832859
5549,0.833171
5550,0.833495
5551,0.833218
5552,0.833553
5553,0.832812
5554,0.833738
5555,0.833171
5556,0.832558
5557,0.832627
5558,0.832072
5559,0.83191
5560,0.831655
5561,0.831632
5562,0.832153
5563,0.832303
5564,0.830926
5565,0.831435
5566,0.830556
5567,0.831238
5568,0.831053
5569,0.8314
5570,0.825058
5571,0.824641
5572,0.823414
5573,0.820926
5574,0.819861
5575,0.819259
5576,0.819259
5577,0.819097
5578,0.817697
5579,0.818079
5580,0.818356
5581,0.817755
5582,0.817731
5583,0.817303
5584,0.817002
5585,0.817697
5586,0.817535
5587,0.81985
5588,0.821042
5589,0.820532
5590,0.821609
5591,0.82184
5592,0.822141
5593,0.8225
5594,0.823819
5595,0.82544
5596,0.824583
5597,0.823646
5598,0.824421
5599,0.824005
5600,0.823056
5601,0.823762
5602,0.822778
5603,0.823067
5604,0.822778
5605,0.823056
5606,0.822465
5607,0.82191
5608,0.82169
5609,0.822049
5610,0.821736
5611,0.820926
5612,0.820208
5613,0.820775
5614,0.820162
5615,0.820127
5616,0.819491
5617,0.817917
5618,0.817199
5619,0.81603
5620,0.812905
5621,0.812882
5622,0.812419
5623,0.811481
5624,0.810359
5625,0.810729
5626,0.81022
5627,0.810544
5628,0.810671
5629,0.810637
5630,0.810266
5631,0.810266
5632,0.809178
5633,0.809479
5634,0.809444
5635,0.810394
5636,0.811227
5637,0.811667
5638,0.811481
5639,0.812419
5640,0.812407
5641,0.81309
5642,0.813507
5643,0.814664
5644,0.813877
5645,0.816192
5646,0.81581
5647,0.815451
5648,0.816042
5649,0.815752
5650,0.815532
5651,0.815035
5652,0.814005
5653,0.812604
5654,0.809838
5655,0.810231
5656,0.808738
5657,0.808264
5658,0.807373
5659,0.80838
5660,0.80809
5661,0.807928
5662,0.809086
5663,0.809525
5664,0.808912
5665,0.809583
5666,0.808542
5667,0.808993
5668,0.808495
5669,0.808715
5670,0.806771
5671,0.806863
5672,0.807141
5673,0.807072
5674,0.806655
5675,0.806713
5676,0.807593
5677,0.807569
5678,0.807292
5679,0.807234
5680,0.807743
5681,0.807998
5682,0.808056
5683,0.807419
5684,0.806516
5685,0.806956
5686,0.806528
5687,0.8064
5688,0.806759
5689,0.806562
5690,0.806806
5691,0.806562
5692,0.80713
5693,0.80684
5694,0.807384
5695,0.8114
5696,0.810764
5697,0.81088
5698,0.8114
5699,0.811354
5700,0.81059
5701,0.808414
5702,0.807407
5703,0.80647
5704,0.806157
5705,0.805833
5706,0.805521
5707,0.805498
5708,0.806146
5709,0.806169
5710,0.805961
5711,0.806377
5712,0.805718
5713,0.804664
5714,0.804352
5715,0.804803
5716,0.805532
5717,0.805428
5718,0.806273
5719,0.805833
5720,0.80978
5721,0.80978
5722,0.809699
