framenum,queue density
1,0.252869
2,0.248352
3,0.2453
4,0.242249
5,0.237366
6,0.236938
7,0.235779
8,0.242371
9,0.242554
10,0.25
11,0.260559
12,0.262634
13,0.272522
14,0.28186
15,0.285156
16,0.290771
17,0.29834
18,0.300293
19,0.306274
20,0.308167
21,0.309143
22,0.314209
23,0.318787
24,0.321655
25,0.32196
26,0.318237
27,0.318054
28,0.313293
29,0.312439
30,0.312683
31,0.309326
32,0.310547
33,0.31012
34,0.310547
35,0.311523
36,0.311768
37,0.308777
38,0.315125
39,0.314209
40,0.313416
41,0.318481
42,0.317871
43,0.314636
44,0.313843
45,0.299988
46,0.300354
47,0.300781
48,0.29718
49,0.298279
50,0.296631
51,0.298279
52,0.295532
53,0.296265
54,0.29364
55,0.29126
56,0.291687
57,0.290894
58,0.293091
59,0.292786
60,0.291321
61,0.29071
62,0.292236
63,0.289856
64,0.29071
65,0.29071
66,0.288757
67,0.289429
68,0.289001
69,0.289734
70,0.284058
71,0.283813
72,0.284485
73,0.286072
74,0.286865
75,0.287964
76,0.288818
77,0.288025
78,0.289124
79,0.287476
80,0.287903
81,0.291565
82,0.293152
83,0.295227
84,0.297668
85,0.301514
86,0.307129
87,0.309631
88,0.318176
89,0.3255
90,0.327759
91,0.335144
92,0.340698
93,0.343872
94,0.352112
95,0.366699
96,0.368835
97,0.374023
98,0.37854
99,0.384644
100,0.390442
101,0.395508
102,0.398438
103,0.403076
104,0.404419
105,0.404602
106,0.402588
107,0.403015
108,0.403015
109,0.401489
110,0.399414
111,0.400574
112,0.397217
113,0.396423
114,0.395264
115,0.391846
116,0.391663
117,0.38855
118,0.387146
119,0.384399
120,0.375427
121,0.379028
122,0.384338
123,0.386169
124,0.392761
125,0.39917
126,0.400757
127,0.406433
128,0.409668
129,0.411621
130,0.411438
131,0.416382
132,0.419983
133,0.420044
134,0.423584
135,0.422852
136,0.428101
137,0.427734
138,0.427063
139,0.429932
140,0.426392
141,0.426575
142,0.425537
143,0.425781
144,0.423584
145,0.413025
146,0.416077
147,0.416809
148,0.41748
149,0.416443
150,0.414429
151,0.410889
152,0.407532
153,0.406311
154,0.403503
155,0.397461
156,0.395081
157,0.391846
158,0.389587
159,0.387878
160,0.38385
161,0.382141
162,0.381775
163,0.379333
164,0.378113
165,0.376404
166,0.373474
167,0.37323
168,0.373657
169,0.372253
170,0.364624
171,0.365295
172,0.365112
173,0.364929
174,0.362305
175,0.361938
176,0.359253
177,0.358337
178,0.360229
179,0.357605
180,0.357361
181,0.355225
182,0.354919
183,0.353271
184,0.353455
185,0.352905
186,0.351868
187,0.350769
188,0.348938
189,0.349243
190,0.350403
191,0.349792
192,0.350281
193,0.348511
194,0.346924
195,0.346863
196,0.346375
197,0.346985
198,0.346863
199,0.347473
200,0.346436
201,0.346008
202,0.347046
203,0.347046
204,0.346924
205,0.346313
206,0.345886
207,0.345215
208,0.344482
209,0.345703
210,0.34552
211,0.344971
212,0.345642
213,0.34552
214,0.344849
215,0.344177
216,0.345154
217,0.344177
218,0.34436
219,0.344238
220,0.345154
221,0.345215
222,0.345154
223,0.344727
224,0.344971
225,0.344971
226,0.344666
227,0.345154
228,0.343994
229,0.34436
230,0.344482
231,0.344849
232,0.344299
233,0.344543
234,0.344482
235,0.344421
236,0.344177
237,0.344055
238,0.343628
239,0.343262
240,0.343079
241,0.342896
242,0.343079
243,0.341797
244,0.34137
245,0.341919
246,0.342896
247,0.34259
248,0.342896
249,0.343445
250,0.344116
251,0.344788
252,0.344727
253,0.343811
254,0.343506
255,0.342773
256,0.343811
257,0.34375
258,0.343994
259,0.343811
260,0.343628
261,0.34375
262,0.343018
263,0.342834
264,0.341797
265,0.342041
266,0.342102
267,0.341675
268,0.340942
269,0.34082
270,0.338501
271,0.338074
272,0.337646
273,0.337341
274,0.337158
275,0.336548
276,0.336121
277,0.335999
278,0.335938
279,0.335876
280,0.335327
281,0.335815
282,0.335754
283,0.336731
284,0.338074
285,0.338379
286,0.338074
287,0.338928
288,0.340271
289,0.340637
290,0.340088
291,0.339478
292,0.3396
293,0.339172
294,0.338806
295,0.335999
296,0.335266
297,0.335022
298,0.335205
299,0.333984
300,0.333618
301,0.332458
302,0.332642
303,0.332336
304,0.331787
305,0.331604
306,0.330933
307,0.331055
308,0.330811
309,0.330566
310,0.331116
311,0.331116
312,0.331177
313,0.331421
314,0.332703
315,0.333069
316,0.332825
317,0.332336
318,0.332092
319,0.33252
320,0.333923
321,0.33606
322,0.335083
323,0.335693
324,0.335693
325,0.335999
326,0.335449
327,0.335388
328,0.334656
329,0.3349
330,0.334656
331,0.33429
332,0.335083
333,0.335205
334,0.335999
335,0.336304
336,0.336182
337,0.336365
338,0.336304
339,0.336609
340,0.337585
341,0.33783
342,0.337952
343,0.339783
344,0.341736
345,0.345154
346,0.347168
347,0.349915
348,0.350708
349,0.353394
350,0.355408
351,0.357117
352,0.358582
353,0.36084
354,0.362061
355,0.362976
356,0.366211
357,0.366455
358,0.368958
359,0.371033
360,0.371948
361,0.372681
362,0.373535
363,0.373779
364,0.373596
365,0.37323
366,0.371704
367,0.372437
368,0.370972
369,0.369324
370,0.362366
371,0.362671
372,0.363586
373,0.362671
374,0.361511
375,0.361389
376,0.360596
377,0.360168
378,0.358276
379,0.357788
380,0.357727
381,0.355957
382,0.35614
383,0.355347
384,0.354492
385,0.354126
386,0.355957
387,0.355957
388,0.357178
389,0.360901
390,0.36145
391,0.366394
392,0.369568
393,0.369812
394,0.376221
395,0.372986
396,0.374512
397,0.379333
398,0.382446
399,0.382629
400,0.384521
401,0.38623
402,0.386841
403,0.389404
404,0.39032
405,0.390259
406,0.390503
407,0.393372
408,0.393738
409,0.397705
410,0.402039
411,0.402832
412,0.406982
413,0.4104
414,0.412598
415,0.417419
416,0.419434
417,0.41925
418,0.424622
419,0.42627
420,0.429138
421,0.435974
422,0.4375
423,0.439392
424,0.443604
425,0.451416
426,0.450562
427,0.456299
428,0.460693
429,0.463501
430,0.470154
431,0.475769
432,0.478394
433,0.484497
434,0.49176
435,0.492615
436,0.496948
437,0.500793
438,0.505615
439,0.512451
440,0.515747
441,0.518433
442,0.523682
443,0.525452
444,0.527771
445,0.535828
446,0.538025
447,0.539978
448,0.542419
449,0.546387
450,0.548218
451,0.550659
452,0.55249
453,0.55072
454,0.553406
455,0.554871
456,0.557129
457,0.557373
458,0.561462
459,0.563599
460,0.564575
461,0.565491
462,0.56897
463,0.568359
464,0.57196
465,0.571777
466,0.575562
467,0.575073
468,0.576111
469,0.576233
470,0.59259
471,0.59198
472,0.59198
473,0.592896
474,0.591492
475,0.59314
476,0.593445
477,0.594421
478,0.593384
479,0.59552
480,0.594116
481,0.597595
482,0.597046
483,0.59491
484,0.596313
485,0.596497
486,0.597656
487,0.597839
488,0.5979
489,0.597839
490,0.598389
491,0.597351
492,0.596558
493,0.599548
494,0.600525
495,0.598816
496,0.599182
497,0.601929
498,0.59967
499,0.600464
500,0.600159
501,0.599304
502,0.598999
503,0.597534
504,0.598816
505,0.597717
506,0.597534
507,0.595764
508,0.597107
509,0.594421
510,0.59552
511,0.594604
512,0.595642
513,0.596191
514,0.598267
515,0.599609
516,0.602234
517,0.609436
518,0.615845
519,0.622131
520,0.638489
521,0.640991
522,0.645569
523,0.651855
524,0.659729
525,0.663879
526,0.670654
527,0.674744
528,0.678284
529,0.680359
530,0.683228
531,0.68457
532,0.687134
533,0.684998
534,0.687805
535,0.68811
536,0.688904
537,0.686951
538,0.688965
539,0.690796
540,0.69104
541,0.691711
542,0.690796
543,0.692383
544,0.692444
545,0.707092
546,0.706909
547,0.706299
548,0.704895
549,0.700928
550,0.702454
551,0.700623
552,0.704224
553,0.702271
554,0.700684
555,0.698792
556,0.695984
557,0.696167
558,0.696167
559,0.694885
560,0.694397
561,0.69635
562,0.696716
563,0.694702
564,0.695557
565,0.697327
566,0.698547
567,0.699036
568,0.697693
569,0.697693
570,0.691345
571,0.692139
572,0.690369
573,0.690918
574,0.691589
575,0.690002
576,0.69104
577,0.690918
578,0.691223
579,0.691406
580,0.692017
581,0.691284
582,0.690552
583,0.69043
584,0.690125
585,0.688293
586,0.688904
587,0.689087
588,0.68927
589,0.689392
590,0.690125
591,0.68988
592,0.688843
593,0.693054
594,0.695618
595,0.713196
596,0.716309
597,0.717896
598,0.72522
599,0.727539
600,0.730164
601,0.732788
602,0.733582
603,0.734741
604,0.734619
605,0.735229
606,0.73584
607,0.738953
608,0.7453
609,0.745728
610,0.752686
611,0.753784
612,0.754272
613,0.75531
614,0.755859
615,0.757141
616,0.757751
617,0.758728
618,0.759033
619,0.757629
620,0.781799
621,0.780273
622,0.779419
623,0.780762
624,0.78009
625,0.782532
626,0.780945
627,0.78302
628,0.782349
629,0.78186
630,0.782471
631,0.787537
632,0.791504
633,0.794373
634,0.795898
635,0.794495
636,0.797485
637,0.798645
638,0.801025
639,0.80481
640,0.805725
641,0.80481
642,0.805786
643,0.804993
644,0.806396
645,0.814819
646,0.81427
647,0.815002
648,0.81427
649,0.81311
650,0.81311
651,0.81488
652,0.814575
653,0.813354
654,0.82019
655,0.823242
656,0.824768
657,0.823486
658,0.824707
659,0.821777
660,0.82135
661,0.823425
662,0.819275
663,0.822021
664,0.82196
665,0.820557
666,0.820068
667,0.81958
668,0.818237
669,0.818237
670,0.817627
671,0.815735
672,0.816101
673,0.815491
674,0.815979
675,0.81604
676,0.81488
677,0.816833
678,0.817932
679,0.814453
680,0.814514
681,0.814819
682,0.81488
683,0.814148
684,0.812317
685,0.813782
686,0.812195
687,0.812378
688,0.810425
689,0.808411
690,0.8078
691,0.808044
692,0.809326
693,0.808105
694,0.80658
695,0.814758
696,0.8125
697,0.811584
698,0.811951
699,0.811462
700,0.810669
701,0.809814
702,0.811401
703,0.81012
704,0.814453
705,0.814392
706,0.816589
707,0.816711
708,0.819763
709,0.820435
710,0.82196
711,0.82312
712,0.82373
713,0.824341
714,0.8255
715,0.827393
716,0.827087
717,0.826721
718,0.826355
719,0.826782
720,0.834778
721,0.834473
722,0.835327
723,0.835327
724,0.835571
725,0.835876
726,0.835876
727,0.83606
728,0.836792
729,0.836548
730,0.836487
731,0.835815
732,0.835083
733,0.835327
734,0.835144
735,0.836304
736,0.836182
737,0.835144
738,0.835449
739,0.8349
740,0.835876
741,0.835449
742,0.835693
743,0.835876
744,0.835571
745,0.838257
746,0.838989
747,0.838501
748,0.838806
749,0.838379
750,0.838989
751,0.839539
752,0.839355
753,0.838623
754,0.838196
755,0.838196
756,0.838074
757,0.838013
758,0.837402
759,0.837524
760,0.837952
761,0.838257
762,0.838257
763,0.838806
764,0.838562
765,0.839355
766,0.839844
767,0.839539
768,0.839478
769,0.839294
770,0.842896
771,0.842834
772,0.842896
773,0.842834
774,0.843506
775,0.843079
776,0.84314
777,0.843994
778,0.843933
779,0.843079
780,0.842834
781,0.842041
782,0.841736
783,0.841309
784,0.841003
785,0.840576
786,0.840881
787,0.841003
788,0.840942
789,0.84082
790,0.840332
791,0.840271
792,0.839844
793,0.839417
794,0.838562
795,0.840454
796,0.839539
797,0.840088
798,0.84021
799,0.840149
800,0.839111
801,0.837708
802,0.83728
803,0.83783
804,0.837402
805,0.838989
806,0.838501
807,0.838196
808,0.838501
809,0.838074
810,0.837646
811,0.836426
812,0.836731
813,0.837402
814,0.838257
815,0.839111
816,0.839539
817,0.839661
818,0.838745
819,0.839722
820,0.841919
821,0.842468
822,0.842285
823,0.842712
824,0.842773
825,0.843384
826,0.843506
827,0.844177
828,0.844788
829,0.845337
830,0.845215
831,0.845215
832,0.845032
833,0.845154
834,0.84491
835,0.845276
836,0.845093
837,0.845703
838,0.845642
839,0.84552
840,0.845459
841,0.845703
842,0.845886
843,0.846191
844,0.846252
845,0.847656
846,0.847717
847,0.848694
848,0.848511
849,0.848328
850,0.847717
851,0.847473
852,0.847412
853,0.847473
854,0.84729
855,0.847595
856,0.847534
857,0.847778
858,0.847473
859,0.847961
860,0.847351
861,0.84668
862,0.847595
863,0.847778
864,0.847717
865,0.848145
866,0.848267
867,0.847656
868,0.847839
869,0.847595
870,0.844482
871,0.844788
872,0.84436
873,0.844055
874,0.84375
875,0.84491
876,0.84491
877,0.844543
878,0.844177
879,0.844055
880,0.844604
881,0.845459
882,0.845642
883,0.845947
884,0.845886
885,0.846375
886,0.846985
887,0.847351
888,0.847656
889,0.847656
890,0.847473
891,0.846741
892,0.847229
893,0.847107
894,0.847839
895,0.847534
896,0.847778
897,0.848145
898,0.848145
899,0.8479
900,0.848022
901,0.848022
902,0.848389
903,0.848145
904,0.847595
905,0.849304
906,0.849609
907,0.849609
908,0.849182
909,0.848572
910,0.848816
911,0.849731
912,0.849426
913,0.849609
914,0.850342
915,0.850525
916,0.850769
917,0.850708
918,0.849792
919,0.85022
920,0.849365
921,0.849426
922,0.849182
923,0.848999
924,0.849121
925,0.849609
926,0.849243
927,0.84906
928,0.848816
929,0.848877
930,0.846985
931,0.847107
932,0.846863
933,0.847107
934,0.847046
935,0.847229
936,0.847473
937,0.846741
938,0.846924
939,0.846252
940,0.846252
941,0.846069
942,0.845337
943,0.844971
944,0.844788
945,0.845093
946,0.845215
947,0.845215
948,0.845093
949,0.84552
950,0.84552
951,0.845398
952,0.84491
953,0.844971
954,0.845032
955,0.847534
956,0.846863
957,0.846802
958,0.84668
959,0.846924
960,0.845581
961,0.845703
962,0.845886
963,0.846008
964,0.845642
965,0.84613
966,0.84668
967,0.846313
968,0.847107
969,0.846741
970,0.846497
971,0.845764
972,0.845703
973,0.844604
974,0.844116
975,0.844299
976,0.844299
977,0.844177
978,0.844604
979,0.844177
980,0.842651
981,0.842773
982,0.843262
983,0.844238
984,0.843994
985,0.845276
986,0.845398
987,0.845276
988,0.844604
989,0.84491
990,0.844604
991,0.844421
992,0.843994
993,0.84491
994,0.844421
995,0.845215
996,0.844604
997,0.844482
998,0.844055
999,0.844543
1000,0.844482
1001,0.844971
1002,0.845154
1003,0.84613
1004,0.845398
1005,0.84552
1006,0.845642
1007,0.845276
1008,0.845581
1009,0.845337
1010,0.844788
1011,0.843262
1012,0.842712
1013,0.843689
1014,0.844482
1015,0.84375
1016,0.843933
1017,0.843933
1018,0.844055
1019,0.843811
1020,0.84436
1021,0.844666
1022,0.844971
1023,0.844666
1024,0.84436
1025,0.84375
1026,0.844238
1027,0.844543
1028,0.844116
1029,0.843811
1030,0.844788
1031,0.844727
1032,0.844971
1033,0.844116
1034,0.844543
1035,0.843872
1036,0.844543
1037,0.843872
1038,0.843506
1039,0.84314
1040,0.843262
1041,0.843628
1042,0.844666
1043,0.844177
1044,0.844604
1045,0.844666
1046,0.844238
1047,0.843628
1048,0.844116
1049,0.84375
1050,0.843506
1051,0.843933
1052,0.843262
1053,0.843689
1054,0.84314
1055,0.84259
1056,0.842651
1057,0.842957
1058,0.843628
1059,0.84314
1060,0.843567
1061,0.84259
1062,0.842651
1063,0.842224
1064,0.841858
1065,0.842957
1066,0.842529
1067,0.843201
1068,0.84259
1069,0.842529
1070,0.842224
1071,0.842468
1072,0.842102
1073,0.841064
1074,0.840881
1075,0.841614
1076,0.840759
1077,0.840881
1078,0.841431
1079,0.841675
1080,0.841064
1081,0.841003
1082,0.841309
1083,0.842346
1084,0.842102
1085,0.842163
1086,0.841553
1087,0.842346
1088,0.842407
1089,0.842896
1090,0.843018
1091,0.843079
1092,0.843384
1093,0.843079
1094,0.842651
1095,0.842957
1096,0.843506
1097,0.843567
1098,0.842712
1099,0.843201
1100,0.843323
1101,0.843201
1102,0.842346
1103,0.842468
1104,0.842712
1105,0.842529
1106,0.842163
1107,0.841675
1108,0.840942
1109,0.840454
1110,0.840759
1111,0.840759
1112,0.841736
1113,0.842041
1114,0.842285
1115,0.841553
1116,0.841614
1117,0.841492
1118,0.84137
1119,0.841553
1120,0.842529
1121,0.84198
1122,0.842163
1123,0.841919
1124,0.842407
1125,0.841797
1126,0.842834
1127,0.841675
1128,0.840942
1129,0.840393
1130,0.84021
1131,0.840454
1132,0.839417
1133,0.839478
1134,0.839355
1135,0.840271
1136,0.841187
1137,0.840759
1138,0.840759
1139,0.839844
1140,0.840881
1141,0.841064
1142,0.841797
1143,0.840088
1144,0.840759
1145,0.841797
1146,0.841125
1147,0.840515
1148,0.840515
1149,0.840881
1150,0.841797
1151,0.841492
1152,0.841675
1153,0.843079
1154,0.842712
1155,0.842957
1156,0.843262
1157,0.843018
1158,0.841614
1159,0.842285
1160,0.842285
1161,0.841614
1162,0.841248
1163,0.841309
1164,0.840637
1165,0.84198
1166,0.841736
1167,0.841919
1168,0.842773
1169,0.843018
1170,0.843872
1171,0.843689
1172,0.844604
1173,0.843384
1174,0.844482
1175,0.845398
1176,0.845032
1177,0.844604
1178,0.844543
1179,0.84436
1180,0.844055
1181,0.843628
1182,0.843933
1183,0.843628
1184,0.843445
1185,0.843445
1186,0.84259
1187,0.843201
1188,0.842896
1189,0.843079
1190,0.84259
1191,0.842896
1192,0.842224
1193,0.84198
1194,0.842651
1195,0.842285
1196,0.84198
1197,0.842468
1198,0.842407
1199,0.842102
1200,0.842041
1201,0.841858
1202,0.842407
1203,0.843079
1204,0.842712
1205,0.841675
1206,0.841858
1207,0.84198
1208,0.841614
1209,0.841919
1210,0.841858
1211,0.844238
1212,0.844727
1213,0.843994
1214,0.843811
1215,0.843628
1216,0.843201
1217,0.84314
1218,0.843994
1219,0.844788
1220,0.844666
1221,0.843689
1222,0.843445
1223,0.843384
1224,0.843201
1225,0.842468
1226,0.842468
1227,0.843018
1228,0.84314
1229,0.84314
1230,0.842651
1231,0.842773
1232,0.842163
1233,0.842651
1234,0.842651
1235,0.84259
1236,0.84021
1237,0.84021
1238,0.840332
1239,0.839783
1240,0.839905
1241,0.840454
1242,0.840454
1243,0.84082
1244,0.84021
1245,0.839539
1246,0.840332
1247,0.840332
1248,0.840515
1249,0.841003
1250,0.839844
1251,0.841248
1252,0.840942
1253,0.84082
1254,0.840698
1255,0.841187
1256,0.841858
1257,0.841187
1258,0.841675
1259,0.841675
1260,0.84137
1261,0.841125
1262,0.841431
1263,0.840698
1264,0.841125
1265,0.841309
1266,0.842285
1267,0.841614
1268,0.840637
1269,0.840698
1270,0.84198
1271,0.840881
1272,0.841248
1273,0.840759
1274,0.840454
1275,0.841309
1276,0.840942
1277,0.841431
1278,0.841431
1279,0.84198
1280,0.842041
1281,0.841675
1282,0.841919
1283,0.842163
1284,0.842285
1285,0.84198
1286,0.841064
1287,0.840942
1288,0.840332
1289,0.84082
1290,0.839966
1291,0.840149
1292,0.840332
1293,0.840515
1294,0.840515
1295,0.84082
1296,0.840942
1297,0.840149
1298,0.840332
1299,0.841125
1300,0.841553
1301,0.841553
1302,0.841675
1303,0.841736
1304,0.842041
1305,0.842407
1306,0.842712
1307,0.842712
1308,0.842896
1309,0.842651
1310,0.841675
1311,0.842712
1312,0.842712
1313,0.842773
1314,0.842346
1315,0.841675
1316,0.842041
1317,0.842468
1318,0.842712
1319,0.843262
1320,0.842957
1321,0.842957
1322,0.842163
1323,0.842651
1324,0.842773
1325,0.842529
1326,0.842468
1327,0.841614
1328,0.84198
1329,0.841553
1330,0.84198
1331,0.841431
1332,0.841797
1333,0.84137
1334,0.841309
1335,0.840698
1336,0.842712
1337,0.843323
1338,0.842773
1339,0.843872
1340,0.843079
1341,0.843201
1342,0.842651
1343,0.841919
1344,0.842346
1345,0.841675
1346,0.841797
1347,0.843079
1348,0.842957
1349,0.84198
1350,0.841919
1351,0.841553
1352,0.841675
1353,0.842041
1354,0.842285
1355,0.841614
1356,0.841858
1357,0.841431
1358,0.842224
1359,0.841614
1360,0.842224
1361,0.842407
1362,0.842102
1363,0.842163
1364,0.840759
1365,0.841736
1366,0.841248
1367,0.841003
1368,0.840942
1369,0.840881
1370,0.839966
1371,0.840942
1372,0.841431
1373,0.841797
1374,0.840515
1375,0.840698
1376,0.839783
1377,0.841187
1378,0.84137
1379,0.840393
1380,0.840271
1381,0.840576
1382,0.84021
1383,0.841492
1384,0.841797
1385,0.842102
1386,0.844238
1387,0.843811
1388,0.843201
1389,0.843262
1390,0.844849
1391,0.844116
1392,0.846558
1393,0.846069
1394,0.847046
1395,0.846924
1396,0.847351
1397,0.846069
1398,0.847412
1399,0.846741
1400,0.848022
1401,0.846863
1402,0.847534
1403,0.847412
1404,0.84729
1405,0.848328
1406,0.848938
1407,0.848511
1408,0.848267
1409,0.848389
1410,0.848633
1411,0.846558
1412,0.845459
1413,0.845459
1414,0.845764
1415,0.845642
1416,0.84552
1417,0.84668
1418,0.847534
1419,0.848145
1420,0.848145
1421,0.845947
1422,0.845703
1423,0.84668
1424,0.848022
1425,0.847839
1426,0.847717
1427,0.847168
1428,0.847595
1429,0.84906
1430,0.850464
1431,0.847656
1432,0.848206
1433,0.846619
1434,0.845703
1435,0.848328
1436,0.850464
1437,0.850769
1438,0.850891
1439,0.849304
1440,0.848877
1441,0.850891
1442,0.849548
1443,0.85144
1444,0.852051
1445,0.849731
1446,0.849426
1447,0.852356
1448,0.853149
1449,0.852295
1450,0.853027
1451,0.852356
1452,0.853027
1453,0.853333
1454,0.851501
1455,0.852234
1456,0.85376
1457,0.852478
1458,0.853271
1459,0.854797
1460,0.851135
1461,0.855286
1462,0.856506
1463,0.857361
1464,0.856384
1465,0.855835
1466,0.855774
1467,0.859131
1468,0.85968
1469,0.859131
1470,0.857971
1471,0.86084
1472,0.858948
1473,0.855347
1474,0.862244
1475,0.862061
1476,0.863403
1477,0.863098
1478,0.865845
1479,0.861511
1480,0.858276
1481,0.860962
1482,0.862732
1483,0.865417
1484,0.865112
1485,0.862915
1486,0.865173
1487,0.866638
1488,0.866699
1489,0.86731
1490,0.868225
1491,0.873169
1492,0.87262
1493,0.875
1494,0.878052
1495,0.874756
1496,0.879456
1497,0.87793
1498,0.879028
1499,0.875244
1500,0.875366
1501,0.871216
1502,0.870483
1503,0.867737
1504,0.867493
1505,0.867126
1506,0.8703
1507,0.870422
1508,0.866516
1509,0.863037
1510,0.866333
1511,0.8703
1512,0.868286
1513,0.87439
1514,0.870056
1515,0.872864
1516,0.869019
1517,0.872559
1518,0.874756
1519,0.872864
1520,0.869568
1521,0.87262
1522,0.869507
1523,0.870239
1524,0.872803
1525,0.869019
1526,0.875732
1527,0.873962
1528,0.875671
1529,0.878662
1530,0.87561
1531,0.878052
1532,0.877075
1533,0.878784
1534,0.878906
1535,0.880127
1536,0.879089
1537,0.880432
1538,0.877441
1539,0.878357
1540,0.873108
1541,0.874573
1542,0.878235
1543,0.872986
1544,0.874817
1545,0.878235
1546,0.878723
1547,0.875732
1548,0.876587
1549,0.87677
1550,0.876343
1551,0.87262
1552,0.876038
1553,0.877258
1554,0.880005
1555,0.882324
1556,0.883301
1557,0.883972
1558,0.882446
1559,0.880066
1560,0.885498
1561,0.884583
1562,0.876221
1563,0.876709
1564,0.87323
1565,0.876526
1566,0.87323
1567,0.873657
1568,0.872864
1569,0.877319
1570,0.876099
1571,0.876831
1572,0.876892
1573,0.875854
1574,0.876282
1575,0.877136
1576,0.881348
1577,0.876526
1578,0.875305
1579,0.873047
1580,0.881592
1581,0.88031
1582,0.876343
1583,0.880493
1584,0.886536
1585,0.887085
1586,0.883972
1587,0.882019
1588,0.881165
1589,0.885986
1590,0.883057
1591,0.880127
1592,0.88324
1593,0.880737
1594,0.870361
1595,0.874268
1596,0.867859
1597,0.866516
1598,0.862671
1599,0.863037
1600,0.86084
1601,0.857849
1602,0.85791
1603,0.856567
1604,0.862305
1605,0.856018
1606,0.858704
1607,0.859131
1608,0.861206
1609,0.856689
1610,0.859131
1611,0.863403
1612,0.862488
1613,0.859314
1614,0.860779
1615,0.869507
1616,0.86615
1617,0.867004
1618,0.862671
1619,0.863403
1620,0.859436
1621,0.855835
1622,0.859131
1623,0.858582
1624,0.861145
1625,0.866699
1626,0.866272
1627,0.863647
1628,0.866638
1629,0.862122
1630,0.862976
1631,0.862915
1632,0.86499
1633,0.861328
1634,0.861023
1635,0.861328
1636,0.858643
1637,0.865417
1638,0.865051
1639,0.867615
1640,0.866516
1641,0.868286
1642,0.86908
1643,0.867126
1644,0.863831
1645,0.863464
1646,0.866028
1647,0.864929
1648,0.863586
1649,0.863159
1650,0.861023
1651,0.859497
1652,0.857788
1653,0.860596
1654,0.855225
1655,0.855591
1656,0.856262
1657,0.852722
1658,0.850525
1659,0.852417
1660,0.851501
1661,0.853027
1662,0.849182
1663,0.854492
1664,0.85791
1665,0.850708
1666,0.857666
1667,0.858032
1668,0.856506
1669,0.857727
1670,0.856018
1671,0.859009
1672,0.855774
1673,0.857239
1674,0.864197
1675,0.858643
1676,0.859985
1677,0.85553
1678,0.851868
1679,0.856384
1680,0.851929
1681,0.850281
1682,0.84552
1683,0.840759
1684,0.840759
1685,0.835449
1686,0.829529
1687,0.835449
1688,0.834717
1689,0.834473
1690,0.838928
1691,0.837463
1692,0.842957
1693,0.845215
1694,0.845703
1695,0.838257
1696,0.836182
1697,0.831726
1698,0.83728
1699,0.837952
1700,0.831665
1701,0.831299
1702,0.829468
1703,0.832458
1704,0.824646
1705,0.834656
1706,0.835388
1707,0.836243
1708,0.843079
1709,0.845825
1710,0.846497
1711,0.841736
1712,0.839844
1713,0.842834
1714,0.838867
1715,0.835022
1716,0.83252
1717,0.831482
1718,0.831299
1719,0.831482
1720,0.832458
1721,0.830261
1722,0.830444
1723,0.8349
1724,0.83783
1725,0.836182
1726,0.843323
1727,0.844604
1728,0.847412
1729,0.849121
1730,0.853027
1731,0.853821
1732,0.846313
1733,0.841003
1734,0.829773
1735,0.822632
1736,0.800476
1737,0.797485
1738,0.792908
1739,0.790588
1740,0.789307
1741,0.781311
1742,0.780823
1743,0.774597
1744,0.761841
1745,0.757629
1746,0.761292
1747,0.767273
1748,0.713806
1749,0.710388
1750,0.716431
1751,0.717712
1752,0.710266
1753,0.668823
1754,0.66571
1755,0.654663
1756,0.649048
1757,0.644348
1758,0.641479
1759,0.635437
1760,0.628601
1761,0.617188
1762,0.609131
1763,0.603943
1764,0.599854
1765,0.588745
1766,0.587341
1767,0.602295
1768,0.609375
1769,0.618042
1770,0.622681
1771,0.63324
1772,0.642517
1773,0.651489
1774,0.659729
1775,0.657532
1776,0.677307
1777,0.687195
1778,0.693359
1779,0.699097
1780,0.705261
1781,0.705383
1782,0.7005
1783,0.694458
1784,0.691772
1785,0.683228
1786,0.67981
1787,0.684631
1788,0.685791
1789,0.678467
1790,0.676453
1791,0.667358
1792,0.661377
1793,0.65979
1794,0.649902
1795,0.640137
1796,0.63446
1797,0.62384
1798,0.61969
1799,0.619324
1800,0.618835
1801,0.616882
1802,0.617432
1803,0.620117
1804,0.618164
1805,0.623352
1806,0.630493
1807,0.624451
1808,0.627747
1809,0.628723
1810,0.626892
1811,0.615662
1812,0.620361
1813,0.618103
1814,0.616699
1815,0.619385
1816,0.618408
1817,0.615051
1818,0.612061
1819,0.601196
1820,0.600281
1821,0.600159
1822,0.592468
1823,0.583923
1824,0.579224
1825,0.575317
1826,0.569641
1827,0.559875
1828,0.548889
1829,0.544495
1830,0.541016
1831,0.540955
1832,0.538879
1833,0.533142
1834,0.526245
1835,0.523865
1836,0.503174
1837,0.512756
1838,0.516357
1839,0.519348
1840,0.52124
1841,0.521362
1842,0.528503
1843,0.520874
1844,0.5224
1845,0.52002
1846,0.53009
1847,0.527954
1848,0.530212
1849,0.536133
1850,0.534729
1851,0.534729
1852,0.536621
1853,0.533386
1854,0.52417
1855,0.513733
1856,0.510864
1857,0.500732
1858,0.50116
1859,0.49939
1860,0.495728
1861,0.490295
1862,0.485352
1863,0.484619
1864,0.477112
1865,0.473206
1866,0.462219
1867,0.452698
1868,0.447998
1869,0.448792
1870,0.446472
1871,0.444946
1872,0.447937
1873,0.451843
1874,0.455627
1875,0.460571
1876,0.469604
1877,0.470215
1878,0.479797
1879,0.488953
1880,0.487305
1881,0.495361
1882,0.50592
1883,0.496033
1884,0.482788
1885,0.486328
1886,0.481384
1887,0.484619
1888,0.492004
1889,0.496338
1890,0.505615
1891,0.51355
1892,0.517212
1893,0.526062
1894,0.537537
1895,0.540588
1896,0.54303
1897,0.535645
1898,0.52063
1899,0.517273
1900,0.52002
1901,0.524292
1902,0.542969
1903,0.551636
1904,0.56012
1905,0.575867
1906,0.612
1907,0.624207
1908,0.649109
1909,0.665466
1910,0.675171
1911,0.67865
1912,0.686768
1913,0.691284
1914,0.707153
1915,0.709961
1916,0.712036
1917,0.722839
1918,0.737915
1919,0.738281
1920,0.744141
1921,0.750122
1922,0.75238
1923,0.751831
1924,0.750183
1925,0.717468
1926,0.699768
1927,0.692566
1928,0.687012
1929,0.670349
1930,0.652283
1931,0.639526
1932,0.620605
1933,0.539734
1934,0.528809
1935,0.511475
1936,0.471497
1937,0.468872
1938,0.456421
1939,0.440308
1940,0.431824
1941,0.421936
1942,0.416016
1943,0.424683
1944,0.421997
1945,0.417053
1946,0.415649
1947,0.400391
1948,0.39093
1949,0.388306
1950,0.377075
1951,0.369812
1952,0.364014
1953,0.356384
1954,0.351929
1955,0.353394
1956,0.351562
1957,0.345642
1958,0.341125
1959,0.333984
1960,0.331055
1961,0.326721
1962,0.324768
1963,0.321289
1964,0.318604
1965,0.313354
1966,0.30957
1967,0.306335
1968,0.300781
1969,0.296997
1970,0.29248
1971,0.283386
1972,0.272522
1973,0.266541
1974,0.24939
1975,0.237183
1976,0.233032
1977,0.224548
1978,0.217102
1979,0.213928
1980,0.209351
1981,0.204285
1982,0.201843
1983,0.197266
1984,0.194641
1985,0.191467
1986,0.170349
1987,0.169128
1988,0.169189
1989,0.168213
1990,0.167969
1991,0.16803
1992,0.168213
1993,0.167786
1994,0.167358
1995,0.166199
1996,0.166809
1997,0.165222
1998,0.162415
1999,0.162537
2000,0.161133
2001,0.15863
2002,0.164307
2003,0.168579
2004,0.175781
2005,0.187256
2006,0.196228
2007,0.207275
2008,0.220093
2009,0.228516
2010,0.247925
2011,0.260315
2012,0.268311
2013,0.299377
2014,0.319641
2015,0.351074
2016,0.377869
2017,0.396484
2018,0.42334
2019,0.451965
2020,0.461365
2021,0.464355
2022,0.477905
2023,0.495605
2024,0.509216
2025,0.538147
2026,0.571899
2027,0.589966
2028,0.61731
2029,0.647766
2030,0.658142
2031,0.682678
2032,0.681274
2033,0.678223
2034,0.678711
2035,0.677917
2036,0.68866
2037,0.696838
2038,0.682434
2039,0.689453
2040,0.696655
2041,0.692871
2042,0.653809
2043,0.635803
2044,0.573792
2045,0.558655
2046,0.52948
2047,0.506287
2048,0.49408
2049,0.475159
2050,0.455017
2051,0.440125
2052,0.424072
2053,0.407776
2054,0.402832
2055,0.382019
2056,0.36969
2057,0.364502
2058,0.34729
2059,0.33197
2060,0.322327
2061,0.291931
2062,0.283508
2063,0.280457
2064,0.278198
2065,0.273132
2066,0.271606
2067,0.26709
2068,0.265625
2069,0.265625
2070,0.264709
2071,0.265259
2072,0.264221
2073,0.266174
2074,0.262024
2075,0.259338
2076,0.254211
2077,0.242981
2078,0.239319
2079,0.223572
2080,0.21167
2081,0.205566
2082,0.193115
2083,0.184509
2084,0.180359
2085,0.174438
2086,0.162781
2087,0.16217
2088,0.16217
2089,0.162048
2090,0.161377
2091,0.161011
2092,0.160828
2093,0.160889
2094,0.15979
2095,0.160767
2096,0.161438
2097,0.161804
2098,0.161682
2099,0.162048
2100,0.162598
2101,0.165527
2102,0.16803
2103,0.172546
2104,0.180054
2105,0.183044
2106,0.190735
2107,0.198914
2108,0.202881
2109,0.213379
2110,0.22644
2111,0.234192
2112,0.257141
2113,0.285156
2114,0.291626
2115,0.332153
2116,0.351746
2117,0.382507
2118,0.423401
2119,0.477173
2120,0.496216
2121,0.535828
2122,0.561157
2123,0.607666
2124,0.650879
2125,0.674927
2126,0.694946
2127,0.728821
2128,0.776306
2129,0.796326
2130,0.81189
2131,0.827148
2132,0.837158
2133,0.849915
2134,0.854736
2135,0.858887
2136,0.884094
2137,0.888184
2138,0.889709
2139,0.892334
2140,0.889282
2141,0.890747
2142,0.888916
2143,0.887878
2144,0.883911
2145,0.881775
2146,0.879944
2147,0.880554
2148,0.882446
2149,0.889038
2150,0.888062
2151,0.885193
2152,0.8573
2153,0.851929
2154,0.809387
2155,0.77887
2156,0.770569
2157,0.734619
2158,0.704834
2159,0.699097
2160,0.687561
2161,0.643066
2162,0.647034
2163,0.645447
2164,0.645813
2165,0.648682
2166,0.648743
2167,0.64624
2168,0.648132
2169,0.645386
2170,0.643433
2171,0.640503
2172,0.63739
2173,0.635315
2174,0.631042
2175,0.63208
2176,0.579773
2177,0.568665
2178,0.54834
2179,0.519653
2180,0.481262
2181,0.442383
2182,0.416321
2183,0.40271
2184,0.390137
2185,0.359009
2186,0.30957
2187,0.302368
2188,0.296387
2189,0.294495
2190,0.28418
2191,0.269653
2192,0.267822
2193,0.260986
2194,0.251831
2195,0.247131
2196,0.240479
2197,0.230591
2198,0.228394
2199,0.221802
2200,0.213684
2201,0.210632
2202,0.201904
2203,0.19696
2204,0.193359
2205,0.190979
2206,0.188782
2207,0.188599
2208,0.186401
2209,0.183167
2210,0.181885
2211,0.17218
2212,0.167725
2213,0.16626
2214,0.162781
2215,0.160461
2216,0.15863
2217,0.15802
2218,0.155273
2219,0.155334
2220,0.156128
2221,0.156433
2222,0.156372
2223,0.15686
2224,0.156006
2225,0.155518
2226,0.156006
2227,0.156555
2228,0.156067
2229,0.156067
2230,0.15564
2231,0.15509
2232,0.156006
2233,0.157043
2234,0.156738
2235,0.157227
2236,0.155823
2237,0.155457
2238,0.157166
2239,0.157227
2240,0.158203
2241,0.15918
2242,0.158508
2243,0.158142
2244,0.157349
2245,0.158936
2246,0.158997
2247,0.160828
2248,0.160461
2249,0.160217
2250,0.159973
2251,0.159851
2252,0.159424
2253,0.160645
2254,0.161072
2255,0.160706
2256,0.159607
2257,0.159607
2258,0.160889
2259,0.162109
2260,0.162109
2261,0.161255
2262,0.160767
2263,0.162292
2264,0.162415
2265,0.162903
2266,0.164551
2267,0.164001
2268,0.166382
2269,0.176086
2270,0.178284
2271,0.188538
2272,0.196899
2273,0.201477
2274,0.210327
2275,0.220642
2276,0.2276
2277,0.239136
2278,0.25177
2279,0.257996
2280,0.267578
2281,0.274902
2282,0.27771
2283,0.283508
2284,0.289673
2285,0.289307
2286,0.283997
2287,0.289734
2288,0.294861
2289,0.295715
2290,0.29541
2291,0.294861
2292,0.296631
2293,0.293945
2294,0.286011
2295,0.280151
2296,0.27417
2297,0.270508
2298,0.263611
2299,0.262329
2300,0.262085
2301,0.266602
2302,0.268372
2303,0.271057
2304,0.274719
2305,0.27887
2306,0.282166
2307,0.282227
2308,0.282715
2309,0.279907
2310,0.278442
2311,0.273865
2312,0.274353
2313,0.269897
2314,0.269958
2315,0.271729
2316,0.266113
2317,0.266479
2318,0.265198
2319,0.26416
2320,0.263245
2321,0.263916
2322,0.259155
2323,0.250488
2324,0.250122
2325,0.246826
2326,0.245117
2327,0.242188
2328,0.236145
2329,0.231873
2330,0.227417
2331,0.220215
2332,0.212158
2333,0.210022
2334,0.202942
2335,0.196533
2336,0.191101
2337,0.18634
2338,0.181946
2339,0.177551
2340,0.175476
2341,0.176147
2342,0.17572
2343,0.172363
2344,0.171814
2345,0.171997
2346,0.171326
2347,0.168884
2348,0.168396
2349,0.168457
2350,0.1698
2351,0.171326
2352,0.17395
2353,0.179871
2354,0.186218
2355,0.189575
2356,0.19342
2357,0.196045
2358,0.200134
2359,0.200073
2360,0.199951
2361,0.190125
2362,0.185425
2363,0.182983
2364,0.178162
2365,0.177917
2366,0.172913
2367,0.171448
2368,0.171143
2369,0.170288
2370,0.167847
2371,0.162903
2372,0.163391
2373,0.159485
2374,0.159424
2375,0.159912
2376,0.158447
2377,0.158875
2378,0.158142
2379,0.155884
2380,0.155396
2381,0.155273
2382,0.156006
2383,0.156433
2384,0.158569
2385,0.167114
2386,0.174866
2387,0.18103
2388,0.192505
2389,0.215881
2390,0.225769
2391,0.243958
2392,0.276855
2393,0.292358
2394,0.310608
2395,0.357239
2396,0.36615
2397,0.389587
2398,0.407288
2399,0.415527
2400,0.422546
2401,0.427612
2402,0.430359
2403,0.433838
2404,0.431396
2405,0.429565
2406,0.432495
2407,0.427734
2408,0.42749
2409,0.42511
2410,0.382629
2411,0.353516
2412,0.351074
2413,0.353455
2414,0.335999
2415,0.312378
2416,0.29834
2417,0.292175
2418,0.286865
2419,0.261047
2420,0.253723
2421,0.242493
2422,0.227173
2423,0.21936
2424,0.208557
2425,0.195374
2426,0.191162
2427,0.183594
2428,0.175293
2429,0.170959
2430,0.164124
2431,0.158569
2432,0.155884
2433,0.151001
2434,0.157715
2435,0.161499
2436,0.170532
2437,0.183105
2438,0.189087
2439,0.201294
2440,0.210144
2441,0.216248
2442,0.225281
2443,0.231934
2444,0.235535
2445,0.236206
2446,0.236328
2447,0.2323
2448,0.224365
2449,0.223145
2450,0.217041
2451,0.211487
2452,0.200623
2453,0.194519
2454,0.182007
2455,0.178406
2456,0.179138
2457,0.179871
2458,0.185486
2459,0.187073
2460,0.188904
2461,0.187378
2462,0.190979
2463,0.18988
2464,0.184692
2465,0.185059
2466,0.180786
2467,0.179688
2468,0.179138
2469,0.180176
2470,0.18103
2471,0.177429
2472,0.171997
2473,0.166931
2474,0.164917
2475,0.163208
2476,0.160645
2477,0.158569
2478,0.160156
2479,0.162537
2480,0.165283
2481,0.169739
2482,0.175964
2483,0.18042
2484,0.18634
2485,0.186646
2486,0.185608
2487,0.186462
2488,0.180359
2489,0.179199
2490,0.174377
2491,0.174194
2492,0.173523
2493,0.171875
2494,0.170837
2495,0.169617
2496,0.16925
2497,0.166382
2498,0.165588
2499,0.163696
2500,0.16156
2501,0.161255
2502,0.160767
2503,0.160828
2504,0.161804
2505,0.162842
2506,0.16156
2507,0.160645
2508,0.162231
2509,0.164612
2510,0.168335
2511,0.174011
2512,0.181458
2513,0.188965
2514,0.202454
2515,0.217651
2516,0.224854
2517,0.237183
2518,0.247681
2519,0.253906
2520,0.268738
2521,0.278381
2522,0.282166
2523,0.306213
2524,0.31781
2525,0.322449
2526,0.333191
2527,0.342957
2528,0.34729
2529,0.349304
2530,0.347046
2531,0.349487
2532,0.346008
2533,0.347229
2534,0.339478
2535,0.331299
2536,0.322693
2537,0.320374
2538,0.319885
2539,0.309937
2540,0.306885
2541,0.295776
2542,0.284363
2543,0.278992
2544,0.268005
2545,0.266357
2546,0.25769
2547,0.236938
2548,0.230774
2549,0.228088
2550,0.228394
2551,0.229675
2552,0.230103
2553,0.230469
2554,0.229431
2555,0.228821
2556,0.232422
2557,0.224915
2558,0.221313
2559,0.216125
2560,0.205627
2561,0.188904
2562,0.182556
2563,0.174316
2564,0.171387
2565,0.165161
2566,0.159058
2567,0.156494
2568,0.152161
2569,0.147034
2570,0.145142
2571,0.141235
2572,0.139282
2573,0.138489
2574,0.136902
2575,0.136597
2576,0.136902
2577,0.13678
2578,0.136719
2579,0.13678
2580,0.136963
2581,0.137268
2582,0.137329
2583,0.137207
2584,0.137146
2585,0.137085
2586,0.13739
2587,0.136658
2588,0.136658
2589,0.136414
2590,0.136902
2591,0.137207
2592,0.137146
2593,0.137268
2594,0.137207
2595,0.137634
2596,0.137634
2597,0.137451
2598,0.137268
2599,0.137268
2600,0.137329
2601,0.137329
2602,0.137573
2603,0.137268
2604,0.136902
2605,0.136902
2606,0.136963
2607,0.136963
2608,0.136902
2609,0.136902
2610,0.136536
2611,0.135864
2612,0.136414
2613,0.136841
2614,0.136719
2615,0.137451
2616,0.137268
2617,0.137451
2618,0.137329
2619,0.137329
2620,0.13739
2621,0.137207
2622,0.137146
2623,0.13739
2624,0.137329
2625,0.138
2626,0.145386
2627,0.149475
2628,0.160828
2629,0.171204
2630,0.175415
2631,0.186279
2632,0.19574
2633,0.199768
2634,0.208313
2635,0.212463
2636,0.210388
2637,0.213562
2638,0.214172
2639,0.216003
2640,0.22229
2641,0.233521
2642,0.238708
2643,0.252258
2644,0.268372
2645,0.276672
2646,0.299866
2647,0.322876
2648,0.328125
2649,0.352905
2650,0.362122
2651,0.370361
2652,0.407654
2653,0.432861
2654,0.43927
2655,0.454163
2656,0.470764
2657,0.48175
2658,0.496155
2659,0.505371
2660,0.503113
2661,0.511841
2662,0.514648
2663,0.520325
2664,0.517456
2665,0.512329
2666,0.509216
2667,0.506104
2668,0.49939
2669,0.492615
2670,0.490417
2671,0.491394
2672,0.493164
2673,0.478088
2674,0.470337
2675,0.477295
2676,0.455872
2677,0.443542
2678,0.440979
2679,0.432068
2680,0.427185
2681,0.413391
2682,0.396729
2683,0.388062
2684,0.38739
2685,0.381287
2686,0.351013
2687,0.354858
2688,0.359436
2689,0.361267
2690,0.367065
2691,0.369019
2692,0.37146
2693,0.373474
2694,0.377136
2695,0.378235
2696,0.375977
2697,0.370361
2698,0.361816
2699,0.357483
2700,0.346741
2701,0.33728
2702,0.333862
2703,0.322205
2704,0.312622
2705,0.308472
2706,0.299011
2707,0.290222
2708,0.282471
2709,0.277039
2710,0.273499
2711,0.265015
2712,0.267395
2713,0.269226
2714,0.267883
2715,0.268311
2716,0.268616
2717,0.267822
2718,0.268066
2719,0.269287
2720,0.264954
2721,0.259583
2722,0.253723
2723,0.249512
2724,0.244629
2725,0.241272
2726,0.237244
2727,0.236877
2728,0.235474
2729,0.234802
2730,0.239868
2731,0.242432
2732,0.246216
2733,0.25061
2734,0.255371
2735,0.25
2736,0.23877
2737,0.244568
2738,0.247559
2739,0.252441
2740,0.258179
2741,0.260925
2742,0.267334
2743,0.268616
2744,0.269409
2745,0.272034
2746,0.274719
2747,0.273315
2748,0.269165
2749,0.272156
2750,0.273682
2751,0.273926
2752,0.27533
2753,0.27655
2754,0.271606
2755,0.274719
2756,0.274231
2757,0.271118
2758,0.270813
2759,0.273621
2760,0.271057
2761,0.263245
2762,0.265198
2763,0.26532
2764,0.264832
2765,0.263367
2766,0.264038
2767,0.259888
2768,0.260681
2769,0.261658
2770,0.259399
2771,0.260315
2772,0.258911
2773,0.260071
2774,0.26123
2775,0.256226
2776,0.255981
2777,0.251953
2778,0.251709
2779,0.252991
2780,0.252197
2781,0.251404
2782,0.253418
2783,0.249817
2784,0.249634
2785,0.250671
2786,0.244873
2787,0.245789
2788,0.243347
2789,0.244568
2790,0.242676
2791,0.241333
2792,0.241455
2793,0.240967
2794,0.241455
2795,0.241943
2796,0.23822
2797,0.239746
2798,0.23822
2799,0.237427
2800,0.237671
2801,0.236084
2802,0.233948
2803,0.234924
2804,0.235168
2805,0.233093
2806,0.232727
2807,0.234985
2808,0.236511
2809,0.236572
2810,0.235352
2811,0.231628
2812,0.231873
2813,0.23407
2814,0.234375
2815,0.233826
2816,0.234314
2817,0.235413
2818,0.234802
2819,0.235291
2820,0.235046
2821,0.234924
2822,0.235352
2823,0.235779
2824,0.23584
2825,0.236023
2826,0.235779
2827,0.234558
2828,0.235352
2829,0.234497
2830,0.234985
2831,0.235291
2832,0.234619
2833,0.233459
2834,0.232849
2835,0.233582
2836,0.23407
2837,0.233521
2838,0.233276
2839,0.233521
2840,0.23407
2841,0.234436
2842,0.234009
2843,0.234131
2844,0.233948
2845,0.234131
2846,0.234192
2847,0.233582
2848,0.234436
2849,0.23407
2850,0.23407
2851,0.23468
2852,0.234741
2853,0.235535
2854,0.235229
2855,0.234253
2856,0.234802
2857,0.23468
2858,0.234375
2859,0.235779
2860,0.235168
2861,0.232483
2862,0.233643
2863,0.232788
2864,0.233337
2865,0.233521
2866,0.233459
2867,0.233337
2868,0.234314
2869,0.235474
2870,0.235168
2871,0.23468
2872,0.235107
2873,0.234863
2874,0.234375
2875,0.233765
2876,0.233032
2877,0.232788
2878,0.232117
2879,0.232178
2880,0.233643
2881,0.238586
2882,0.241882
2883,0.246399
2884,0.251831
2885,0.253601
2886,0.257935
2887,0.259155
2888,0.260864
2889,0.26123
2890,0.261963
2891,0.262756
2892,0.26239
2893,0.26123
2894,0.260193
2895,0.256226
2896,0.255188
2897,0.256775
2898,0.255859
2899,0.254578
2900,0.253845
2901,0.252747
2902,0.252502
2903,0.251282
2904,0.25
2905,0.248901
2906,0.249573
2907,0.249878
2908,0.249023
2909,0.249756
2910,0.25
2911,0.246643
2912,0.246155
2913,0.245911
2914,0.246216
2915,0.246277
2916,0.245422
2917,0.246338
2918,0.246338
2919,0.244934
2920,0.244019
2921,0.244263
2922,0.243896
2923,0.245239
2924,0.24585
2925,0.245667
2926,0.245789
2927,0.245178
2928,0.245605
2929,0.246155
2930,0.247437
2931,0.250366
2932,0.25116
2933,0.25116
2934,0.25177
2935,0.250549
2936,0.248291
2937,0.247803
2938,0.247375
2939,0.24762
2940,0.248108
2941,0.249023
2942,0.250488
2943,0.249146
2944,0.250061
2945,0.250244
2946,0.252441
2947,0.25531
2948,0.255798
2949,0.258972
2950,0.265198
2951,0.266724
2952,0.270569
2953,0.275879
2954,0.27594
2955,0.284546
2956,0.292297
2957,0.294495
2958,0.314575
2959,0.328003
2960,0.352417
2961,0.407471
2962,0.413696
2963,0.417603
2964,0.446838
2965,0.467957
2966,0.477234
2967,0.489197
2968,0.537659
2969,0.552185
2970,0.564148
2971,0.581543
2972,0.591492
2973,0.613953
2974,0.643982
2975,0.657166
2976,0.668396
2977,0.676208
2978,0.680847
2979,0.688904
2980,0.691772
2981,0.694336
2982,0.706055
2983,0.735901
2984,0.747253
2985,0.754333
2986,0.80127
2987,0.804382
2988,0.805359
2989,0.806946
2990,0.814148
2991,0.826843
2992,0.832947
2993,0.839294
2994,0.840759
2995,0.84436
2996,0.844116
2997,0.843201
2998,0.8526
2999,0.856934
3000,0.859375
3001,0.860718
3002,0.862793
3003,0.866333
3004,0.868225
3005,0.868286
3006,0.870789
3007,0.871948
3008,0.871826
3009,0.871826
3010,0.86853
3011,0.877563
3012,0.87677
3013,0.872253
3014,0.869263
3015,0.87323
3016,0.870483
3017,0.872681
3018,0.871094
3019,0.874146
3020,0.869446
3021,0.870361
3022,0.870789
3023,0.873535
3024,0.87384
3025,0.873108
3026,0.874695
3027,0.875244
3028,0.879028
3029,0.874084
3030,0.877808
3031,0.877319
3032,0.880432
3033,0.877502
3034,0.878784
3035,0.879578
3036,0.889282
3037,0.888062
3038,0.890137
3039,0.890869
3040,0.890991
3041,0.88916
3042,0.889404
3043,0.888855
3044,0.888184
3045,0.887451
3046,0.888367
3047,0.890076
3048,0.890076
3049,0.888
3050,0.888916
3051,0.889099
3052,0.886841
3053,0.888
3054,0.885498
3055,0.887268
3056,0.887146
3057,0.887756
3058,0.885559
3059,0.885071
3060,0.886414
3061,0.890442
3062,0.888062
3063,0.890259
3064,0.887085
3065,0.887451
3066,0.887634
3067,0.884521
3068,0.878723
3069,0.878845
3070,0.878784
3071,0.877563
3072,0.877808
3073,0.874634
3074,0.876709
3075,0.876404
3076,0.873596
3077,0.871948
3078,0.872498
3079,0.870422
3080,0.87085
3081,0.873535
3082,0.871887
3083,0.870361
3084,0.873535
3085,0.871521
3086,0.877075
3087,0.874756
3088,0.873962
3089,0.873413
3090,0.874268
3091,0.873718
3092,0.875793
3093,0.876343
3094,0.874084
3095,0.87323
3096,0.872925
3097,0.871643
3098,0.871521
3099,0.869995
3100,0.871094
3101,0.870178
3102,0.870911
3103,0.87262
3104,0.869751
3105,0.870972
3106,0.871033
3107,0.869873
3108,0.868774
3109,0.868713
3110,0.869202
3111,0.87262
3112,0.870544
3113,0.870422
3114,0.868225
3115,0.869202
3116,0.865601
3117,0.869019
3118,0.868408
3119,0.868469
3120,0.869873
3121,0.867004
3122,0.867126
3123,0.867004
3124,0.866333
3125,0.867249
3126,0.866638
3127,0.86853
3128,0.868408
3129,0.869324
3130,0.868958
3131,0.868774
3132,0.869751
3133,0.870178
3134,0.869629
3135,0.867126
3136,0.866943
3137,0.864258
3138,0.863708
3139,0.862854
3140,0.86499
3141,0.863708
3142,0.863831
3143,0.863586
3144,0.863464
3145,0.863647
3146,0.862854
3147,0.863525
3148,0.862793
3149,0.861633
3150,0.862183
3151,0.860046
3152,0.860474
3153,0.858826
3154,0.860352
3155,0.859619
3156,0.857666
3157,0.859497
3158,0.857117
3159,0.85907
3160,0.857727
3161,0.854736
3162,0.856873
3163,0.8573
3164,0.856018
3165,0.855652
3166,0.857666
3167,0.858398
3168,0.85614
3169,0.855896
3170,0.854431
3171,0.856995
3172,0.856812
3173,0.856812
3174,0.854492
3175,0.854492
3176,0.854309
3177,0.855225
3178,0.855713
3179,0.855286
3180,0.85376
3181,0.855652
3182,0.854797
3183,0.853577
3184,0.853271
3185,0.852661
3186,0.854187
3187,0.854797
3188,0.854675
3189,0.856506
3190,0.855896
3191,0.854797
3192,0.851379
3193,0.852295
3194,0.852722
3195,0.851135
3196,0.851257
3197,0.850769
3198,0.850586
3199,0.85144
3200,0.849243
3201,0.848816
3202,0.84967
3203,0.848633
3204,0.849854
3205,0.848938
3206,0.846497
3207,0.847229
3208,0.848206
3209,0.84729
3210,0.847473
3211,0.848572
3212,0.848938
3213,0.84729
3214,0.847717
3215,0.847107
3216,0.847656
3217,0.846619
3218,0.84668
3219,0.846863
3220,0.846008
3221,0.845825
3222,0.846069
3223,0.846558
3224,0.846558
3225,0.846313
3226,0.846191
3227,0.846619
3228,0.846252
3229,0.845947
3230,0.845398
3231,0.845154
3232,0.844666
3233,0.844971
3234,0.844788
3235,0.844421
3236,0.846924
3237,0.846802
3238,0.846558
3239,0.845703
3240,0.845459
3241,0.845581
3242,0.844421
3243,0.844238
3244,0.843689
3245,0.844727
3246,0.84436
3247,0.844116
3248,0.84375
3249,0.84375
3250,0.844177
3251,0.842712
3252,0.843018
3253,0.843445
3254,0.843567
3255,0.843933
3256,0.843567
3257,0.844055
3258,0.84375
3259,0.843079
3260,0.842651
3261,0.848083
3262,0.847656
3263,0.84729
3264,0.847534
3265,0.846802
3266,0.846863
3267,0.847839
3268,0.847229
3269,0.847595
3270,0.847473
3271,0.847107
3272,0.846924
3273,0.846497
3274,0.846802
3275,0.846863
3276,0.847107
3277,0.847839
3278,0.847412
3279,0.84729
3280,0.847778
3281,0.84845
3282,0.848999
3283,0.848694
3284,0.848877
3285,0.848511
3286,0.852661
3287,0.853333
3288,0.853149
3289,0.854004
3290,0.85376
3291,0.852966
3292,0.853027
3293,0.852295
3294,0.851868
3295,0.851807
3296,0.850952
3297,0.850281
3298,0.849976
3299,0.849731
3300,0.849731
3301,0.850037
3302,0.849609
3303,0.849304
3304,0.849426
3305,0.848999
3306,0.849487
3307,0.848389
3308,0.848083
3309,0.847839
3310,0.848267
3311,0.851318
3312,0.851624
3313,0.85083
3314,0.849548
3315,0.849182
3316,0.849792
3317,0.849854
3318,0.850708
3319,0.850891
3320,0.851196
3321,0.851379
3322,0.851074
3323,0.850586
3324,0.850647
3325,0.850403
3326,0.851868
3327,0.851746
3328,0.851562
3329,0.851746
3330,0.852844
3331,0.853088
3332,0.852356
3333,0.853027
3334,0.853699
3335,0.853088
3336,0.853271
3337,0.853088
3338,0.853394
3339,0.852661
3340,0.85321
3341,0.852966
3342,0.852966
3343,0.853638
3344,0.852478
3345,0.851929
3346,0.851929
3347,0.850952
3348,0.850403
3349,0.849609
3350,0.849915
3351,0.84967
3352,0.849182
3353,0.849121
3354,0.849915
3355,0.850037
3356,0.849792
3357,0.84967
3358,0.849976
3359,0.850891
3360,0.850708
3361,0.853271
3362,0.852661
3363,0.852783
3364,0.852478
3365,0.852539
3366,0.853333
3367,0.853027
3368,0.852966
3369,0.853394
3370,0.852478
3371,0.8526
3372,0.852356
3373,0.852356
3374,0.851624
3375,0.851074
3376,0.851135
3377,0.85083
3378,0.850952
3379,0.851562
3380,0.852173
3381,0.851624
3382,0.851685
3383,0.851501
3384,0.851074
3385,0.851013
3386,0.852661
3387,0.8526
3388,0.852112
3389,0.852295
3390,0.851929
3391,0.852112
3392,0.851807
3393,0.852356
3394,0.851685
3395,0.851318
3396,0.850281
3397,0.84967
3398,0.849792
3399,0.849915
3400,0.850037
3401,0.850342
3402,0.85022
3403,0.850037
3404,0.850159
3405,0.849792
3406,0.849792
3407,0.849487
3408,0.84967
3409,0.848755
3410,0.848694
3411,0.854614
3412,0.854431
3413,0.854126
3414,0.854492
3415,0.854492
3416,0.854309
3417,0.854065
3418,0.85376
3419,0.853149
3420,0.853271
3421,0.853455
3422,0.854614
3423,0.854736
3424,0.854492
3425,0.854248
3426,0.853333
3427,0.853516
3428,0.853333
3429,0.853516
3430,0.853271
3431,0.853516
3432,0.853333
3433,0.853943
3434,0.854248
3435,0.854126
3436,0.861572
3437,0.860474
3438,0.860413
3439,0.860352
3440,0.859802
3441,0.860229
3442,0.861145
3443,0.860962
3444,0.860718
3445,0.860535
3446,0.860657
3447,0.860657
3448,0.860474
3449,0.860291
3450,0.860107
3451,0.860657
3452,0.861023
3453,0.861023
3454,0.860901
3455,0.860901
3456,0.860352
3457,0.859863
3458,0.860229
3459,0.859985
3460,0.859924
3461,0.862976
3462,0.862732
3463,0.862549
3464,0.862122
3465,0.862122
3466,0.861694
3467,0.861755
3468,0.862183
3469,0.861755
3470,0.861938
3471,0.862122
3472,0.861938
3473,0.861511
3474,0.861877
3475,0.861389
3476,0.861511
3477,0.861084
3478,0.861206
3479,0.861023
3480,0.860901
3481,0.860901
3482,0.860229
3483,0.860596
3484,0.860352
3485,0.860535
3486,0.863525
3487,0.863403
3488,0.86322
3489,0.862549
3490,0.862244
3491,0.86261
3492,0.862061
3493,0.862
3494,0.861694
3495,0.861755
3496,0.861023
3497,0.861084
3498,0.861328
3499,0.861023
3500,0.860901
3501,0.860535
3502,0.86084
3503,0.860229
3504,0.859985
3505,0.859619
3506,0.859924
3507,0.859863
3508,0.859253
3509,0.858826
3510,0.858826
3511,0.862
3512,0.862305
3513,0.862488
3514,0.862244
3515,0.862183
3516,0.862488
3517,0.862122
3518,0.861755
3519,0.861633
3520,0.861328
3521,0.860901
3522,0.860657
3523,0.860779
3524,0.860107
3525,0.860352
3526,0.860352
3527,0.860168
3528,0.861023
3529,0.860657
3530,0.860535
3531,0.860474
3532,0.860046
3533,0.860046
3534,0.859985
3535,0.859863
3536,0.858521
3537,0.858459
3538,0.858398
3539,0.85907
3540,0.858582
3541,0.85791
3542,0.857422
3543,0.857117
3544,0.856873
3545,0.856873
3546,0.857117
3547,0.858215
3548,0.857971
3549,0.857544
3550,0.858093
3551,0.857605
3552,0.857178
3553,0.857483
3554,0.857056
3555,0.857544
3556,0.857056
3557,0.857056
3558,0.857422
3559,0.856873
3560,0.856567
3561,0.858643
3562,0.859436
3563,0.858276
3564,0.857666
3565,0.8573
3566,0.857361
3567,0.857056
3568,0.856873
3569,0.857056
3570,0.860901
3571,0.860718
3572,0.860291
3573,0.860046
3574,0.859863
3575,0.859863
3576,0.859253
3577,0.858887
3578,0.859436
3579,0.859619
3580,0.859802
3581,0.859741
3582,0.859192
3583,0.859375
3584,0.859253
3585,0.858704
3586,0.858398
3587,0.858215
3588,0.857971
3589,0.858276
3590,0.858521
3591,0.858643
3592,0.858337
3593,0.858215
3594,0.858582
3595,0.860413
3596,0.860596
3597,0.860901
3598,0.860474
3599,0.860168
3600,0.860229
3601,0.860291
3602,0.860352
3603,0.860229
3604,0.859985
3605,0.859741
3606,0.859985
3607,0.860291
3608,0.860046
3609,0.859924
3610,0.859863
3611,0.859558
3612,0.860168
3613,0.860291
3614,0.861267
3615,0.861084
3616,0.861755
3617,0.861816
3618,0.862183
3619,0.862244
3620,0.864014
3621,0.863525
3622,0.86377
3623,0.863708
3624,0.86322
3625,0.863586
3626,0.863098
3627,0.863647
3628,0.863586
3629,0.864075
3630,0.863708
3631,0.863831
3632,0.863464
3633,0.863098
3634,0.862488
3635,0.861877
3636,0.862244
3637,0.861755
3638,0.861389
3639,0.861694
3640,0.861511
3641,0.86084
3642,0.859863
3643,0.859741
3644,0.859741
3645,0.86084
3646,0.860535
3647,0.860779
3648,0.860779
3649,0.860718
3650,0.860046
3651,0.859436
3652,0.858948
3653,0.859192
3654,0.860107
3655,0.859924
3656,0.859985
3657,0.860107
3658,0.860413
3659,0.860596
3660,0.860535
3661,0.859863
3662,0.859802
3663,0.859924
3664,0.859741
3665,0.860229
3666,0.860229
3667,0.859924
3668,0.860168
3669,0.860474
3670,0.858826
3671,0.858826
3672,0.858582
3673,0.858521
3674,0.858765
3675,0.857971
3676,0.85968
3677,0.860352
3678,0.861084
3679,0.861328
3680,0.861206
3681,0.861816
3682,0.862061
3683,0.862244
3684,0.861572
3685,0.861023
3686,0.860596
3687,0.860718
3688,0.860291
3689,0.860474
3690,0.860474
3691,0.860107
3692,0.859802
3693,0.859436
3694,0.859314
3695,0.863098
3696,0.863037
3697,0.863159
3698,0.861267
3699,0.862061
3700,0.862061
3701,0.860596
3702,0.860718
3703,0.862427
3704,0.861206
3705,0.862488
3706,0.862244
3707,0.861694
3708,0.86084
3709,0.861328
3710,0.860229
3711,0.860657
3712,0.859253
3713,0.858093
3714,0.85907
3715,0.858215
3716,0.857544
3717,0.858765
3718,0.856262
3719,0.856384
3720,0.856873
3721,0.855042
3722,0.857117
3723,0.856079
3724,0.855713
3725,0.85614
3726,0.856506
3727,0.855835
3728,0.854248
3729,0.855774
3730,0.855835
3731,0.855896
3732,0.854675
3733,0.856079
3734,0.854675
3735,0.85553
3736,0.85498
3737,0.854858
3738,0.854614
3739,0.853638
3740,0.853943
3741,0.855164
3742,0.854065
3743,0.85321
3744,0.852905
3745,0.854858
3746,0.854736
3747,0.854431
3748,0.854614
3749,0.854431
3750,0.853394
3751,0.851929
3752,0.851624
3753,0.852295
3754,0.851379
3755,0.851807
3756,0.853149
3757,0.851868
3758,0.851501
3759,0.851562
3760,0.851807
3761,0.850769
3762,0.850464
3763,0.85022
3764,0.849182
3765,0.848938
3766,0.847961
3767,0.845947
3768,0.846191
3769,0.847107
3770,0.849487
3771,0.850403
3772,0.848999
3773,0.850647
3774,0.852173
3775,0.852173
3776,0.851685
3777,0.850525
3778,0.851135
3779,0.851868
3780,0.852234
3781,0.851929
3782,0.851807
3783,0.851501
3784,0.851562
3785,0.851624
3786,0.851379
3787,0.851318
3788,0.850525
3789,0.850891
3790,0.850647
3791,0.849426
3792,0.850769
3793,0.850769
3794,0.849915
3795,0.851929
3796,0.850952
3797,0.851501
3798,0.851196
3799,0.849609
3800,0.850586
3801,0.849243
3802,0.849182
3803,0.848511
3804,0.848206
3805,0.849731
3806,0.848694
3807,0.848328
3808,0.848145
3809,0.848267
3810,0.848328
3811,0.847961
3812,0.849365
3813,0.848145
3814,0.849609
3815,0.849243
3816,0.848877
3817,0.848083
3818,0.848999
3819,0.848267
3820,0.858948
3821,0.859253
3822,0.860291
3823,0.860046
3824,0.859253
3825,0.857788
3826,0.858154
3827,0.858093
3828,0.857605
3829,0.858398
3830,0.85791
3831,0.858276
3832,0.85907
3833,0.85968
3834,0.859192
3835,0.859131
3836,0.859253
3837,0.859131
3838,0.85907
3839,0.859131
3840,0.859436
3841,0.859741
3842,0.859131
3843,0.859497
3844,0.859253
3845,0.856506
3846,0.855774
3847,0.85675
3848,0.856934
3849,0.857178
3850,0.857361
3851,0.8573
3852,0.856934
3853,0.857422
3854,0.857483
3855,0.857239
3856,0.858337
3857,0.858032
3858,0.857483
3859,0.856934
3860,0.856995
3861,0.857361
3862,0.857666
3863,0.857422
3864,0.857483
3865,0.8573
3866,0.857178
3867,0.856689
3868,0.856628
3869,0.857422
3870,0.859924
3871,0.859497
3872,0.858826
3873,0.859009
3874,0.859314
3875,0.859375
3876,0.860046
3877,0.860229
3878,0.860046
3879,0.859985
3880,0.86084
3881,0.859985
3882,0.860657
3883,0.860352
3884,0.860107
3885,0.85968
3886,0.859863
3887,0.859436
3888,0.858704
3889,0.858826
3890,0.858765
3891,0.858521
3892,0.858643
3893,0.859436
3894,0.858887
3895,0.861511
3896,0.859558
3897,0.858765
3898,0.859253
3899,0.858643
3900,0.857239
3901,0.855896
3902,0.856689
3903,0.858337
3904,0.858643
3905,0.859619
3906,0.861084
3907,0.859924
3908,0.860535
3909,0.859985
3910,0.859558
3911,0.860107
3912,0.860474
3913,0.860229
3914,0.859558
3915,0.859375
3916,0.859558
3917,0.859436
3918,0.859802
3919,0.859314
3920,0.860535
3921,0.859497
3922,0.859985
3923,0.860413
3924,0.860962
3925,0.859924
3926,0.859985
3927,0.860046
3928,0.859802
3929,0.859497
3930,0.859985
3931,0.860046
3932,0.858093
3933,0.859314
3934,0.858643
3935,0.858765
3936,0.860291
3937,0.859985
3938,0.859863
3939,0.860168
3940,0.860168
3941,0.860901
3942,0.859863
3943,0.860291
3944,0.859985
3945,0.861206
3946,0.861023
3947,0.861023
3948,0.86084
3949,0.860657
3950,0.859802
3951,0.859741
3952,0.859375
3953,0.859375
3954,0.859985
3955,0.860291
3956,0.860168
3957,0.860413
3958,0.859863
3959,0.859375
3960,0.859436
3961,0.859863
3962,0.85907
3963,0.858459
3964,0.858521
3965,0.857666
3966,0.858582
3967,0.860046
3968,0.859375
3969,0.859924
3970,0.861511
3971,0.862244
3972,0.861755
3973,0.862122
3974,0.862183
3975,0.861877
3976,0.861206
3977,0.860962
3978,0.860962
3979,0.860596
3980,0.860718
3981,0.860718
3982,0.858704
3983,0.859131
3984,0.85553
3985,0.85498
3986,0.854065
3987,0.855835
3988,0.855774
3989,0.857422
3990,0.859253
3991,0.85968
3992,0.859924
3993,0.860535
3994,0.860291
3995,0.862244
3996,0.862305
3997,0.86261
3998,0.86322
3999,0.863403
4000,0.862671
4001,0.861633
4002,0.861267
4003,0.860779
4004,0.860107
4005,0.860352
4006,0.859802
4007,0.859802
4008,0.859985
4009,0.859924
4010,0.859985
4011,0.859619
4012,0.859375
4013,0.859253
4014,0.859131
4015,0.859436
4016,0.859314
4017,0.85968
4018,0.859253
4019,0.859314
4020,0.862305
4021,0.862244
4022,0.860229
4023,0.861084
4024,0.860229
4025,0.859009
4026,0.859436
4027,0.859619
4028,0.858765
4029,0.857727
4030,0.857971
4031,0.857178
4032,0.857178
4033,0.857361
4034,0.85791
4035,0.858459
4036,0.858582
4037,0.858215
4038,0.859253
4039,0.858337
4040,0.857971
4041,0.858704
4042,0.85791
4043,0.857849
4044,0.857971
4045,0.862061
4046,0.862244
4047,0.862
4048,0.862061
4049,0.86145
4050,0.861511
4051,0.861755
4052,0.861511
4053,0.861023
4054,0.860657
4055,0.860535
4056,0.860046
4057,0.860107
4058,0.860107
4059,0.859924
4060,0.859924
4061,0.860291
4062,0.860107
4063,0.860352
4064,0.860413
4065,0.860291
4066,0.860535
4067,0.860413
4068,0.860962
4069,0.860657
4070,0.861511
4071,0.860779
4072,0.859863
4073,0.860107
4074,0.85968
4075,0.859985
4076,0.859985
4077,0.859314
4078,0.85968
4079,0.859863
4080,0.860229
4081,0.858704
4082,0.858704
4083,0.858093
4084,0.858276
4085,0.858582
4086,0.858826
4087,0.858521
4088,0.859131
4089,0.859497
4090,0.859924
4091,0.859863
4092,0.859497
4093,0.859436
4094,0.859619
4095,0.86377
4096,0.863586
4097,0.863586
4098,0.863098
4099,0.862061
4100,0.861816
4101,0.861389
4102,0.861084
4103,0.861328
4104,0.86145
4105,0.861267
4106,0.860413
4107,0.860046
4108,0.859375
4109,0.858704
4110,0.85907
4111,0.859314
4112,0.859314
4113,0.858826
4114,0.858337
4115,0.858093
4116,0.858398
4117,0.857666
4118,0.857361
4119,0.857727
4120,0.859863
4121,0.860046
4122,0.860229
4123,0.859924
4124,0.859741
4125,0.860352
4126,0.859863
4127,0.859436
4128,0.859131
4129,0.859131
4130,0.858643
4131,0.858704
4132,0.858826
4133,0.858337
4134,0.858215
4135,0.856934
4136,0.857849
4137,0.8573
4138,0.857727
4139,0.858337
4140,0.857544
4141,0.857666
4142,0.85614
4143,0.857178
4144,0.857483
4145,0.858643
4146,0.85791
4147,0.858032
4148,0.859375
4149,0.85907
4150,0.858215
4151,0.858765
4152,0.859436
4153,0.857849
4154,0.856934
4155,0.857727
4156,0.8573
4157,0.855896
4158,0.856567
4159,0.855164
4160,0.855408
4161,0.854126
4162,0.853516
4163,0.852478
4164,0.851135
4165,0.852173
4166,0.851746
4167,0.852478
4168,0.852112
4169,0.851196
4170,0.853638
4171,0.850891
4172,0.851562
4173,0.84906
4174,0.849792
4175,0.848328
4176,0.848328
4177,0.848083
4178,0.849792
4179,0.848145
4180,0.848267
4181,0.849121
4182,0.848877
4183,0.850708
4184,0.855042
4185,0.857483
4186,0.859924
4187,0.858337
4188,0.858948
4189,0.860291
4190,0.863037
4191,0.864624
4192,0.86084
4193,0.86438
4194,0.865601
4195,0.867493
4196,0.867981
4197,0.871216
4198,0.872375
4199,0.871826
4200,0.869995
4201,0.869995
4202,0.869507
4203,0.86853
4204,0.866333
4205,0.86499
4206,0.864197
4207,0.865723
4208,0.863831
4209,0.86438
4210,0.863647
4211,0.862
4212,0.862427
4213,0.861084
4214,0.861633
4215,0.862915
4216,0.861084
4217,0.863464
4218,0.863525
4219,0.86853
4220,0.867615
4221,0.86438
4222,0.873962
4223,0.877258
4224,0.873169
4225,0.872559
4226,0.877136
4227,0.87738
4228,0.878906
4229,0.878601
4230,0.881531
4231,0.885742
4232,0.889465
4233,0.887817
4234,0.89209
4235,0.895508
4236,0.896851
4237,0.896667
4238,0.896606
4239,0.901733
4240,0.897156
4241,0.901306
4242,0.897095
4243,0.898254
4244,0.900635
4245,0.904358
4246,0.902222
4247,0.90094
4248,0.895935
4249,0.890381
4250,0.889709
4251,0.889343
4252,0.888428
4253,0.887939
4254,0.884399
4255,0.882263
4256,0.877869
4257,0.878662
4258,0.87616
4259,0.876831
4260,0.87738
4261,0.869873
4262,0.870911
4263,0.871765
4264,0.871765
4265,0.874573
4266,0.872131
4267,0.874146
4268,0.876099
4269,0.874084
4270,0.874451
4271,0.873169
4272,0.875
4273,0.872925
4274,0.881165
4275,0.88385
4276,0.881775
4277,0.888428
4278,0.886658
4279,0.884766
4280,0.889648
4281,0.888489
4282,0.894165
4283,0.897888
4284,0.898132
4285,0.902893
4286,0.904419
4287,0.90686
4288,0.905396
4289,0.910156
4290,0.910217
4291,0.909607
4292,0.913452
4293,0.913879
4294,0.912354
4295,0.902344
4296,0.905212
4297,0.904236
4298,0.898682
4299,0.899109
4300,0.896545
4301,0.889221
4302,0.894897
4303,0.891541
4304,0.890442
4305,0.88916
4306,0.88562
4307,0.88678
4308,0.881287
4309,0.881287
4310,0.883789
4311,0.883179
4312,0.888672
4313,0.888855
4314,0.88678
4315,0.887146
4316,0.880371
4317,0.884949
4318,0.879944
4319,0.876709
4320,0.872864
4321,0.871948
4322,0.871338
4323,0.869263
4324,0.863464
4325,0.859436
4326,0.858948
4327,0.860046
4328,0.864624
4329,0.859924
4330,0.863892
4331,0.864929
4332,0.864319
4333,0.869446
4334,0.870972
4335,0.865723
4336,0.867554
4337,0.859253
4338,0.858398
4339,0.850891
4340,0.848511
4341,0.847168
4342,0.838623
4343,0.841797
4344,0.84198
4345,0.833862
4346,0.832336
4347,0.829468
4348,0.826721
4349,0.822754
4350,0.82489
4351,0.824646
4352,0.827148
4353,0.823853
4354,0.823425
4355,0.823975
4356,0.823059
4357,0.818481
4358,0.817566
4359,0.821594
4360,0.822876
4361,0.821594
4362,0.823608
4363,0.827881
4364,0.830994
4365,0.834717
4366,0.836487
4367,0.840332
4368,0.843994
4369,0.844421
4370,0.849792
4371,0.848083
4372,0.849365
4373,0.851501
4374,0.852051
4375,0.856445
4376,0.860168
4377,0.861023
4378,0.858582
4379,0.854492
4380,0.852112
4381,0.853638
4382,0.858032
4383,0.855408
4384,0.856201
4385,0.856018
4386,0.856934
4387,0.862305
4388,0.860107
4389,0.863281
4390,0.866943
4391,0.863037
4392,0.864563
4393,0.867126
4394,0.851196
4395,0.851013
4396,0.852783
4397,0.854065
4398,0.850098
4399,0.849915
4400,0.851562
4401,0.852417
4402,0.845947
4403,0.841431
4404,0.838196
4405,0.838989
4406,0.834045
4407,0.832825
4408,0.82489
4409,0.797241
4410,0.792358
4411,0.779175
4412,0.772156
4413,0.762451
4414,0.777405
4415,0.780884
4416,0.780823
4417,0.794189
4418,0.798706
4419,0.802368
4420,0.821106
4421,0.832825
4422,0.835571
4423,0.843079
4424,0.849548
4425,0.848022
4426,0.844055
4427,0.838135
4428,0.836121
4429,0.837097
4430,0.834351
4431,0.832642
4432,0.82373
4433,0.824829
4434,0.825928
4435,0.824402
4436,0.817383
4437,0.816772
4438,0.811401
4439,0.809753
4440,0.803528
4441,0.801147
4442,0.801941
4443,0.799866
4444,0.799622
4445,0.795654
4446,0.793335
4447,0.791931
4448,0.789856
4449,0.788818
4450,0.787781
4451,0.784302
4452,0.779907
4453,0.775879
4454,0.761169
4455,0.756775
4456,0.758667
4457,0.754456
4458,0.749573
4459,0.739929
4460,0.731995
4461,0.72937
4462,0.729797
4463,0.731323
4464,0.729492
4465,0.727844
4466,0.723572
4467,0.721436
4468,0.727661
4469,0.7323
4470,0.726746
4471,0.726379
4472,0.724976
4473,0.728577
4474,0.733643
4475,0.740723
4476,0.742249
4477,0.745178
4478,0.745361
4479,0.739136
4480,0.736084
4481,0.738831
4482,0.736938
4483,0.727112
4484,0.732788
4485,0.734741
4486,0.737793
4487,0.731873
4488,0.733215
4489,0.732544
4490,0.734375
4491,0.742981
4492,0.748535
4493,0.74762
4494,0.748169
4495,0.74176
4496,0.755798
4497,0.757202
4498,0.767334
4499,0.777954
4500,0.782043
4501,0.779541
4502,0.789734
4503,0.789124
4504,0.797607
4505,0.810364
4506,0.814148
4507,0.836121
4508,0.842285
4509,0.839905
4510,0.857727
4511,0.860718
4512,0.86261
4513,0.875732
4514,0.872681
4515,0.875671
4516,0.894775
4517,0.894592
4518,0.891907
4519,0.892944
4520,0.904358
4521,0.905884
4522,0.904175
4523,0.90271
4524,0.899841
4525,0.900696
4526,0.895203
4527,0.894836
4528,0.894592
4529,0.898315
4530,0.900391
4531,0.901428
4532,0.897095
4533,0.892822
4534,0.893921
4535,0.892334
4536,0.894043
4537,0.894165
4538,0.896973
4539,0.896423
4540,0.900269
4541,0.898865
4542,0.894043
4543,0.90155
4544,0.899475
4545,0.905151
4546,0.896912
4547,0.894653
4548,0.891357
4549,0.882996
4550,0.880066
4551,0.877869
4552,0.878174
4553,0.870056
4554,0.866211
4555,0.865662
4556,0.855225
4557,0.858521
4558,0.848572
4559,0.846558
4560,0.851013
4561,0.842712
4562,0.847595
4563,0.838989
4564,0.841248
4565,0.833435
4566,0.830444
4567,0.829834
4568,0.838135
4569,0.8396
4570,0.845215
4571,0.844666
4572,0.84375
4573,0.847839
4574,0.845825
4575,0.843079
4576,0.844055
4577,0.838013
4578,0.834778
4579,0.83075
4580,0.822083
4581,0.81543
4582,0.819946
4583,0.812439
4584,0.812256
4585,0.800842
4586,0.804749
4587,0.808655
4588,0.800659
4589,0.805054
4590,0.808899
4591,0.812866
4592,0.814819
4593,0.821228
4594,0.824585
4595,0.834656
4596,0.835815
4597,0.837158
4598,0.842712
4599,0.840942
4600,0.838745
4601,0.839355
4602,0.838074
4603,0.826477
4604,0.825806
4605,0.821411
4606,0.815308
4607,0.810669
4608,0.806946
4609,0.808777
4610,0.804565
4611,0.809265
4612,0.816589
4613,0.825134
4614,0.824646
4615,0.829346
4616,0.83313
4617,0.833618
4618,0.831116
4619,0.830139
4620,0.825317
4621,0.827454
4622,0.833374
4623,0.828735
4624,0.819946
4625,0.819031
4626,0.815247
4627,0.813721
4628,0.808167
4629,0.802979
4630,0.797119
4631,0.790955
4632,0.789734
4633,0.781555
4634,0.778931
4635,0.774231
4636,0.772461
4637,0.771912
4638,0.765442
4639,0.77063
4640,0.773682
4641,0.777649
4642,0.779663
4643,0.781067
4644,0.781616
4645,0.788025
4646,0.795227
4647,0.794922
4648,0.792847
4649,0.795227
4650,0.793457
4651,0.801941
4652,0.800293
4653,0.802185
4654,0.799805
4655,0.802307
4656,0.80719
4657,0.810791
4658,0.82074
4659,0.821289
4660,0.822754
4661,0.829041
4662,0.831177
4663,0.835022
4664,0.837891
4665,0.839478
4666,0.841736
4667,0.844788
4668,0.843018
4669,0.838684
4670,0.834717
4671,0.831238
4672,0.827454
4673,0.824158
4674,0.823364
4675,0.815735
4676,0.801331
4677,0.799194
4678,0.796814
4679,0.793274
4680,0.773438
4681,0.757019
4682,0.751526
4683,0.742004
4684,0.739746
4685,0.719971
4686,0.709473
4687,0.699646
4688,0.693787
4689,0.690796
4690,0.681396
4691,0.680298
4692,0.677673
4693,0.678162
4694,0.678284
4695,0.673462
4696,0.678467
4697,0.681458
4698,0.680115
4699,0.682434
4700,0.683289
4701,0.688232
4702,0.690308
4703,0.698364
4704,0.700684
4705,0.709534
4706,0.713013
4707,0.719421
4708,0.725769
4709,0.726501
4710,0.728027
4711,0.739685
4712,0.748657
4713,0.748535
4714,0.779175
4715,0.783203
4716,0.778198
4717,0.776917
4718,0.782593
4719,0.784729
4720,0.806824
4721,0.811523
4722,0.809143
4723,0.804077
4724,0.804321
4725,0.804138
4726,0.804626
4727,0.813416
4728,0.817627
4729,0.822144
4730,0.825256
4731,0.825745
4732,0.827881
4733,0.83313
4734,0.834839
4735,0.839966
4736,0.838379
4737,0.841492
4738,0.852173
4739,0.852051
4740,0.850037
4741,0.853821
4742,0.856995
4743,0.859253
4744,0.858337
4745,0.856445
4746,0.840576
4747,0.821472
4748,0.815186
4749,0.804749
4750,0.729431
4751,0.713196
4752,0.706482
4753,0.686279
4754,0.630249
4755,0.614258
4756,0.588074
4757,0.559204
4758,0.549194
4759,0.527161
4760,0.46521
4761,0.453125
4762,0.436035
4763,0.419617
4764,0.416443
4765,0.405518
4766,0.393982
4767,0.384155
4768,0.367798
4769,0.36615
4770,0.344299
4771,0.340332
4772,0.334106
4773,0.332947
4774,0.329041
4775,0.321045
4776,0.317749
4777,0.312805
4778,0.306152
4779,0.303101
4780,0.298279
4781,0.292358
4782,0.291626
4783,0.287659
4784,0.281311
4785,0.27771
4786,0.268738
4787,0.261963
4788,0.256287
4789,0.244019
4790,0.235229
4791,0.230469
4792,0.223816
4793,0.213928
4794,0.210083
4795,0.203247
4796,0.198303
4797,0.196289
4798,0.192078
4799,0.187561
4800,0.185852
4801,0.182312
4802,0.180603
4803,0.179688
4804,0.180176
4805,0.180359
4806,0.181213
4807,0.181152
4808,0.181335
4809,0.181213
4810,0.179382
4811,0.177063
4812,0.175415
4813,0.171265
4814,0.169434
4815,0.16626
4816,0.166016
4817,0.164978
4818,0.164734
4819,0.163635
4820,0.151184
4821,0.151367
4822,0.151489
4823,0.151672
4824,0.151794
4825,0.151917
4826,0.152039
4827,0.152222
4828,0.152039
4829,0.151794
4830,0.151917
4831,0.152283
4832,0.152405
4833,0.151428
4834,0.149353
4835,0.149048
4836,0.149475
4837,0.149536
4838,0.149353
4839,0.14917
4840,0.149231
4841,0.14917
4842,0.149048
4843,0.149475
4844,0.149475
4845,0.149292
4846,0.149109
4847,0.149109
4848,0.148865
4849,0.148682
4850,0.148804
4851,0.148804
4852,0.148682
4853,0.148987
4854,0.148132
4855,0.148438
4856,0.148499
4857,0.14856
4858,0.148804
4859,0.149963
4860,0.14978
4861,0.149963
4862,0.149841
4863,0.149475
4864,0.149353
4865,0.149658
4866,0.149597
4867,0.150146
4868,0.15033
4869,0.150269
4870,0.150513
4871,0.150452
4872,0.15033
4873,0.15033
4874,0.150024
4875,0.150146
4876,0.150146
4877,0.150024
4878,0.150024
4879,0.149719
4880,0.14978
4881,0.149719
4882,0.149841
4883,0.150146
4884,0.146545
4885,0.146729
4886,0.146423
4887,0.146606
4888,0.146851
4889,0.146484
4890,0.146118
4891,0.145691
4892,0.145386
4893,0.145508
4894,0.14624
4895,0.146484
4896,0.146179
4897,0.145325
4898,0.145203
4899,0.14563
4900,0.145447
4901,0.146118
4902,0.146362
4903,0.146301
4904,0.146118
4905,0.146423
4906,0.146423
4907,0.146423
4908,0.146057
4909,0.14801
4910,0.147888
4911,0.147888
4912,0.148254
4913,0.148315
4914,0.148254
4915,0.148071
4916,0.148132
4917,0.14978
4918,0.158752
4919,0.164001
4920,0.177307
4921,0.190979
4922,0.199341
4923,0.214905
4924,0.227417
4925,0.231995
4926,0.23999
4927,0.24707
4928,0.252441
4929,0.258423
4930,0.259399
4931,0.262634
4932,0.261536
4933,0.281799
4934,0.291931
4935,0.304932
4936,0.329407
4937,0.33667
4938,0.348206
4939,0.393555
4940,0.403198
4941,0.426575
4942,0.442871
4943,0.4505
4944,0.454529
4945,0.4646
4946,0.468079
4947,0.4729
4948,0.479614
4949,0.480652
4950,0.472229
4951,0.461243
4952,0.456177
4953,0.449097
4954,0.438538
4955,0.435791
4956,0.41748
4957,0.398071
4958,0.393005
4959,0.354797
4960,0.342102
4961,0.330994
4962,0.319336
4963,0.308411
4964,0.305603
4965,0.285095
4966,0.260803
4967,0.250671
4968,0.242188
4969,0.241028
4970,0.240601
4971,0.242493
4972,0.248169
4973,0.251709
4974,0.264038
4975,0.275024
4976,0.279907
4977,0.290649
4978,0.300842
4979,0.302124
4980,0.309082
4981,0.310547
4982,0.312012
4983,0.305725
4984,0.302673
4985,0.30304
4986,0.298828
4987,0.297302
4988,0.295471
4989,0.294556
4990,0.28302
4991,0.278076
4992,0.267822
4993,0.269531
4994,0.267944
4995,0.258728
4996,0.254578
4997,0.250916
4998,0.241943
4999,0.238098
5000,0.239075
5001,0.238037
5002,0.234436
5003,0.23645
5004,0.236938
5005,0.23407
5006,0.234009
5007,0.230225
5008,0.233582
5009,0.228271
5010,0.228821
5011,0.224976
5012,0.224426
5013,0.219055
5014,0.214478
5015,0.215332
5016,0.212158
5017,0.208679
5018,0.205933
5019,0.203003
5020,0.195435
5021,0.193481
5022,0.192627
5023,0.190552
5024,0.193665
5025,0.196289
5026,0.200073
5027,0.20282
5028,0.204224
5029,0.202698
5030,0.201965
5031,0.199341
5032,0.195007
5033,0.190918
5034,0.177307
5035,0.177124
5036,0.177124
5037,0.175537
5038,0.174011
5039,0.173889
5040,0.172485
5041,0.170837
5042,0.168335
5043,0.166748
5044,0.164795
5045,0.163513
5046,0.165466
5047,0.167297
5048,0.169312
5049,0.175537
5050,0.182007
5051,0.184753
5052,0.191406
5053,0.196594
5054,0.202881
5055,0.210999
5056,0.222351
5057,0.229797
5058,0.239746
5059,0.265503
5060,0.270386
5061,0.281067
5062,0.296082
5063,0.314209
5064,0.339111
5065,0.357605
5066,0.364746
5067,0.374451
5068,0.386536
5069,0.390381
5070,0.403687
5071,0.418762
5072,0.42688
5073,0.44519
5074,0.464478
5075,0.473145
5076,0.49353
5077,0.509888
5078,0.515442
5079,0.528625
5080,0.53949
5081,0.544495
5082,0.553406
5083,0.558838
5084,0.566101
5085,0.568542
5086,0.55249
5087,0.552063
5088,0.542297
5089,0.497131
5090,0.478577
5091,0.454651
5092,0.383423
5093,0.373352
5094,0.356873
5095,0.340576
5096,0.336426
5097,0.325012
5098,0.319641
5099,0.315186
5100,0.303101
5101,0.293396
5102,0.284607
5103,0.269165
5104,0.251343
5105,0.240051
5106,0.219238
5107,0.211304
5108,0.205688
5109,0.187317
5110,0.186951
5111,0.187805
5112,0.189514
5113,0.190186
5114,0.194519
5115,0.19751
5116,0.200989
5117,0.201538
5118,0.205566
5119,0.199158
5120,0.199829
5121,0.197998
5122,0.1875
5123,0.183044
5124,0.173645
5125,0.161133
5126,0.15625
5127,0.14563
5128,0.138855
5129,0.136414
5130,0.130493
5131,0.125
5132,0.12439
5133,0.124084
5134,0.125061
5135,0.125732
5136,0.125793
5137,0.126099
5138,0.126038
5139,0.126038
5140,0.12616
5141,0.126221
5142,0.126404
5143,0.126404
5144,0.126282
5145,0.126282
5146,0.126221
5147,0.126526
5148,0.126831
5149,0.126709
5150,0.126282
5151,0.126221
5152,0.126465
5153,0.126709
5154,0.126953
5155,0.126953
5156,0.127014
5157,0.127197
5158,0.127319
5159,0.126404
5160,0.126648
5161,0.127502
5162,0.126953
5163,0.126709
5164,0.126526
5165,0.126526
5166,0.127014
5167,0.127258
5168,0.127014
5169,0.127136
5170,0.127075
5171,0.127502
5172,0.127808
5173,0.127197
5174,0.12738
5175,0.127625
5176,0.127747
5177,0.127747
5178,0.127747
5179,0.127563
5180,0.127991
5181,0.128052
5182,0.127991
5183,0.127747
5184,0.125244
5185,0.125244
5186,0.125488
5187,0.125916
5188,0.125916
5189,0.125977
5190,0.126404
5191,0.126709
5192,0.127075
5193,0.12677
5194,0.126648
5195,0.125977
5196,0.126221
5197,0.127136
5198,0.127502
5199,0.127502
5200,0.12738
5201,0.126709
5202,0.126831
5203,0.126587
5204,0.126099
5205,0.126099
5206,0.125916
5207,0.125854
5208,0.125977
5209,0.12677
5210,0.126953
5211,0.127075
5212,0.126892
5213,0.126892
5214,0.127258
5215,0.127625
5216,0.127563
5217,0.127686
5218,0.127869
5219,0.127747
5220,0.125549
5221,0.125793
5222,0.125854
5223,0.125732
5224,0.125244
5225,0.125977
5226,0.125916
5227,0.126709
5228,0.126709
5229,0.126831
5230,0.126404
5231,0.126221
5232,0.126282
5233,0.126221
5234,0.126343
5235,0.12616
5236,0.126526
5237,0.126892
5238,0.127075
5239,0.127258
5240,0.127258
5241,0.127197
5242,0.127075
5243,0.127014
5244,0.127014
5245,0.123596
5246,0.123962
5247,0.124512
5248,0.12439
5249,0.124634
5250,0.125
5251,0.123474
5252,0.123657
5253,0.123596
5254,0.123779
5255,0.124207
5256,0.124268
5257,0.124207
5258,0.127502
5259,0.131836
5260,0.140503
5261,0.151367
5262,0.156616
5263,0.166504
5264,0.177795
5265,0.183105
5266,0.19342
5267,0.207092
5268,0.213135
5269,0.22699
5270,0.247742
5271,0.251709
5272,0.261597
5273,0.266235
5274,0.272949
5275,0.280884
5276,0.285583
5277,0.29071
5278,0.294556
5279,0.297668
5280,0.300293
5281,0.300781
5282,0.302917
5283,0.300537
5284,0.297974
5285,0.295654
5286,0.294373
5287,0.291321
5288,0.290649
5289,0.288574
5290,0.28949
5291,0.292603
5292,0.293762
5293,0.296997
5294,0.301147
5295,0.302246
5296,0.312683
5297,0.339661
5298,0.344116
5299,0.36499
5300,0.381531
5301,0.390198
5302,0.405273
5303,0.438599
5304,0.448364
5305,0.463989
5306,0.478882
5307,0.489929
5308,0.501892
5309,0.516907
5310,0.520569
5311,0.53241
5312,0.543396
5313,0.549622
5314,0.559998
5315,0.569641
5316,0.573181
5317,0.577698
5318,0.583252
5319,0.590149
5320,0.604431
5321,0.611877
5322,0.611633
5323,0.613525
5324,0.608521
5325,0.608337
5326,0.608887
5327,0.606384
5328,0.607117
5329,0.607056
5330,0.603088
5331,0.602173
5332,0.598145
5333,0.593201
5334,0.589722
5335,0.584351
5336,0.578674
5337,0.577087
5338,0.574524
5339,0.570496
5340,0.570129
5341,0.56781
5342,0.567261
5343,0.560669
5344,0.5672
5345,0.535339
5346,0.541443
5347,0.545593
5348,0.547852
5349,0.545959
5350,0.546936
5351,0.549011
5352,0.549194
5353,0.552063
5354,0.560303
5355,0.560791
5356,0.563965
5357,0.564819
5358,0.565308
5359,0.567322
5360,0.570068
5361,0.570801
5362,0.572571
5363,0.53894
5364,0.538086
5365,0.535095
5366,0.534729
5367,0.532654
5368,0.508667
5369,0.500732
5370,0.485657
5371,0.489868
5372,0.495361
5373,0.495483
5374,0.495422
5375,0.496582
5376,0.494507
5377,0.48999
5378,0.489075
5379,0.48761
5380,0.487122
5381,0.483276
5382,0.47876
5383,0.474731
5384,0.46698
5385,0.460754
5386,0.458984
5387,0.452454
5388,0.450012
5389,0.444946
5390,0.446167
5391,0.442383
5392,0.443054
5393,0.437012
5394,0.43927
5395,0.433472
5396,0.43335
5397,0.437805
5398,0.44519
5399,0.451843
5400,0.452576
5401,0.454773
5402,0.455383
5403,0.459473
5404,0.466492
5405,0.47113
5406,0.472778
5407,0.479431
5408,0.482849
5409,0.484558
5410,0.489685
5411,0.490112
5412,0.488831
5413,0.493835
5414,0.496094
5415,0.497131
5416,0.495789
5417,0.498535
5418,0.499084
5419,0.504089
5420,0.500854
5421,0.503296
5422,0.50531
5423,0.513123
5424,0.512756
5425,0.520996
5426,0.527405
5427,0.527588
5428,0.533936
5429,0.538818
5430,0.536011
5431,0.540466
5432,0.541626
5433,0.541504
5434,0.543213
5435,0.547485
5436,0.548706
5437,0.547668
5438,0.547546
5439,0.547363
5440,0.554626
5441,0.555298
5442,0.560547
5443,0.560364
5444,0.565369
5445,0.564026
5446,0.568665
5447,0.570862
5448,0.572998
5449,0.576111
5450,0.580811
5451,0.584778
5452,0.586121
5453,0.587158
5454,0.590942
5455,0.590393
5456,0.591003
5457,0.591492
5458,0.591125
5459,0.59259
5460,0.590515
5461,0.594788
5462,0.60022
5463,0.60144
5464,0.606995
5465,0.614136
5466,0.614075
5467,0.619019
5468,0.617615
5469,0.621948
5470,0.635803
5471,0.640625
5472,0.6427
5473,0.642334
5474,0.64325
5475,0.643982
5476,0.644348
5477,0.643921
5478,0.64386
5479,0.646973
5480,0.647583
5481,0.648193
5482,0.650146
5483,0.650818
5484,0.650879
5485,0.65155
5486,0.648682
5487,0.649231
5488,0.649841
5489,0.650574
5490,0.651794
5491,0.653259
5492,0.653442
5493,0.652649
5494,0.651855
5495,0.672485
5496,0.675049
5497,0.678284
5498,0.680969
5499,0.688171
5500,0.703064
5501,0.711914
5502,0.724792
5503,0.737549
5504,0.747437
5505,0.748474
5506,0.754639
5507,0.769958
5508,0.777344
5509,0.78009
5510,0.782349
5511,0.786316
5512,0.795349
5513,0.796204
5514,0.799622
5515,0.803589
5516,0.805359
5517,0.807312
5518,0.806519
5519,0.808472
5520,0.827698
5521,0.829529
5522,0.827576
5523,0.825439
5524,0.827393
5525,0.828613
5526,0.827637
5527,0.828308
5528,0.829712
5529,0.829041
5530,0.829712
5531,0.831116
5532,0.834534
5533,0.833557
5534,0.832703
5535,0.832764
5536,0.832642
5537,0.833679
5538,0.832397
5539,0.830933
5540,0.831482
5541,0.829224
5542,0.828857
5543,0.830078
5544,0.830383
5545,0.838257
5546,0.836914
5547,0.838074
5548,0.836243
5549,0.836914
5550,0.837585
5551,0.835876
5552,0.838074
5553,0.837219
5554,0.837341
5555,0.837646
5556,0.835876
5557,0.836487
5558,0.835266
5559,0.836548
5560,0.834778
5561,0.835938
5562,0.835693
5563,0.835571
5564,0.835571
5565,0.835632
5566,0.834473
5567,0.835632
5568,0.835327
5569,0.835144
5570,0.828247
5571,0.827271
5572,0.827698
5573,0.824646
5574,0.822266
5575,0.821655
5576,0.822388
5577,0.822144
5578,0.821777
5579,0.823242
5580,0.822937
5581,0.820923
5582,0.820862
5583,0.822144
5584,0.821289
5585,0.824463
5586,0.821289
5587,0.821777
5588,0.82373
5589,0.823669
5590,0.823914
5591,0.825317
5592,0.826355
5593,0.826233
5594,0.82666
5595,0.825806
5596,0.827576
5597,0.824951
5598,0.826843
5599,0.826599
5600,0.8255
5601,0.825134
5602,0.825623
5603,0.826416
5604,0.827454
5605,0.825745
5606,0.825989
5607,0.824951
5608,0.825623
5609,0.827759
5610,0.824951
5611,0.825928
5612,0.824341
5613,0.825012
5614,0.822815
5615,0.824646
5616,0.823914
5617,0.823975
5618,0.821777
5619,0.818909
5620,0.816223
5621,0.816772
5622,0.815552
5623,0.813049
5624,0.814026
5625,0.8125
5626,0.812195
5627,0.812561
5628,0.812683
5629,0.812805
5630,0.811035
5631,0.812317
5632,0.811279
5633,0.813782
5634,0.813538
5635,0.812866
5636,0.816284
5637,0.816223
5638,0.817322
5639,0.815491
5640,0.816101
5641,0.816711
5642,0.818237
5643,0.818787
5644,0.816101
5645,0.819336
5646,0.818115
5647,0.817993
5648,0.819885
5649,0.816956
5650,0.819214
5651,0.817871
5652,0.815613
5653,0.816345
5654,0.812134
5655,0.812439
5656,0.812317
5657,0.812927
5658,0.810913
5659,0.810181
5660,0.810547
5661,0.810852
5662,0.811279
5663,0.810669
5664,0.811218
5665,0.812134
5666,0.811646
5667,0.812439
5668,0.811768
5669,0.810425
5670,0.805359
5671,0.804871
5672,0.807129
5673,0.806885
5674,0.805359
5675,0.805786
5676,0.807617
5677,0.807068
5678,0.806702
5679,0.8078
5680,0.807678
5681,0.808289
5682,0.807129
5683,0.807373
5684,0.807373
5685,0.807251
5686,0.807678
5687,0.806763
5688,0.807129
5689,0.807068
5690,0.807251
5691,0.806763
5692,0.807129
5693,0.807312
5694,0.806702
5695,0.812927
5696,0.812561
5697,0.812561
5698,0.813232
5699,0.813477
5700,0.812866
5701,0.810486
5702,0.80957
5703,0.808105
5704,0.807861
5705,0.807434
5706,0.806763
5707,0.807312
5708,0.808411
5709,0.808777
5710,0.807983
5711,0.808533
5712,0.807739
5713,0.806885
5714,0.806885
5715,0.806946
5716,0.807861
5717,0.806885
5718,0.8078
5719,0.806824
5720,0.809875
5721,0.81012
5722,0.810669
