framenum,queue density
1,0.260933
2,0.260933
3,0.260933
4,0.260933
5,0.260933
6,0.245415
7,0.245415
8,0.245415
9,0.245415
10,0.245415
11,0.269457
12,0.269457
13,0.269457
14,0.269457
15,0.269457
16,0.302339
17,0.302339
18,0.302339
19,0.302339
20,0.302339
21,0.319926
22,0.319926
23,0.319926
24,0.319926
25,0.319926
26,0.329331
27,0.329331
28,0.329331
29,0.329331
30,0.329331
31,0.322238
32,0.322238
33,0.322238
34,0.322238
35,0.322238
36,0.323331
37,0.323331
38,0.323331
39,0.323331
40,0.323331
41,0.326051
42,0.326051
43,0.326051
44,0.326051
45,0.326051
46,0.309894
47,0.309894
48,0.309894
49,0.309894
50,0.309894
51,0.304721
52,0.304721
53,0.304721
54,0.304721
55,0.304721
56,0.29978
57,0.29978
58,0.29978
59,0.29978
60,0.29978
61,0.299427
62,0.299427
63,0.299427
64,0.299427
65,0.299427
66,0.29699
67,0.29699
68,0.29699
69,0.29699
70,0.29699
71,0.291496
72,0.291496
73,0.291496
74,0.291496
75,0.291496
76,0.298204
77,0.298204
78,0.298204
79,0.298204
80,0.298204
81,0.298882
82,0.298882
83,0.298882
84,0.298882
85,0.298882
86,0.316129
87,0.316129
88,0.316129
89,0.316129
90,0.316129
91,0.344955
92,0.344955
93,0.344955
94,0.344955
95,0.344955
96,0.373041
97,0.373041
98,0.373041
99,0.373041
100,0.373041
101,0.400656
102,0.400656
103,0.400656
104,0.400656
105,0.400656
106,0.40896
107,0.40896
108,0.40896
109,0.40896
110,0.40896
111,0.406738
112,0.406738
113,0.406738
114,0.406738
115,0.406738
116,0.398019
117,0.398019
118,0.398019
119,0.398019
120,0.398019
121,0.386611
122,0.386611
123,0.386611
124,0.386611
125,0.386611
126,0.406091
127,0.406091
128,0.406091
129,0.406091
130,0.406091
131,0.422574
132,0.422574
133,0.422574
134,0.422574
135,0.422574
136,0.431943
137,0.431943
138,0.431943
139,0.431943
140,0.431943
141,0.433287
142,0.433287
143,0.433287
144,0.433287
145,0.433287
146,0.420371
147,0.420371
148,0.420371
149,0.420371
150,0.420371
151,0.414305
152,0.414305
153,0.414305
154,0.414305
155,0.414305
156,0.400613
157,0.400613
158,0.400613
159,0.400613
160,0.400613
161,0.388531
162,0.388531
163,0.388531
164,0.388531
165,0.388531
166,0.380071
167,0.380071
168,0.380071
169,0.380071
170,0.380071
171,0.370505
172,0.370505
173,0.370505
174,0.370505
175,0.370505
176,0.364655
177,0.364655
178,0.364655
179,0.364655
180,0.364655
181,0.362002
182,0.362002
183,0.362002
184,0.362002
185,0.362002
186,0.359823
187,0.359823
188,0.359823
189,0.359823
190,0.359823
191,0.355927
192,0.355927
193,0.355927
194,0.355927
195,0.355927
196,0.350457
197,0.350457
198,0.350457
199,0.350457
200,0.350457
201,0.349955
202,0.349955
203,0.349955
204,0.349955
205,0.349955
206,0.349399
207,0.349399
208,0.349399
209,0.349399
210,0.349399
211,0.349818
212,0.349818
213,0.349818
214,0.349818
215,0.349818
216,0.349979
217,0.349979
218,0.349979
219,0.349979
220,0.349979
221,0.350147
222,0.350147
223,0.350147
224,0.350147
225,0.350147
226,0.349873
227,0.349873
228,0.349873
229,0.349873
230,0.349873
231,0.349998
232,0.349998
233,0.349998
234,0.349998
235,0.349998
236,0.350077
237,0.350077
238,0.350077
239,0.350077
240,0.350077
241,0.347702
242,0.347702
243,0.347702
244,0.347702
245,0.347702
246,0.347373
247,0.347373
248,0.347373
249,0.347373
250,0.347373
251,0.349219
252,0.349219
253,0.349219
254,0.349219
255,0.349219
256,0.349469
257,0.349469
258,0.349469
259,0.349469
260,0.349469
261,0.349544
262,0.349544
263,0.349544
264,0.349544
265,0.349544
266,0.347353
267,0.347353
268,0.347353
269,0.347353
270,0.347353
271,0.342302
272,0.342302
273,0.342302
274,0.342302
275,0.342302
276,0.341381
277,0.341381
278,0.341381
279,0.341381
280,0.341381
281,0.341291
282,0.341291
283,0.341291
284,0.341291
285,0.341291
286,0.34512
287,0.34512
288,0.34512
289,0.34512
290,0.34512
291,0.345374
292,0.345374
293,0.345374
294,0.345374
295,0.345374
296,0.339144
297,0.339144
298,0.339144
299,0.339144
300,0.339144
301,0.336232
302,0.336232
303,0.336232
304,0.336232
305,0.336232
306,0.336393
307,0.336393
308,0.336393
309,0.336393
310,0.336393
311,0.337333
312,0.337333
313,0.337333
314,0.337333
315,0.337333
316,0.337929
317,0.337929
318,0.337929
319,0.337929
320,0.337929
321,0.341052
322,0.341052
323,0.341052
324,0.341052
325,0.341052
326,0.34142
327,0.34142
328,0.34142
329,0.34142
330,0.34142
331,0.34171
332,0.34171
333,0.34171
334,0.34171
335,0.34171
336,0.342518
337,0.342518
338,0.342518
339,0.342518
340,0.342518
341,0.343203
342,0.343203
343,0.343203
344,0.343203
345,0.343203
346,0.352659
347,0.352659
348,0.352659
349,0.352659
350,0.352659
351,0.362491
352,0.362491
353,0.362491
354,0.362491
355,0.362491
356,0.3717
357,0.3717
358,0.3717
359,0.3717
360,0.3717
361,0.377406
362,0.377406
363,0.377406
364,0.377406
365,0.377406
366,0.377151
367,0.377151
368,0.377151
369,0.377151
370,0.377151
371,0.368859
372,0.368859
373,0.368859
374,0.368859
375,0.368859
376,0.366653
377,0.366653
378,0.366653
379,0.366653
380,0.366653
381,0.362468
382,0.362468
383,0.362468
384,0.362468
385,0.362468
386,0.363283
387,0.363283
388,0.363283
389,0.363283
390,0.363283
391,0.37259
392,0.37259
393,0.37259
394,0.37259
395,0.37259
396,0.38004
397,0.38004
398,0.38004
399,0.38004
400,0.38004
401,0.39149
402,0.39149
403,0.39149
404,0.39149
405,0.39149
406,0.398626
407,0.398626
408,0.398626
409,0.398626
410,0.398626
411,0.410829
412,0.410829
413,0.410829
414,0.410829
415,0.410829
416,0.425556
417,0.425556
418,0.425556
419,0.425556
420,0.425556
421,0.437966
422,0.437966
423,0.437966
424,0.437966
425,0.437966
426,0.455844
427,0.455844
428,0.455844
429,0.455844
430,0.455844
431,0.480108
432,0.480108
433,0.480108
434,0.480108
435,0.480108
436,0.502179
437,0.502179
438,0.502179
439,0.502179
440,0.502179
441,0.521663
442,0.521663
443,0.521663
444,0.521663
445,0.521663
446,0.540833
447,0.540833
448,0.540833
449,0.540833
450,0.540833
451,0.552143
452,0.552143
453,0.552143
454,0.552143
455,0.552143
456,0.559028
457,0.559028
458,0.559028
459,0.559028
460,0.559028
461,0.569926
462,0.569926
463,0.569926
464,0.569926
465,0.569926
466,0.5789
467,0.5789
468,0.5789
469,0.5789
470,0.5789
471,0.59657
472,0.59657
473,0.59657
474,0.59657
475,0.59657
476,0.597632
477,0.597632
478,0.597632
479,0.597632
480,0.597632
481,0.602342
482,0.602342
483,0.602342
484,0.602342
485,0.602342
486,0.60206
487,0.60206
488,0.60206
489,0.60206
490,0.60206
491,0.603196
492,0.603196
493,0.603196
494,0.603196
495,0.603196
496,0.602585
497,0.602585
498,0.602585
499,0.602585
500,0.602585
501,0.602205
502,0.602205
503,0.602205
504,0.602205
505,0.602205
506,0.601636
507,0.601636
508,0.601636
509,0.601636
510,0.601636
511,0.599708
512,0.599708
513,0.599708
514,0.599708
515,0.599708
516,0.60639
517,0.60639
518,0.60639
519,0.60639
520,0.60639
521,0.646502
522,0.646502
523,0.646502
524,0.646502
525,0.646502
526,0.673886
527,0.673886
528,0.673886
529,0.673886
530,0.673886
531,0.688272
532,0.688272
533,0.688272
534,0.688272
535,0.688272
536,0.691387
537,0.691387
538,0.691387
539,0.691387
540,0.691387
541,0.693531
542,0.693531
543,0.693531
544,0.693531
545,0.693531
546,0.709292
547,0.709292
548,0.709292
549,0.709292
550,0.709292
551,0.70533
552,0.70533
553,0.70533
554,0.70533
555,0.70533
556,0.702231
557,0.702231
558,0.702231
559,0.702231
560,0.702231
561,0.700079
562,0.700079
563,0.700079
564,0.700079
565,0.700079
566,0.700138
567,0.700138
568,0.700138
569,0.700138
570,0.700138
571,0.69558
572,0.69558
573,0.69558
574,0.69558
575,0.69558
576,0.694542
577,0.694542
578,0.694542
579,0.694542
580,0.694542
581,0.693245
582,0.693245
583,0.693245
584,0.693245
585,0.693245
586,0.691971
587,0.691971
588,0.691971
589,0.691971
590,0.691971
591,0.693206
592,0.693206
593,0.693206
594,0.693206
595,0.693206
596,0.721617
597,0.721617
598,0.721617
599,0.721617
600,0.721617
601,0.736206
602,0.736206
603,0.736206
604,0.736206
605,0.736206
606,0.739259
607,0.739259
608,0.739259
609,0.739259
610,0.739259
611,0.757704
612,0.757704
613,0.757704
614,0.757704
615,0.757704
616,0.763625
617,0.763625
618,0.763625
619,0.763625
620,0.763625
621,0.784124
622,0.784124
623,0.784124
624,0.784124
625,0.784124
626,0.783309
627,0.783309
628,0.783309
629,0.783309
630,0.783309
631,0.790351
632,0.790351
633,0.790351
634,0.790351
635,0.790351
636,0.800199
637,0.800199
638,0.800199
639,0.800199
640,0.800199
641,0.805329
642,0.805329
643,0.805329
644,0.805329
645,0.805329
646,0.818147
647,0.818147
648,0.818147
649,0.818147
650,0.818147
651,0.817735
652,0.817735
653,0.817735
654,0.817735
655,0.817735
656,0.825377
657,0.825377
658,0.825377
659,0.825377
660,0.825377
661,0.823065
662,0.823065
663,0.823065
664,0.823065
665,0.823065
666,0.822336
667,0.822336
668,0.822336
669,0.822336
670,0.822336
671,0.819793
672,0.819793
673,0.819793
674,0.819793
675,0.819793
676,0.818409
677,0.818409
678,0.818409
679,0.818409
680,0.818409
681,0.817877
682,0.817877
683,0.817877
684,0.817877
685,0.817877
686,0.814487
687,0.814487
688,0.814487
689,0.814487
690,0.814487
691,0.809091
692,0.809091
693,0.809091
694,0.809091
695,0.809091
696,0.813707
697,0.813707
698,0.813707
699,0.813707
700,0.813707
701,0.810811
702,0.810811
703,0.810811
704,0.810811
705,0.810811
706,0.819871
707,0.819871
708,0.819871
709,0.819871
710,0.819871
711,0.825522
712,0.825522
713,0.825522
714,0.825522
715,0.825522
716,0.827795
717,0.827795
718,0.827795
719,0.827795
720,0.827795
721,0.837795
722,0.837795
723,0.837795
724,0.837795
725,0.837795
726,0.838854
727,0.838854
728,0.838854
729,0.838854
730,0.838854
731,0.839116
732,0.839116
733,0.839116
734,0.839116
735,0.839116
736,0.839002
737,0.839002
738,0.839002
739,0.839002
740,0.839002
741,0.838665
742,0.838665
743,0.838665
744,0.838665
745,0.838665
746,0.840155
747,0.840155
748,0.840155
749,0.840155
750,0.840155
751,0.840253
752,0.840253
753,0.840253
754,0.840253
755,0.840253
756,0.840413
757,0.840413
758,0.840413
759,0.840413
760,0.840413
761,0.841052
762,0.841052
763,0.841052
764,0.841052
765,0.841052
766,0.841934
767,0.841934
768,0.841934
769,0.841934
770,0.841934
771,0.846601
772,0.846601
773,0.846601
774,0.846601
775,0.846601
776,0.846236
777,0.846236
778,0.846236
779,0.846236
780,0.846236
781,0.846307
782,0.846307
783,0.846307
784,0.846307
785,0.846307
786,0.845441
787,0.845441
788,0.845441
789,0.845441
790,0.845441
791,0.845676
792,0.845676
793,0.845676
794,0.845676
795,0.845676
796,0.842553
797,0.842553
798,0.842553
799,0.842553
800,0.842553
801,0.841808
802,0.841808
803,0.841808
804,0.841808
805,0.841808
806,0.841369
807,0.841369
808,0.841369
809,0.841369
810,0.841369
811,0.839645
812,0.839645
813,0.839645
814,0.839645
815,0.839645
816,0.843372
817,0.843372
818,0.843372
819,0.843372
820,0.843372
821,0.845323
822,0.845323
823,0.845323
824,0.845323
825,0.845323
826,0.846562
827,0.846562
828,0.846562
829,0.846562
830,0.846562
831,0.847878
832,0.847878
833,0.847878
834,0.847878
835,0.847878
836,0.848776
837,0.848776
838,0.848776
839,0.848776
840,0.848776
841,0.849277
842,0.849277
843,0.849277
844,0.849277
845,0.849277
846,0.85019
847,0.85019
848,0.85019
849,0.85019
850,0.85019
851,0.850915
852,0.850915
853,0.850915
854,0.850915
855,0.850915
856,0.85077
857,0.85077
858,0.85077
859,0.85077
860,0.85077
861,0.850014
862,0.850014
863,0.850014
864,0.850014
865,0.850014
866,0.850324
867,0.850324
868,0.850324
869,0.850324
870,0.850324
871,0.849034
872,0.849034
873,0.849034
874,0.849034
875,0.849034
876,0.848498
877,0.848498
878,0.848498
879,0.848498
880,0.848498
881,0.84916
882,0.84916
883,0.84916
884,0.84916
885,0.84916
886,0.849732
887,0.849732
888,0.849732
889,0.849732
890,0.849732
891,0.850285
892,0.850285
893,0.850285
894,0.850285
895,0.850285
896,0.850731
897,0.850731
898,0.850731
899,0.850731
900,0.850731
901,0.850821
902,0.850821
903,0.850821
904,0.850821
905,0.850821
906,0.85215
907,0.85215
908,0.85215
909,0.85215
910,0.85215
911,0.852393
912,0.852393
913,0.852393
914,0.852393
915,0.852393
916,0.852824
917,0.852824
918,0.852824
919,0.852824
920,0.852824
921,0.85146
922,0.85146
923,0.85146
924,0.85146
925,0.85146
926,0.851754
927,0.851754
928,0.851754
929,0.851754
930,0.851754
931,0.850312
932,0.850312
933,0.850312
934,0.850312
935,0.850312
936,0.850328
937,0.850328
938,0.850328
939,0.850328
940,0.850328
941,0.849258
942,0.849258
943,0.849258
944,0.849258
945,0.849258
946,0.848768
947,0.848768
948,0.848768
949,0.848768
950,0.848768
951,0.848933
952,0.848933
953,0.848933
954,0.848933
955,0.848933
956,0.849712
957,0.849712
958,0.849712
959,0.849712
960,0.849712
961,0.850006
962,0.850006
963,0.850006
964,0.850006
965,0.850006
966,0.85032
967,0.85032
968,0.85032
969,0.85032
970,0.85032
971,0.850049
972,0.850049
973,0.850049
974,0.850049
975,0.850049
976,0.849168
977,0.849168
978,0.849168
979,0.849168
980,0.849168
981,0.846954
982,0.846954
983,0.846954
984,0.846954
985,0.846954
986,0.848936
987,0.848936
988,0.848936
989,0.848936
990,0.848936
991,0.848866
992,0.848866
993,0.848866
994,0.848866
995,0.848866
996,0.848776
997,0.848776
998,0.848776
999,0.848776
1000,0.848776
1001,0.849426
1002,0.849426
1003,0.849426
1004,0.849426
1005,0.849426
1006,0.849951
1007,0.849951
1008,0.849951
1009,0.849951
1010,0.849951
1011,0.84715
1012,0.84715
1013,0.84715
1014,0.84715
1015,0.84715
1016,0.847099
1017,0.847099
1018,0.847099
1019,0.847099
1020,0.847099
1021,0.848055
1022,0.848055
1023,0.848055
1024,0.848055
1025,0.848055
1026,0.846773
1027,0.846773
1028,0.846773
1029,0.846773
1030,0.846773
1031,0.84693
1032,0.84693
1033,0.84693
1034,0.84693
1035,0.84693
1036,0.848454
1037,0.848454
1038,0.848454
1039,0.848454
1040,0.848454
1041,0.847855
1042,0.847855
1043,0.847855
1044,0.847855
1045,0.847855
1046,0.8482
1047,0.8482
1048,0.8482
1049,0.8482
1050,0.8482
1051,0.847863
1052,0.847863
1053,0.847863
1054,0.847863
1055,0.847863
1056,0.847741
1057,0.847741
1058,0.847741
1059,0.847741
1060,0.847741
1061,0.846742
1062,0.846742
1063,0.846742
1064,0.846742
1065,0.846742
1066,0.846961
1067,0.846961
1068,0.846961
1069,0.846961
1070,0.846961
1071,0.847079
1072,0.847079
1073,0.847079
1074,0.847079
1075,0.847079
1076,0.84762
1077,0.84762
1078,0.84762
1079,0.84762
1080,0.84762
1081,0.847506
1082,0.847506
1083,0.847506
1084,0.847506
1085,0.847506
1086,0.846366
1087,0.846366
1088,0.846366
1089,0.846366
1090,0.846366
1091,0.846668
1092,0.846668
1093,0.846668
1094,0.846668
1095,0.846668
1096,0.84646
1097,0.84646
1098,0.84646
1099,0.84646
1100,0.84646
1101,0.846436
1102,0.846436
1103,0.846436
1104,0.846436
1105,0.846436
1106,0.846001
1107,0.846001
1108,0.846001
1109,0.846001
1110,0.846001
1111,0.846358
1112,0.846358
1113,0.846358
1114,0.846358
1115,0.846358
1116,0.846566
1117,0.846566
1118,0.846566
1119,0.846566
1120,0.846566
1121,0.847224
1122,0.847224
1123,0.847224
1124,0.847224
1125,0.847224
1126,0.847024
1127,0.847024
1128,0.847024
1129,0.847024
1130,0.847024
1131,0.844986
1132,0.844986
1133,0.844986
1134,0.844986
1135,0.844986
1136,0.846111
1137,0.846111
1138,0.846111
1139,0.846111
1140,0.846111
1141,0.845801
1142,0.845801
1143,0.845801
1144,0.845801
1145,0.845801
1146,0.845186
1147,0.845186
1148,0.845186
1149,0.845186
1150,0.845186
1151,0.845884
1152,0.845884
1153,0.845884
1154,0.845884
1155,0.845884
1156,0.846887
1157,0.846887
1158,0.846887
1159,0.846887
1160,0.846887
1161,0.845316
1162,0.845316
1163,0.845316
1164,0.845316
1165,0.845316
1166,0.844869
1167,0.844869
1168,0.844869
1169,0.844869
1170,0.844869
1171,0.846648
1172,0.846648
1173,0.846648
1174,0.846648
1175,0.846648
1176,0.847667
1177,0.847667
1178,0.847667
1179,0.847667
1180,0.847667
1181,0.847291
1182,0.847291
1183,0.847291
1184,0.847291
1185,0.847291
1186,0.846875
1187,0.846875
1188,0.846875
1189,0.846875
1190,0.846875
1191,0.847322
1192,0.847322
1193,0.847322
1194,0.847322
1195,0.847322
1196,0.846946
1197,0.846946
1198,0.846946
1199,0.846946
1200,0.846946
1201,0.846577
1202,0.846577
1203,0.846577
1204,0.846577
1205,0.846577
1206,0.846354
1207,0.846354
1208,0.846354
1209,0.846354
1210,0.846354
1211,0.849207
1212,0.849207
1213,0.849207
1214,0.849207
1215,0.849207
1216,0.848259
1217,0.848259
1218,0.848259
1219,0.848259
1220,0.848259
1221,0.848157
1222,0.848157
1223,0.848157
1224,0.848157
1225,0.848157
1226,0.847655
1227,0.847655
1228,0.847655
1229,0.847655
1230,0.847655
1231,0.847722
1232,0.847722
1233,0.847722
1234,0.847722
1235,0.847722
1236,0.845523
1237,0.845523
1238,0.845523
1239,0.845523
1240,0.845523
1241,0.844896
1242,0.844896
1243,0.844896
1244,0.844896
1245,0.844896
1246,0.845594
1247,0.845594
1248,0.845594
1249,0.845594
1250,0.845594
1251,0.845911
1252,0.845911
1253,0.845911
1254,0.845911
1255,0.845911
1256,0.846236
1257,0.846236
1258,0.846236
1259,0.846236
1260,0.846236
1261,0.846217
1262,0.846217
1263,0.846217
1264,0.846217
1265,0.846217
1266,0.845899
1267,0.845899
1268,0.845899
1269,0.845899
1270,0.845899
1271,0.845954
1272,0.845954
1273,0.845954
1274,0.845954
1275,0.845954
1276,0.846538
1277,0.846538
1278,0.846538
1279,0.846538
1280,0.846538
1281,0.84724
1282,0.84724
1283,0.84724
1284,0.84724
1285,0.84724
1286,0.846444
1287,0.846444
1288,0.846444
1289,0.846444
1290,0.846444
1291,0.845672
1292,0.845672
1293,0.845672
1294,0.845672
1295,0.845672
1296,0.845868
1297,0.845868
1298,0.845868
1299,0.845868
1300,0.845868
1301,0.846342
1302,0.846342
1303,0.846342
1304,0.846342
1305,0.846342
1306,0.846695
1307,0.846695
1308,0.846695
1309,0.846695
1310,0.846695
1311,0.846534
1312,0.846534
1313,0.846534
1314,0.846534
1315,0.846534
1316,0.845504
1317,0.845504
1318,0.845504
1319,0.845504
1320,0.845504
1321,0.846064
1322,0.846064
1323,0.846064
1324,0.846064
1325,0.846064
1326,0.846456
1327,0.846456
1328,0.846456
1329,0.846456
1330,0.846456
1331,0.846726
1332,0.846726
1333,0.846726
1334,0.846726
1335,0.846726
1336,0.84686
1337,0.84686
1338,0.84686
1339,0.84686
1340,0.84686
1341,0.847537
1342,0.847537
1343,0.847537
1344,0.847537
1345,0.847537
1346,0.847157
1347,0.847157
1348,0.847157
1349,0.847157
1350,0.847157
1351,0.846033
1352,0.846033
1353,0.846033
1354,0.846033
1355,0.846033
1356,0.846299
1357,0.846299
1358,0.846299
1359,0.846299
1360,0.846299
1361,0.846276
1362,0.846276
1363,0.846276
1364,0.846276
1365,0.846276
1366,0.845433
1367,0.845433
1368,0.845433
1369,0.845433
1370,0.845433
1371,0.844963
1372,0.844963
1373,0.844963
1374,0.844963
1375,0.844963
1376,0.846068
1377,0.846068
1378,0.846068
1379,0.846068
1380,0.846068
1381,0.846452
1382,0.846452
1383,0.846452
1384,0.846452
1385,0.846452
1386,0.846413
1387,0.846413
1388,0.846413
1389,0.846413
1390,0.846413
1391,0.846679
1392,0.846679
1393,0.846679
1394,0.846679
1395,0.846679
1396,0.848631
1397,0.848631
1398,0.848631
1399,0.848631
1400,0.848631
1401,0.84914
1402,0.84914
1403,0.84914
1404,0.84914
1405,0.84914
1406,0.849728
1407,0.849728
1408,0.849728
1409,0.849728
1410,0.849728
1411,0.850026
1412,0.850026
1413,0.850026
1414,0.850026
1415,0.850026
1416,0.850159
1417,0.850159
1418,0.850159
1419,0.850159
1420,0.850159
1421,0.850857
1422,0.850857
1423,0.850857
1424,0.850857
1425,0.850857
1426,0.851809
1427,0.851809
1428,0.851809
1429,0.851809
1430,0.851809
1431,0.851319
1432,0.851319
1433,0.851319
1434,0.851319
1435,0.851319
1436,0.853082
1437,0.853082
1438,0.853082
1439,0.853082
1440,0.853082
1441,0.853525
1442,0.853525
1443,0.853525
1444,0.853525
1445,0.853525
1446,0.854795
1447,0.854795
1448,0.854795
1449,0.854795
1450,0.854795
1451,0.85668
1452,0.85668
1453,0.85668
1454,0.85668
1455,0.85668
1456,0.856837
1457,0.856837
1458,0.856837
1459,0.856837
1460,0.856837
1461,0.858584
1462,0.858584
1463,0.858584
1464,0.858584
1465,0.858584
1466,0.858106
1467,0.858106
1468,0.858106
1469,0.858106
1470,0.858106
1471,0.861704
1472,0.861704
1473,0.861704
1474,0.861704
1475,0.861704
1476,0.863005
1477,0.863005
1478,0.863005
1479,0.863005
1480,0.863005
1481,0.863001
1482,0.863001
1483,0.863001
1484,0.863001
1485,0.863001
1486,0.866994
1487,0.866994
1488,0.866994
1489,0.866994
1490,0.866994
1491,0.871548
1492,0.871548
1493,0.871548
1494,0.871548
1495,0.871548
1496,0.879103
1497,0.879103
1498,0.879103
1499,0.879103
1500,0.879103
1501,0.871928
1502,0.871928
1503,0.871928
1504,0.871928
1505,0.871928
1506,0.867425
1507,0.867425
1508,0.867425
1509,0.867425
1510,0.867425
1511,0.870458
1512,0.870458
1513,0.870458
1514,0.870458
1515,0.870458
1516,0.873448
1517,0.873448
1518,0.873448
1519,0.873448
1520,0.873448
1521,0.874847
1522,0.874847
1523,0.874847
1524,0.874847
1525,0.874847
1526,0.875611
1527,0.875611
1528,0.875611
1529,0.875611
1530,0.875611
1531,0.878253
1532,0.878253
1533,0.878253
1534,0.878253
1535,0.878253
1536,0.878789
1537,0.878789
1538,0.878789
1539,0.878789
1540,0.878789
1541,0.873997
1542,0.873997
1543,0.873997
1544,0.873997
1545,0.873997
1546,0.87549
1547,0.87549
1548,0.87549
1549,0.87549
1550,0.87549
1551,0.875748
1552,0.875748
1553,0.875748
1554,0.875748
1555,0.875748
1556,0.880663
1557,0.880663
1558,0.880663
1559,0.880663
1560,0.880663
1561,0.882516
1562,0.882516
1563,0.882516
1564,0.882516
1565,0.882516
1566,0.876109
1567,0.876109
1568,0.876109
1569,0.876109
1570,0.876109
1571,0.877414
1572,0.877414
1573,0.877414
1574,0.877414
1575,0.877414
1576,0.878186
1577,0.878186
1578,0.878186
1579,0.878186
1580,0.878186
1581,0.879448
1582,0.879448
1583,0.879448
1584,0.879448
1585,0.879448
1586,0.885871
1587,0.885871
1588,0.885871
1589,0.885871
1590,0.885871
1591,0.882148
1592,0.882148
1593,0.882148
1594,0.882148
1595,0.882148
1596,0.868381
1597,0.868381
1598,0.868381
1599,0.868381
1600,0.868381
1601,0.857562
1602,0.857562
1603,0.857562
1604,0.857562
1605,0.857562
1606,0.86123
1607,0.86123
1608,0.86123
1609,0.86123
1610,0.86123
1611,0.863565
1612,0.863565
1613,0.863565
1614,0.863565
1615,0.863565
1616,0.86844
1617,0.86844
1618,0.86844
1619,0.86844
1620,0.86844
1621,0.860787
1622,0.860787
1623,0.860787
1624,0.860787
1625,0.860787
1626,0.866892
1627,0.866892
1628,0.866892
1629,0.866892
1630,0.866892
1631,0.865842
1632,0.865842
1633,0.865842
1634,0.865842
1635,0.865842
1636,0.862566
1637,0.862566
1638,0.862566
1639,0.862566
1640,0.862566
1641,0.868444
1642,0.868444
1643,0.868444
1644,0.868444
1645,0.868444
1646,0.86634
1647,0.86634
1648,0.86634
1649,0.86634
1650,0.86634
1651,0.861665
1652,0.861665
1653,0.861665
1654,0.861665
1655,0.861665
1656,0.855308
1657,0.855308
1658,0.855308
1659,0.855308
1660,0.855308
1661,0.852087
1662,0.852087
1663,0.852087
1664,0.852087
1665,0.852087
1666,0.856468
1667,0.856468
1668,0.856468
1669,0.856468
1670,0.856468
1671,0.860881
1672,0.860881
1673,0.860881
1674,0.860881
1675,0.860881
1676,0.86266
1677,0.86266
1678,0.86266
1679,0.86266
1680,0.86266
1681,0.850061
1682,0.850061
1683,0.850061
1684,0.850061
1685,0.850061
1686,0.832388
1687,0.832388
1688,0.832388
1689,0.832388
1690,0.832388
1691,0.836902
1692,0.836902
1693,0.836902
1694,0.836902
1695,0.836902
1696,0.837411
1697,0.837411
1698,0.837411
1699,0.837411
1700,0.837411
1701,0.831302
1702,0.831302
1703,0.831302
1704,0.831302
1705,0.831302
1706,0.835969
1707,0.835969
1708,0.835969
1709,0.835969
1710,0.835969
1711,0.844426
1712,0.844426
1713,0.844426
1714,0.844426
1715,0.844426
1716,0.835687
1717,0.835687
1718,0.835687
1719,0.835687
1720,0.835687
1721,0.835421
1722,0.835421
1723,0.835421
1724,0.835421
1725,0.835421
1726,0.848039
1727,0.848039
1728,0.848039
1729,0.848039
1730,0.848039
1731,0.856723
1732,0.856723
1733,0.856723
1734,0.856723
1735,0.856723
1736,0.799756
1737,0.799756
1738,0.799756
1739,0.799756
1740,0.799756
1741,0.780362
1742,0.780362
1743,0.780362
1744,0.780362
1745,0.780362
1746,0.760682
1747,0.760682
1748,0.760682
1749,0.760682
1750,0.760682
1751,0.715131
1752,0.715131
1753,0.715131
1754,0.715131
1755,0.715131
1756,0.648697
1757,0.648697
1758,0.648697
1759,0.648697
1760,0.648697
1761,0.620133
1762,0.620133
1763,0.620133
1764,0.620133
1765,0.620133
1766,0.58863
1767,0.58863
1768,0.58863
1769,0.58863
1770,0.58863
1771,0.63098
1772,0.63098
1773,0.63098
1774,0.63098
1775,0.63098
1776,0.680039
1777,0.680039
1778,0.680039
1779,0.680039
1780,0.680039
1781,0.706126
1782,0.706126
1783,0.706126
1784,0.706126
1785,0.706126
1786,0.685384
1787,0.685384
1788,0.685384
1789,0.685384
1790,0.685384
1791,0.67025
1792,0.67025
1793,0.67025
1794,0.67025
1795,0.67025
1796,0.638241
1797,0.638241
1798,0.638241
1799,0.638241
1800,0.638241
1801,0.624075
1802,0.624075
1803,0.624075
1804,0.624075
1805,0.624075
1806,0.631917
1807,0.631917
1808,0.631917
1809,0.631917
1810,0.631917
1811,0.619616
1812,0.619616
1813,0.619616
1814,0.619616
1815,0.619616
1816,0.620105
1817,0.620105
1818,0.620105
1819,0.620105
1820,0.620105
1821,0.600089
1822,0.600089
1823,0.600089
1824,0.600089
1825,0.600089
1826,0.573923
1827,0.573923
1828,0.573923
1829,0.573923
1830,0.573923
1831,0.545324
1832,0.545324
1833,0.545324
1834,0.545324
1835,0.545324
1836,0.511023
1837,0.511023
1838,0.511023
1839,0.511023
1840,0.511023
1841,0.526691
1842,0.526691
1843,0.526691
1844,0.526691
1845,0.526691
1846,0.533928
1847,0.533928
1848,0.533928
1849,0.533928
1850,0.533928
1851,0.541997
1852,0.541997
1853,0.541997
1854,0.541997
1855,0.541997
1856,0.518395
1857,0.518395
1858,0.518395
1859,0.518395
1860,0.518395
1861,0.491222
1862,0.491222
1863,0.491222
1864,0.491222
1865,0.491222
1866,0.466299
1867,0.466299
1868,0.466299
1869,0.466299
1870,0.466299
1871,0.448422
1872,0.448422
1873,0.448422
1874,0.448422
1875,0.448422
1876,0.477992
1877,0.477992
1878,0.477992
1879,0.477992
1880,0.477992
1881,0.502743
1882,0.502743
1883,0.502743
1884,0.502743
1885,0.502743
1886,0.48603
1887,0.48603
1888,0.48603
1889,0.48603
1890,0.48603
1891,0.517689
1892,0.517689
1893,0.517689
1894,0.517689
1895,0.517689
1896,0.545195
1897,0.545195
1898,0.545195
1899,0.545195
1900,0.545195
1901,0.530096
1902,0.530096
1903,0.530096
1904,0.530096
1905,0.530096
1906,0.617966
1907,0.617966
1908,0.617966
1909,0.617966
1910,0.617966
1911,0.685466
1912,0.685466
1913,0.685466
1914,0.685466
1915,0.685466
1916,0.717514
1917,0.717514
1918,0.717514
1919,0.717514
1920,0.717514
1921,0.7533
1922,0.7533
1923,0.7533
1924,0.7533
1925,0.7533
1926,0.708022
1927,0.708022
1928,0.708022
1929,0.708022
1930,0.708022
1931,0.64321
1932,0.64321
1933,0.64321
1934,0.64321
1935,0.64321
1936,0.47336
1937,0.47336
1938,0.47336
1939,0.47336
1940,0.47336
1941,0.423847
1942,0.423847
1943,0.423847
1944,0.423847
1945,0.423847
1946,0.417891
1947,0.417891
1948,0.417891
1949,0.417891
1950,0.417891
1951,0.373746
1952,0.373746
1953,0.373746
1954,0.373746
1955,0.373746
1956,0.356613
1957,0.356613
1958,0.356613
1959,0.356613
1960,0.356613
1961,0.335123
1962,0.335123
1963,0.335123
1964,0.335123
1965,0.335123
1966,0.315835
1967,0.315835
1968,0.315835
1969,0.315835
1970,0.315835
1971,0.290982
1972,0.290982
1973,0.290982
1974,0.290982
1975,0.290982
1976,0.237676
1977,0.237676
1978,0.237676
1979,0.237676
1980,0.237676
1981,0.21144
1982,0.21144
1983,0.21144
1984,0.21144
1985,0.21144
1986,0.176069
1987,0.176069
1988,0.176069
1989,0.176069
1990,0.176069
1991,0.175109
1992,0.175109
1993,0.175109
1994,0.175109
1995,0.175109
1996,0.174866
1997,0.174866
1998,0.174866
1999,0.174866
2000,0.174866
2001,0.167205
2002,0.167205
2003,0.167205
2004,0.167205
2005,0.167205
2006,0.203645
2007,0.203645
2008,0.203645
2009,0.203645
2010,0.203645
2011,0.267952
2012,0.267952
2013,0.267952
2014,0.267952
2015,0.267952
2016,0.384052
2017,0.384052
2018,0.384052
2019,0.384052
2020,0.384052
2021,0.471366
2022,0.471366
2023,0.471366
2024,0.471366
2025,0.471366
2026,0.5766
2027,0.5766
2028,0.5766
2029,0.5766
2030,0.5766
2031,0.684467
2032,0.684467
2033,0.684467
2034,0.684467
2035,0.684467
2036,0.691184
2037,0.691184
2038,0.691184
2039,0.691184
2040,0.691184
2041,0.697183
2042,0.697183
2043,0.697183
2044,0.697183
2045,0.697183
2046,0.53347
2047,0.53347
2048,0.53347
2049,0.53347
2050,0.53347
2051,0.445063
2052,0.445063
2053,0.445063
2054,0.445063
2055,0.445063
2056,0.375631
2057,0.375631
2058,0.375631
2059,0.375631
2060,0.375631
2061,0.298318
2062,0.298318
2063,0.298318
2064,0.298318
2065,0.298318
2066,0.275527
2067,0.275527
2068,0.275527
2069,0.275527
2070,0.275527
2071,0.273493
2072,0.273493
2073,0.273493
2074,0.273493
2075,0.273493
2076,0.258884
2077,0.258884
2078,0.258884
2079,0.258884
2080,0.258884
2081,0.209198
2082,0.209198
2083,0.209198
2084,0.209198
2085,0.209198
2086,0.168565
2087,0.168565
2088,0.168565
2089,0.168565
2090,0.168565
2091,0.168055
2092,0.168055
2093,0.168055
2094,0.168055
2095,0.168055
2096,0.168996
2097,0.168996
2098,0.168996
2099,0.168996
2100,0.168996
2101,0.174235
2102,0.174235
2103,0.174235
2104,0.174235
2105,0.174235
2106,0.198809
2107,0.198809
2108,0.198809
2109,0.198809
2110,0.198809
2111,0.242061
2112,0.242061
2113,0.242061
2114,0.242061
2115,0.242061
2116,0.359803
2117,0.359803
2118,0.359803
2119,0.359803
2120,0.359803
2121,0.542483
2122,0.542483
2123,0.542483
2124,0.542483
2125,0.542483
2126,0.699817
2127,0.699817
2128,0.699817
2129,0.699817
2130,0.699817
2131,0.827552
2132,0.827552
2133,0.827552
2134,0.827552
2135,0.827552
2136,0.887771
2137,0.887771
2138,0.887771
2139,0.887771
2140,0.887771
2141,0.893583
2142,0.893583
2143,0.893583
2144,0.893583
2145,0.893583
2146,0.884836
2147,0.884836
2148,0.884836
2149,0.884836
2150,0.884836
2151,0.887446
2152,0.887446
2153,0.887446
2154,0.887446
2155,0.887446
2156,0.777188
2157,0.777188
2158,0.777188
2159,0.777188
2160,0.777188
2161,0.647243
2162,0.647243
2163,0.647243
2164,0.647243
2165,0.647243
2166,0.65162
2167,0.65162
2168,0.65162
2169,0.65162
2170,0.65162
2171,0.644319
2172,0.644319
2173,0.644319
2174,0.644319
2175,0.644319
2176,0.584962
2177,0.584962
2178,0.584962
2179,0.584962
2180,0.584962
2181,0.445706
2182,0.445706
2183,0.445706
2184,0.445706
2185,0.445706
2186,0.317375
2187,0.317375
2188,0.317375
2189,0.317375
2190,0.317375
2191,0.277545
2192,0.277545
2193,0.277545
2194,0.277545
2195,0.277545
2196,0.245427
2197,0.245427
2198,0.245427
2199,0.245427
2200,0.245427
2201,0.216624
2202,0.216624
2203,0.216624
2204,0.216624
2205,0.216624
2206,0.195784
2207,0.195784
2208,0.195784
2209,0.195784
2210,0.195784
2211,0.17786
2212,0.17786
2213,0.17786
2214,0.17786
2215,0.17786
2216,0.166127
2217,0.166127
2218,0.166127
2219,0.166127
2220,0.166127
2221,0.163118
2222,0.163118
2223,0.163118
2224,0.163118
2225,0.163118
2226,0.162557
2227,0.162557
2228,0.162557
2229,0.162557
2230,0.162557
2231,0.162091
2232,0.162091
2233,0.162091
2234,0.162091
2235,0.162091
2236,0.163004
2237,0.163004
2238,0.163004
2239,0.163004
2240,0.163004
2241,0.165155
2242,0.165155
2243,0.165155
2244,0.165155
2245,0.165155
2246,0.165853
2247,0.165853
2248,0.165853
2249,0.165853
2250,0.165853
2251,0.166429
2252,0.166429
2253,0.166429
2254,0.166429
2255,0.166429
2256,0.167072
2257,0.167072
2258,0.167072
2259,0.167072
2260,0.167072
2261,0.168067
2262,0.168067
2263,0.168067
2264,0.168067
2265,0.168067
2266,0.171124
2267,0.171124
2268,0.171124
2269,0.171124
2270,0.171124
2271,0.197003
2272,0.197003
2273,0.197003
2274,0.197003
2275,0.197003
2276,0.234944
2277,0.234944
2278,0.234944
2279,0.234944
2280,0.234944
2281,0.280453
2282,0.280453
2283,0.280453
2284,0.280453
2285,0.280453
2286,0.292906
2287,0.292906
2288,0.292906
2289,0.292906
2290,0.292906
2291,0.303075
2292,0.303075
2293,0.303075
2294,0.303075
2295,0.303075
2296,0.281805
2297,0.281805
2298,0.281805
2299,0.281805
2300,0.281805
2301,0.274202
2302,0.274202
2303,0.274202
2304,0.274202
2305,0.274202
2306,0.290504
2307,0.290504
2308,0.290504
2309,0.290504
2310,0.290504
2311,0.279947
2312,0.279947
2313,0.279947
2314,0.279947
2315,0.279947
2316,0.272447
2317,0.272447
2318,0.272447
2319,0.272447
2320,0.272447
2321,0.268508
2322,0.268508
2323,0.268508
2324,0.268508
2325,0.268508
2326,0.250933
2327,0.250933
2328,0.250933
2329,0.250933
2330,0.250933
2331,0.228043
2332,0.228043
2333,0.228043
2334,0.228043
2335,0.228043
2336,0.195749
2337,0.195749
2338,0.195749
2339,0.195749
2340,0.195749
2341,0.183534
2342,0.183534
2343,0.183534
2344,0.183534
2345,0.183534
2346,0.178099
2347,0.178099
2348,0.178099
2349,0.178099
2350,0.178099
2351,0.179412
2352,0.179412
2353,0.179412
2354,0.179412
2355,0.179412
2356,0.201537
2357,0.201537
2358,0.201537
2359,0.201537
2360,0.201537
2361,0.197171
2362,0.197171
2363,0.197171
2364,0.197171
2365,0.197171
2366,0.18009
2367,0.18009
2368,0.18009
2369,0.18009
2370,0.18009
2371,0.170971
2372,0.170971
2373,0.170971
2374,0.170971
2375,0.170971
2376,0.166445
2377,0.166445
2378,0.166445
2379,0.166445
2380,0.166445
2381,0.162107
2382,0.162107
2383,0.162107
2384,0.162107
2385,0.162107
2386,0.181771
2387,0.181771
2388,0.181771
2389,0.181771
2390,0.181771
2391,0.252226
2392,0.252226
2393,0.252226
2394,0.252226
2395,0.252226
2396,0.372543
2397,0.372543
2398,0.372543
2399,0.372543
2400,0.372543
2401,0.436783
2402,0.436783
2403,0.436783
2404,0.436783
2405,0.436783
2406,0.437978
2407,0.437978
2408,0.437978
2409,0.437978
2410,0.437978
2411,0.361343
2412,0.361343
2413,0.361343
2414,0.361343
2415,0.361343
2416,0.305074
2417,0.305074
2418,0.305074
2419,0.305074
2420,0.305074
2421,0.247966
2422,0.247966
2423,0.247966
2424,0.247966
2425,0.247966
2426,0.198022
2427,0.198022
2428,0.198022
2429,0.198022
2430,0.198022
2431,0.165986
2432,0.165986
2433,0.165986
2434,0.165986
2435,0.165986
2436,0.177817
2437,0.177817
2438,0.177817
2439,0.177817
2440,0.177817
2441,0.225598
2442,0.225598
2443,0.225598
2444,0.225598
2445,0.225598
2446,0.241336
2447,0.241336
2448,0.241336
2449,0.241336
2450,0.241336
2451,0.216228
2452,0.216228
2453,0.216228
2454,0.216228
2455,0.216228
2456,0.186395
2457,0.186395
2458,0.186395
2459,0.186395
2460,0.186395
2461,0.194656
2462,0.194656
2463,0.194656
2464,0.194656
2465,0.194656
2466,0.188585
2467,0.188585
2468,0.188585
2469,0.188585
2470,0.188585
2471,0.183828
2472,0.183828
2473,0.183828
2474,0.183828
2475,0.183828
2476,0.166535
2477,0.166535
2478,0.166535
2479,0.166535
2480,0.166535
2481,0.176641
2482,0.176641
2483,0.176641
2484,0.176641
2485,0.176641
2486,0.192982
2487,0.192982
2488,0.192982
2489,0.192982
2490,0.192982
2491,0.180066
2492,0.180066
2493,0.180066
2494,0.180066
2495,0.180066
2496,0.176183
2497,0.176183
2498,0.176183
2499,0.176183
2500,0.176183
2501,0.168772
2502,0.168772
2503,0.168772
2504,0.168772
2505,0.168772
2506,0.168808
2507,0.168808
2508,0.168808
2509,0.168808
2510,0.168808
2511,0.181524
2512,0.181524
2513,0.181524
2514,0.181524
2515,0.181524
2516,0.231982
2517,0.231982
2518,0.231982
2519,0.231982
2520,0.231982
2521,0.285461
2522,0.285461
2523,0.285461
2524,0.285461
2525,0.285461
2526,0.341091
2527,0.341091
2528,0.341091
2529,0.341091
2530,0.341091
2531,0.357714
2532,0.357714
2533,0.357714
2534,0.357714
2535,0.357714
2536,0.331823
2537,0.331823
2538,0.331823
2539,0.331823
2540,0.331823
2541,0.300446
2542,0.300446
2543,0.300446
2544,0.300446
2545,0.300446
2546,0.263622
2547,0.263622
2548,0.263622
2549,0.263622
2550,0.263622
2551,0.234897
2552,0.234897
2553,0.234897
2554,0.234897
2555,0.234897
2556,0.237037
2557,0.237037
2558,0.237037
2559,0.237037
2560,0.237037
2561,0.194605
2562,0.194605
2563,0.194605
2564,0.194605
2565,0.194605
2566,0.1655
2567,0.1655
2568,0.1655
2569,0.1655
2570,0.1655
2571,0.148618
2572,0.148618
2573,0.148618
2574,0.148618
2575,0.148618
2576,0.144574
2577,0.144574
2578,0.144574
2579,0.144574
2580,0.144574
2581,0.144613
2582,0.144613
2583,0.144613
2584,0.144613
2585,0.144613
2586,0.14372
2587,0.14372
2588,0.14372
2589,0.14372
2590,0.14372
2591,0.14437
2592,0.14437
2593,0.14437
2594,0.14437
2595,0.14437
2596,0.144339
2597,0.144339
2598,0.144339
2599,0.144339
2600,0.144339
2601,0.144135
2602,0.144135
2603,0.144135
2604,0.144135
2605,0.144135
2606,0.144574
2607,0.144574
2608,0.144574
2609,0.144574
2610,0.144574
2611,0.143038
2612,0.143038
2613,0.143038
2614,0.143038
2615,0.143038
2616,0.143328
2617,0.143328
2618,0.143328
2619,0.143328
2620,0.143328
2621,0.143242
2622,0.143242
2623,0.143242
2624,0.143242
2625,0.143242
2626,0.152212
2627,0.152212
2628,0.152212
2629,0.152212
2630,0.152212
2631,0.193229
2632,0.193229
2633,0.193229
2634,0.193229
2635,0.193229
2636,0.217318
2637,0.217318
2638,0.217318
2639,0.217318
2640,0.217318
2641,0.240764
2642,0.240764
2643,0.240764
2644,0.240764
2645,0.240764
2646,0.308703
2647,0.308703
2648,0.308703
2649,0.308703
2650,0.308703
2651,0.379115
2652,0.379115
2653,0.379115
2654,0.379115
2655,0.379115
2656,0.475888
2657,0.475888
2658,0.475888
2659,0.475888
2660,0.475888
2661,0.518065
2662,0.518065
2663,0.518065
2664,0.518065
2665,0.518065
2666,0.513304
2667,0.513304
2668,0.513304
2669,0.513304
2670,0.513304
2671,0.500004
2672,0.500004
2673,0.500004
2674,0.500004
2675,0.500004
2676,0.459292
2677,0.459292
2678,0.459292
2679,0.459292
2680,0.459292
2681,0.417083
2682,0.417083
2683,0.417083
2684,0.417083
2685,0.417083
2686,0.36025
2687,0.36025
2688,0.36025
2689,0.36025
2690,0.36025
2691,0.375263
2692,0.375263
2693,0.375263
2694,0.375263
2695,0.375263
2696,0.384597
2697,0.384597
2698,0.384597
2699,0.384597
2700,0.384597
2701,0.345433
2702,0.345433
2703,0.345433
2704,0.345433
2705,0.345433
2706,0.306046
2707,0.306046
2708,0.306046
2709,0.306046
2710,0.306046
2711,0.272505
2712,0.272505
2713,0.272505
2714,0.272505
2715,0.272505
2716,0.275535
2717,0.275535
2718,0.275535
2719,0.275535
2720,0.275535
2721,0.265565
2722,0.265565
2723,0.265565
2724,0.265565
2725,0.265565
2726,0.246446
2727,0.246446
2728,0.246446
2729,0.246446
2730,0.246446
2731,0.251971
2732,0.251971
2733,0.251971
2734,0.251971
2735,0.251971
2736,0.248182
2737,0.248182
2738,0.248182
2739,0.248182
2740,0.248182
2741,0.267509
2742,0.267509
2743,0.267509
2744,0.267509
2745,0.267509
2746,0.277345
2747,0.277345
2748,0.277345
2749,0.277345
2750,0.277345
2751,0.278952
2752,0.278952
2753,0.278952
2754,0.278952
2755,0.278952
2756,0.279261
2757,0.279261
2758,0.279261
2759,0.279261
2760,0.279261
2761,0.271302
2762,0.271302
2763,0.271302
2764,0.271302
2765,0.271302
2766,0.269825
2767,0.269825
2768,0.269825
2769,0.269825
2770,0.269825
2771,0.267289
2772,0.267289
2773,0.267289
2774,0.267289
2775,0.267289
2776,0.264331
2777,0.264331
2778,0.264331
2779,0.264331
2780,0.264331
2781,0.260867
2782,0.260867
2783,0.260867
2784,0.260867
2785,0.260867
2786,0.252853
2787,0.252853
2788,0.252853
2789,0.252853
2790,0.252853
2791,0.248574
2792,0.248574
2793,0.248574
2794,0.248574
2795,0.248574
2796,0.244616
2797,0.244616
2798,0.244616
2799,0.244616
2800,0.244616
2801,0.242374
2802,0.242374
2803,0.242374
2804,0.242374
2805,0.242374
2806,0.239694
2807,0.239694
2808,0.239694
2809,0.239694
2810,0.239694
2811,0.239396
2812,0.239396
2813,0.239396
2814,0.239396
2815,0.239396
2816,0.240509
2817,0.240509
2818,0.240509
2819,0.240509
2820,0.240509
2821,0.240572
2822,0.240572
2823,0.240572
2824,0.240572
2825,0.240572
2826,0.240289
2827,0.240289
2828,0.240289
2829,0.240289
2830,0.240289
2831,0.238573
2832,0.238573
2833,0.238573
2834,0.238573
2835,0.238573
2836,0.237777
2837,0.237777
2838,0.237777
2839,0.237777
2840,0.237777
2841,0.238095
2842,0.238095
2843,0.238095
2844,0.238095
2845,0.238095
2846,0.238683
2847,0.238683
2848,0.238683
2849,0.238683
2850,0.238683
2851,0.23889
2852,0.23889
2853,0.23889
2854,0.23889
2855,0.23889
2856,0.238992
2857,0.238992
2858,0.238992
2859,0.238992
2860,0.238992
2861,0.237268
2862,0.237268
2863,0.237268
2864,0.237268
2865,0.237268
2866,0.23922
2867,0.23922
2868,0.23922
2869,0.23922
2870,0.23922
2871,0.240285
2872,0.240285
2873,0.240285
2874,0.240285
2875,0.240285
2876,0.239823
2877,0.239823
2878,0.239823
2879,0.239823
2880,0.239823
2881,0.246117
2882,0.246117
2883,0.246117
2884,0.246117
2885,0.246117
2886,0.2633
2887,0.2633
2888,0.2633
2889,0.2633
2890,0.2633
2891,0.268528
2892,0.268528
2893,0.268528
2894,0.268528
2895,0.268528
2896,0.261298
2897,0.261298
2898,0.261298
2899,0.261298
2900,0.261298
2901,0.257305
2902,0.257305
2903,0.257305
2904,0.257305
2905,0.257305
2906,0.254119
2907,0.254119
2908,0.254119
2909,0.254119
2910,0.254119
2911,0.252696
2912,0.252696
2913,0.252696
2914,0.252696
2915,0.252696
2916,0.252673
2917,0.252673
2918,0.252673
2919,0.252673
2920,0.252673
2921,0.251532
2922,0.251532
2923,0.251532
2924,0.251532
2925,0.251532
2926,0.252641
2927,0.252641
2928,0.252641
2929,0.252641
2930,0.252641
2931,0.255678
2932,0.255678
2933,0.255678
2934,0.255678
2935,0.255678
2936,0.254189
2937,0.254189
2938,0.254189
2939,0.254189
2940,0.254189
2941,0.253566
2942,0.253566
2943,0.253566
2944,0.253566
2945,0.253566
2946,0.256521
2947,0.256521
2948,0.256521
2949,0.256521
2950,0.256521
2951,0.271757
2952,0.271757
2953,0.271757
2954,0.271757
2955,0.271757
2956,0.297115
2957,0.297115
2958,0.297115
2959,0.297115
2960,0.297115
2961,0.41166
2962,0.41166
2963,0.41166
2964,0.41166
2965,0.41166
2966,0.482338
2967,0.482338
2968,0.482338
2969,0.482338
2970,0.482338
2971,0.586393
2972,0.586393
2973,0.586393
2974,0.586393
2975,0.586393
2976,0.672154
2977,0.672154
2978,0.672154
2979,0.672154
2980,0.672154
2981,0.697552
2982,0.697552
2983,0.697552
2984,0.697552
2985,0.697552
2986,0.804784
2987,0.804784
2988,0.804784
2989,0.804784
2990,0.804784
2991,0.829605
2992,0.829605
2993,0.829605
2994,0.829605
2995,0.829605
2996,0.848701
2997,0.848701
2998,0.848701
2999,0.848701
3000,0.848701
3001,0.863855
3002,0.863855
3003,0.863855
3004,0.863855
3005,0.863855
3006,0.87277
3007,0.87277
3008,0.87277
3009,0.87277
3010,0.87277
3011,0.880173
3012,0.880173
3013,0.880173
3014,0.880173
3015,0.880173
3016,0.873644
3017,0.873644
3018,0.873644
3019,0.873644
3020,0.873644
3021,0.874753
3022,0.874753
3023,0.874753
3024,0.874753
3025,0.874753
3026,0.87665
3027,0.87665
3028,0.87665
3029,0.87665
3030,0.87665
3031,0.88156
3032,0.88156
3033,0.88156
3034,0.88156
3035,0.88156
3036,0.88919
3037,0.88919
3038,0.88919
3039,0.88919
3040,0.88919
3041,0.890879
3042,0.890879
3043,0.890879
3044,0.890879
3045,0.890879
3046,0.890604
3047,0.890604
3048,0.890604
3049,0.890604
3050,0.890604
3051,0.889746
3052,0.889746
3053,0.889746
3054,0.889746
3055,0.889746
3056,0.888473
3057,0.888473
3058,0.888473
3059,0.888473
3060,0.888473
3061,0.889315
3062,0.889315
3063,0.889315
3064,0.889315
3065,0.889315
3066,0.886372
3067,0.886372
3068,0.886372
3069,0.886372
3070,0.886372
3071,0.879228
3072,0.879228
3073,0.879228
3074,0.879228
3075,0.879228
3076,0.875376
3077,0.875376
3078,0.875376
3079,0.875376
3080,0.875376
3081,0.873621
3082,0.873621
3083,0.873621
3084,0.873621
3085,0.873621
3086,0.877183
3087,0.877183
3088,0.877183
3089,0.877183
3090,0.877183
3091,0.875141
3092,0.875141
3093,0.875141
3094,0.875141
3095,0.875141
3096,0.875408
3097,0.875408
3098,0.875408
3099,0.875408
3100,0.875408
3101,0.873703
3102,0.873703
3103,0.873703
3104,0.873703
3105,0.873703
3106,0.873926
3107,0.873926
3108,0.873926
3109,0.873926
3110,0.873926
3111,0.87375
3112,0.87375
3113,0.87375
3114,0.87375
3115,0.87375
3116,0.86951
3117,0.86951
3118,0.86951
3119,0.86951
3120,0.86951
3121,0.869749
3122,0.869749
3123,0.869749
3124,0.869749
3125,0.869749
3126,0.868452
3127,0.868452
3128,0.868452
3129,0.868452
3130,0.868452
3131,0.870925
3132,0.870925
3133,0.870925
3134,0.870925
3135,0.870925
3136,0.870674
3137,0.870674
3138,0.870674
3139,0.870674
3140,0.870674
3141,0.866524
3142,0.866524
3143,0.866524
3144,0.866524
3145,0.866524
3146,0.864063
3147,0.864063
3148,0.864063
3149,0.864063
3150,0.864063
3151,0.861351
3152,0.861351
3153,0.861351
3154,0.861351
3155,0.861351
3156,0.859407
3157,0.859407
3158,0.859407
3159,0.859407
3160,0.859407
3161,0.858639
3162,0.858639
3163,0.858639
3164,0.858639
3165,0.858639
3166,0.859023
3167,0.859023
3168,0.859023
3169,0.859023
3170,0.859023
3171,0.85898
3172,0.85898
3173,0.85898
3174,0.85898
3175,0.85898
3176,0.858134
3177,0.858134
3178,0.858134
3179,0.858134
3180,0.858134
3181,0.858181
3182,0.858181
3183,0.858181
3184,0.858181
3185,0.858181
3186,0.855253
3187,0.855253
3188,0.855253
3189,0.855253
3190,0.855253
3191,0.85467
3192,0.85467
3193,0.85467
3194,0.85467
3195,0.85467
3196,0.851476
3197,0.851476
3198,0.851476
3199,0.851476
3200,0.851476
3201,0.850061
3202,0.850061
3203,0.850061
3204,0.850061
3205,0.850061
3206,0.849215
3207,0.849215
3208,0.849215
3209,0.849215
3210,0.849215
3211,0.849971
3212,0.849971
3213,0.849971
3214,0.849971
3215,0.849971
3216,0.849548
3217,0.849548
3218,0.849548
3219,0.849548
3220,0.849548
3221,0.848208
3222,0.848208
3223,0.848208
3224,0.848208
3225,0.848208
3226,0.848008
3227,0.848008
3228,0.848008
3229,0.848008
3230,0.848008
3231,0.847498
3232,0.847498
3233,0.847498
3234,0.847498
3235,0.847498
3236,0.847075
3237,0.847075
3238,0.847075
3239,0.847075
3240,0.847075
3241,0.846534
3242,0.846534
3243,0.846534
3244,0.846534
3245,0.846534
3246,0.845386
3247,0.845386
3248,0.845386
3249,0.845386
3250,0.845386
3251,0.844873
3252,0.844873
3253,0.844873
3254,0.844873
3255,0.844873
3256,0.845739
3257,0.845739
3258,0.845739
3259,0.845739
3260,0.845739
3261,0.847694
3262,0.847694
3263,0.847694
3264,0.847694
3265,0.847694
3266,0.847181
3267,0.847181
3268,0.847181
3269,0.847181
3270,0.847181
3271,0.846456
3272,0.846456
3273,0.846456
3274,0.846456
3275,0.846456
3276,0.846193
3277,0.846193
3278,0.846193
3279,0.846193
3280,0.846193
3281,0.84713
3282,0.84713
3283,0.84713
3284,0.84713
3285,0.84713
3286,0.851754
3287,0.851754
3288,0.851754
3289,0.851754
3290,0.851754
3291,0.851668
3292,0.851668
3293,0.851668
3294,0.851668
3295,0.851668
3296,0.850908
3297,0.850908
3298,0.850908
3299,0.850908
3300,0.850908
3301,0.850414
3302,0.850414
3303,0.850414
3304,0.850414
3305,0.850414
3306,0.850277
3307,0.850277
3308,0.850277
3309,0.850277
3310,0.850277
3311,0.850857
3312,0.850857
3313,0.850857
3314,0.850857
3315,0.850857
3316,0.849755
3317,0.849755
3318,0.849755
3319,0.849755
3320,0.849755
3321,0.850657
3322,0.850657
3323,0.850657
3324,0.850657
3325,0.850657
3326,0.851891
3327,0.851891
3328,0.851891
3329,0.851891
3330,0.851891
3331,0.852354
3332,0.852354
3333,0.852354
3334,0.852354
3335,0.852354
3336,0.853615
3337,0.853615
3338,0.853615
3339,0.853615
3340,0.853615
3341,0.853349
3342,0.853349
3343,0.853349
3344,0.853349
3345,0.853349
3346,0.852189
3347,0.852189
3348,0.852189
3349,0.852189
3350,0.852189
3351,0.851303
3352,0.851303
3353,0.851303
3354,0.851303
3355,0.851303
3356,0.852424
3357,0.852424
3358,0.852424
3359,0.852424
3360,0.852424
3361,0.854391
3362,0.854391
3363,0.854391
3364,0.854391
3365,0.854391
3366,0.854427
3367,0.854427
3368,0.854427
3369,0.854427
3370,0.854427
3371,0.853976
3372,0.853976
3373,0.853976
3374,0.853976
3375,0.853976
3376,0.854121
3377,0.854121
3378,0.854121
3379,0.854121
3380,0.854121
3381,0.85389
3382,0.85389
3383,0.85389
3384,0.85389
3385,0.85389
3386,0.853588
3387,0.853588
3388,0.853588
3389,0.853588
3390,0.853588
3391,0.853619
3392,0.853619
3393,0.853619
3394,0.853619
3395,0.853619
3396,0.852291
3397,0.852291
3398,0.852291
3399,0.852291
3400,0.852291
3401,0.85157
3402,0.85157
3403,0.85157
3404,0.85157
3405,0.85157
3406,0.851597
3407,0.851597
3408,0.851597
3409,0.851597
3410,0.851597
3411,0.854431
3412,0.854431
3413,0.854431
3414,0.854431
3415,0.854431
3416,0.853901
3417,0.853901
3418,0.853901
3419,0.853901
3420,0.853901
3421,0.853913
3422,0.853913
3423,0.853913
3424,0.853913
3425,0.853913
3426,0.8536
3427,0.8536
3428,0.8536
3429,0.8536
3430,0.8536
3431,0.853388
3432,0.853388
3433,0.853388
3434,0.853388
3435,0.853388
3436,0.860893
3437,0.860893
3438,0.860893
3439,0.860893
3440,0.860893
3441,0.860034
3442,0.860034
3443,0.860034
3444,0.860034
3445,0.860034
3446,0.860532
3447,0.860532
3448,0.860532
3449,0.860532
3450,0.860532
3451,0.86043
3452,0.86043
3453,0.86043
3454,0.86043
3455,0.86043
3456,0.860497
3457,0.860497
3458,0.860497
3459,0.860497
3460,0.860497
3461,0.862213
3462,0.862213
3463,0.862213
3464,0.862213
3465,0.862213
3466,0.861755
3467,0.861755
3468,0.861755
3469,0.861755
3470,0.861755
3471,0.8611
3472,0.8611
3473,0.8611
3474,0.8611
3475,0.8611
3476,0.860885
3477,0.860885
3478,0.860885
3479,0.860885
3480,0.860885
3481,0.860748
3482,0.860748
3483,0.860748
3484,0.860748
3485,0.860748
3486,0.861668
3487,0.861668
3488,0.861668
3489,0.861668
3490,0.861668
3491,0.860657
3492,0.860657
3493,0.860657
3494,0.860657
3495,0.860657
3496,0.86016
3497,0.86016
3498,0.86016
3499,0.86016
3500,0.86016
3501,0.86023
3502,0.86023
3503,0.86023
3504,0.86023
3505,0.86023
3506,0.859819
3507,0.859819
3508,0.859819
3509,0.859819
3510,0.859819
3511,0.860599
3512,0.860599
3513,0.860599
3514,0.860599
3515,0.860599
3516,0.859917
3517,0.859917
3518,0.859917
3519,0.859917
3520,0.859917
3521,0.85996
3522,0.85996
3523,0.85996
3524,0.85996
3525,0.85996
3526,0.859525
3527,0.859525
3528,0.859525
3529,0.859525
3530,0.859525
3531,0.859474
3532,0.859474
3533,0.859474
3534,0.859474
3535,0.859474
3536,0.859466
3537,0.859466
3538,0.859466
3539,0.859466
3540,0.859466
3541,0.858976
3542,0.858976
3543,0.858976
3544,0.858976
3545,0.858976
3546,0.858733
3547,0.858733
3548,0.858733
3549,0.858733
3550,0.858733
3551,0.858279
3552,0.858279
3553,0.858279
3554,0.858279
3555,0.858279
3556,0.858106
3557,0.858106
3558,0.858106
3559,0.858106
3560,0.858106
3561,0.858561
3562,0.858561
3563,0.858561
3564,0.858561
3565,0.858561
3566,0.858294
3567,0.858294
3568,0.858294
3569,0.858294
3570,0.858294
3571,0.859568
3572,0.859568
3573,0.859568
3574,0.859568
3575,0.859568
3576,0.859462
3577,0.859462
3578,0.859462
3579,0.859462
3580,0.859462
3581,0.859258
3582,0.859258
3583,0.859258
3584,0.859258
3585,0.859258
3586,0.858863
3587,0.858863
3588,0.858863
3589,0.858863
3590,0.858863
3591,0.858722
3592,0.858722
3593,0.858722
3594,0.858722
3595,0.858722
3596,0.859
3597,0.859
3598,0.859
3599,0.859
3600,0.859
3601,0.859168
3602,0.859168
3603,0.859168
3604,0.859168
3605,0.859168
3606,0.858831
3607,0.858831
3608,0.858831
3609,0.858831
3610,0.858831
3611,0.859478
3612,0.859478
3613,0.859478
3614,0.859478
3615,0.859478
3616,0.861931
3617,0.861931
3618,0.861931
3619,0.861931
3620,0.861931
3621,0.863906
3622,0.863906
3623,0.863906
3624,0.863906
3625,0.863906
3626,0.863675
3627,0.863675
3628,0.863675
3629,0.863675
3630,0.863675
3631,0.863851
3632,0.863851
3633,0.863851
3634,0.863851
3635,0.863851
3636,0.862319
3637,0.862319
3638,0.862319
3639,0.862319
3640,0.862319
3641,0.860798
3642,0.860798
3643,0.860798
3644,0.860798
3645,0.860798
3646,0.859074
3647,0.859074
3648,0.859074
3649,0.859074
3650,0.859074
3651,0.858302
3652,0.858302
3653,0.858302
3654,0.858302
3655,0.858302
3656,0.858961
3657,0.858961
3658,0.858961
3659,0.858961
3660,0.858961
3661,0.85891
3662,0.85891
3663,0.85891
3664,0.85891
3665,0.85891
3666,0.859235
3667,0.859235
3668,0.859235
3669,0.859235
3670,0.859235
3671,0.859274
3672,0.859274
3673,0.859274
3674,0.859274
3675,0.859274
3676,0.859254
3677,0.859254
3678,0.859254
3679,0.859254
3680,0.859254
3681,0.861335
3682,0.861335
3683,0.861335
3684,0.861335
3685,0.861335
3686,0.860873
3687,0.860873
3688,0.860873
3689,0.860873
3690,0.860873
3691,0.860967
3692,0.860967
3693,0.860967
3694,0.860967
3695,0.860967
3696,0.861508
3697,0.861508
3698,0.861508
3699,0.861508
3700,0.861508
3701,0.860595
3702,0.860595
3703,0.860595
3704,0.860595
3705,0.860595
3706,0.861531
3707,0.861531
3708,0.861531
3709,0.861531
3710,0.861531
3711,0.860485
3712,0.860485
3713,0.860485
3714,0.860485
3715,0.860485
3716,0.859251
3717,0.859251
3718,0.859251
3719,0.859251
3720,0.859251
3721,0.857687
3722,0.857687
3723,0.857687
3724,0.857687
3725,0.857687
3726,0.856625
3727,0.856625
3728,0.856625
3729,0.856625
3730,0.856625
3731,0.856672
3732,0.856672
3733,0.856672
3734,0.856672
3735,0.856672
3736,0.856398
3737,0.856398
3738,0.856398
3739,0.856398
3740,0.856398
3741,0.855779
3742,0.855779
3743,0.855779
3744,0.855779
3745,0.855779
3746,0.854869
3747,0.854869
3748,0.854869
3749,0.854869
3750,0.854869
3751,0.854254
3752,0.854254
3753,0.854254
3754,0.854254
3755,0.854254
3756,0.853612
3757,0.853612
3758,0.853612
3759,0.853612
3760,0.853612
3761,0.852581
3762,0.852581
3763,0.852581
3764,0.852581
3765,0.852581
3766,0.850218
3767,0.850218
3768,0.850218
3769,0.850218
3770,0.850218
3771,0.852009
3772,0.852009
3773,0.852009
3774,0.852009
3775,0.852009
3776,0.853094
3777,0.853094
3778,0.853094
3779,0.853094
3780,0.853094
3781,0.853094
3782,0.853094
3783,0.853094
3784,0.853094
3785,0.853094
3786,0.852503
3787,0.852503
3788,0.852503
3789,0.852503
3790,0.852503
3791,0.851762
3792,0.851762
3793,0.851762
3794,0.851762
3795,0.851762
3796,0.853486
3797,0.853486
3798,0.853486
3799,0.853486
3800,0.853486
3801,0.852115
3802,0.852115
3803,0.852115
3804,0.852115
3805,0.852115
3806,0.850935
3807,0.850935
3808,0.850935
3809,0.850935
3810,0.850935
3811,0.850896
3812,0.850896
3813,0.850896
3814,0.850896
3815,0.850896
3816,0.851911
3817,0.851911
3818,0.851911
3819,0.851911
3820,0.851911
3821,0.859991
3822,0.859991
3823,0.859991
3824,0.859991
3825,0.859991
3826,0.859462
3827,0.859462
3828,0.859462
3829,0.859462
3830,0.859462
3831,0.859639
3832,0.859639
3833,0.859639
3834,0.859639
3835,0.859639
3836,0.860477
3837,0.860477
3838,0.860477
3839,0.860477
3840,0.860477
3841,0.860712
3842,0.860712
3843,0.860712
3844,0.860712
3845,0.860712
3846,0.85918
3847,0.85918
3848,0.85918
3849,0.85918
3850,0.85918
3851,0.859721
3852,0.859721
3853,0.859721
3854,0.859721
3855,0.859721
3856,0.859176
3857,0.859176
3858,0.859176
3859,0.859176
3860,0.859176
3861,0.858847
3862,0.858847
3863,0.858847
3864,0.858847
3865,0.858847
3866,0.858945
3867,0.858945
3868,0.858945
3869,0.858945
3870,0.858945
3871,0.860269
3872,0.860269
3873,0.860269
3874,0.860269
3875,0.860269
3876,0.861371
3877,0.861371
3878,0.861371
3879,0.861371
3880,0.861371
3881,0.861817
3882,0.861817
3883,0.861817
3884,0.861817
3885,0.861817
3886,0.860849
3887,0.860849
3888,0.860849
3889,0.860849
3890,0.860849
3891,0.860269
3892,0.860269
3893,0.860269
3894,0.860269
3895,0.860269
3896,0.860583
3897,0.860583
3898,0.860583
3899,0.860583
3900,0.860583
3901,0.856907
3902,0.856907
3903,0.856907
3904,0.856907
3905,0.856907
3906,0.860951
3907,0.860951
3908,0.860951
3909,0.860951
3910,0.860951
3911,0.860101
3912,0.860101
3913,0.860101
3914,0.860101
3915,0.860101
3916,0.859356
3917,0.859356
3918,0.859356
3919,0.859356
3920,0.859356
3921,0.859717
3922,0.859717
3923,0.859717
3924,0.859717
3925,0.859717
3926,0.860077
3927,0.860077
3928,0.860077
3929,0.860077
3930,0.860077
3931,0.860081
3932,0.860081
3933,0.860081
3934,0.860081
3935,0.860081
3936,0.860222
3937,0.860222
3938,0.860222
3939,0.860222
3940,0.860222
3941,0.860254
3942,0.860254
3943,0.860254
3944,0.860254
3945,0.860254
3946,0.860877
3947,0.860877
3948,0.860877
3949,0.860877
3950,0.860877
3951,0.860677
3952,0.860677
3953,0.860677
3954,0.860677
3955,0.860677
3956,0.860881
3957,0.860881
3958,0.860881
3959,0.860881
3960,0.860881
3961,0.860505
3962,0.860505
3963,0.860505
3964,0.860505
3965,0.860505
3966,0.85918
3967,0.85918
3968,0.85918
3969,0.85918
3970,0.85918
3971,0.86159
3972,0.86159
3973,0.86159
3974,0.86159
3975,0.86159
3976,0.861614
3977,0.861614
3978,0.861614
3979,0.861614
3980,0.861614
3981,0.861418
3982,0.861418
3983,0.861418
3984,0.861418
3985,0.861418
3986,0.855485
3987,0.855485
3988,0.855485
3989,0.855485
3990,0.855485
3991,0.860638
3992,0.860638
3993,0.860638
3994,0.860638
3995,0.860638
3996,0.861461
3997,0.861461
3998,0.861461
3999,0.861461
4000,0.861461
4001,0.861167
4002,0.861167
4003,0.861167
4004,0.861167
4005,0.861167
4006,0.860653
4007,0.860653
4008,0.860653
4009,0.860653
4010,0.860653
4011,0.860791
4012,0.860791
4013,0.860791
4014,0.860791
4015,0.860791
4016,0.86074
4017,0.86074
4018,0.86074
4019,0.86074
4020,0.86074
4021,0.861347
4022,0.861347
4023,0.861347
4024,0.861347
4025,0.861347
4026,0.860407
4027,0.860407
4028,0.860407
4029,0.860407
4030,0.860407
4031,0.858142
4032,0.858142
4033,0.858142
4034,0.858142
4035,0.858142
4036,0.859556
4037,0.859556
4038,0.859556
4039,0.859556
4040,0.859556
4041,0.860254
4042,0.860254
4043,0.860254
4044,0.860254
4045,0.860254
4046,0.861014
4047,0.861014
4048,0.861014
4049,0.861014
4050,0.861014
4051,0.860712
4052,0.860712
4053,0.860712
4054,0.860712
4055,0.860712
4056,0.86023
4057,0.86023
4058,0.86023
4059,0.86023
4060,0.86023
4061,0.860136
4062,0.860136
4063,0.860136
4064,0.860136
4065,0.860136
4066,0.860661
4067,0.860661
4068,0.860661
4069,0.860661
4070,0.860661
4071,0.860689
4072,0.860689
4073,0.860689
4074,0.860689
4075,0.860689
4076,0.860908
4077,0.860908
4078,0.860908
4079,0.860908
4080,0.860908
4081,0.860109
4082,0.860109
4083,0.860109
4084,0.860109
4085,0.860109
4086,0.860293
4087,0.860293
4088,0.860293
4089,0.860293
4090,0.860293
4091,0.860313
4092,0.860313
4093,0.860313
4094,0.860313
4095,0.860313
4096,0.862342
4097,0.862342
4098,0.862342
4099,0.862342
4100,0.862342
4101,0.86161
4102,0.86161
4103,0.86161
4104,0.86161
4105,0.86161
4106,0.860587
4107,0.860587
4108,0.860587
4109,0.860587
4110,0.860587
4111,0.860113
4112,0.860113
4113,0.860113
4114,0.860113
4115,0.860113
4116,0.858835
4117,0.858835
4118,0.858835
4119,0.858835
4120,0.858835
4121,0.859658
4122,0.859658
4123,0.859658
4124,0.859658
4125,0.859658
4126,0.859682
4127,0.859682
4128,0.859682
4129,0.859682
4130,0.859682
4131,0.858843
4132,0.858843
4133,0.858843
4134,0.858843
4135,0.858843
4136,0.858001
4137,0.858001
4138,0.858001
4139,0.858001
4140,0.858001
4141,0.85802
4142,0.85802
4143,0.85802
4144,0.85802
4145,0.85802
4146,0.857946
4147,0.857946
4148,0.857946
4149,0.857946
4150,0.857946
4151,0.858028
4152,0.858028
4153,0.858028
4154,0.858028
4155,0.858028
4156,0.857209
4157,0.857209
4158,0.857209
4159,0.857209
4160,0.857209
4161,0.855395
4162,0.855395
4163,0.855395
4164,0.855395
4165,0.855395
4166,0.853004
4167,0.853004
4168,0.853004
4169,0.853004
4170,0.853004
4171,0.851053
4172,0.851053
4173,0.851053
4174,0.851053
4175,0.851053
4176,0.849528
4177,0.849528
4178,0.849528
4179,0.849528
4180,0.849528
4181,0.849125
4182,0.849125
4183,0.849125
4184,0.849125
4185,0.849125
4186,0.857965
4187,0.857965
4188,0.857965
4189,0.857965
4190,0.857965
4191,0.863475
4192,0.863475
4193,0.863475
4194,0.863475
4195,0.863475
4196,0.867923
4197,0.867923
4198,0.867923
4199,0.867923
4200,0.867923
4201,0.872641
4202,0.872641
4203,0.872641
4204,0.872641
4205,0.872641
4206,0.865466
4207,0.865466
4208,0.865466
4209,0.865466
4210,0.865466
4211,0.862346
4212,0.862346
4213,0.862346
4214,0.862346
4215,0.862346
4216,0.86257
4217,0.86257
4218,0.86257
4219,0.86257
4220,0.86257
4221,0.866692
4222,0.866692
4223,0.866692
4224,0.866692
4225,0.866692
4226,0.878825
4227,0.878825
4228,0.878825
4229,0.878825
4230,0.878825
4231,0.886784
4232,0.886784
4233,0.886784
4234,0.886784
4235,0.886784
4236,0.897063
4237,0.897063
4238,0.897063
4239,0.897063
4240,0.897063
4241,0.898795
4242,0.898795
4243,0.898795
4244,0.898795
4245,0.898795
4246,0.903254
4247,0.903254
4248,0.903254
4249,0.903254
4250,0.903254
4251,0.889715
4252,0.889715
4253,0.889715
4254,0.889715
4255,0.889715
4256,0.880373
4257,0.880373
4258,0.880373
4259,0.880373
4260,0.880373
4261,0.874663
4262,0.874663
4263,0.874663
4264,0.874663
4265,0.874663
4266,0.874208
4267,0.874208
4268,0.874208
4269,0.874208
4270,0.874208
4271,0.876748
4272,0.876748
4273,0.876748
4274,0.876748
4275,0.876748
4276,0.888065
4277,0.888065
4278,0.888065
4279,0.888065
4280,0.888065
4281,0.89131
4282,0.89131
4283,0.89131
4284,0.89131
4285,0.89131
4286,0.907247
4287,0.907247
4288,0.907247
4289,0.907247
4290,0.907247
4291,0.913506
4292,0.913506
4293,0.913506
4294,0.913506
4295,0.913506
4296,0.905292
4297,0.905292
4298,0.905292
4299,0.905292
4300,0.905292
4301,0.894543
4302,0.894543
4303,0.894543
4304,0.894543
4305,0.894543
4306,0.888253
4307,0.888253
4308,0.888253
4309,0.888253
4310,0.888253
4311,0.888477
4312,0.888477
4313,0.888477
4314,0.888477
4315,0.888477
4316,0.88917
4317,0.88917
4318,0.88917
4319,0.88917
4320,0.88917
4321,0.872273
4322,0.872273
4323,0.872273
4324,0.872273
4325,0.872273
4326,0.861567
4327,0.861567
4328,0.861567
4329,0.861567
4330,0.861567
4331,0.868083
4332,0.868083
4333,0.868083
4334,0.868083
4335,0.868083
4336,0.864702
4337,0.864702
4338,0.864702
4339,0.864702
4340,0.864702
4341,0.847961
4342,0.847961
4343,0.847961
4344,0.847961
4345,0.847961
4346,0.832732
4347,0.832732
4348,0.832732
4349,0.832732
4350,0.832732
4351,0.825063
4352,0.825063
4353,0.825063
4354,0.825063
4355,0.825063
4356,0.81973
4357,0.81973
4358,0.81973
4359,0.81973
4360,0.81973
4361,0.824762
4362,0.824762
4363,0.824762
4364,0.824762
4365,0.824762
4366,0.837227
4367,0.837227
4368,0.837227
4369,0.837227
4370,0.837227
4371,0.84662
4372,0.84662
4373,0.84662
4374,0.84662
4375,0.84662
4376,0.860293
4377,0.860293
4378,0.860293
4379,0.860293
4380,0.860293
4381,0.858134
4382,0.858134
4383,0.858134
4384,0.858134
4385,0.858134
4386,0.860023
4387,0.860023
4388,0.860023
4389,0.860023
4390,0.860023
4391,0.865885
4392,0.865885
4393,0.865885
4394,0.865885
4395,0.865885
4396,0.85425
4397,0.85425
4398,0.85425
4399,0.85425
4400,0.85425
4401,0.853161
4402,0.853161
4403,0.853161
4404,0.853161
4405,0.853161
4406,0.838642
4407,0.838642
4408,0.838642
4409,0.838642
4410,0.838642
4411,0.78262
4412,0.78262
4413,0.78262
4414,0.78262
4415,0.78262
4416,0.782471
4417,0.782471
4418,0.782471
4419,0.782471
4420,0.782471
4421,0.837282
4422,0.837282
4423,0.837282
4424,0.837282
4425,0.837282
4426,0.843274
4427,0.843274
4428,0.843274
4429,0.843274
4430,0.843274
4431,0.832345
4432,0.832345
4433,0.832345
4434,0.832345
4435,0.832345
4436,0.823324
4437,0.823324
4438,0.823324
4439,0.823324
4440,0.823324
4441,0.806136
4442,0.806136
4443,0.806136
4444,0.806136
4445,0.806136
4446,0.79744
4447,0.79744
4448,0.79744
4449,0.79744
4450,0.79744
4451,0.787087
4452,0.787087
4453,0.787087
4454,0.787087
4455,0.787087
4456,0.760855
4457,0.760855
4458,0.760855
4459,0.760855
4460,0.760855
4461,0.73273
4462,0.73273
4463,0.73273
4464,0.73273
4465,0.73273
4466,0.726621
4467,0.726621
4468,0.726621
4469,0.726621
4470,0.726621
4471,0.732832
4472,0.732832
4473,0.732832
4474,0.732832
4475,0.732832
4476,0.74009
4477,0.74009
4478,0.74009
4479,0.74009
4480,0.74009
4481,0.736484
4482,0.736484
4483,0.736484
4484,0.736484
4485,0.736484
4486,0.737613
4487,0.737613
4488,0.737613
4489,0.737613
4490,0.737613
4491,0.742672
4492,0.742672
4493,0.742672
4494,0.742672
4495,0.742672
4496,0.761384
4497,0.761384
4498,0.761384
4499,0.761384
4500,0.761384
4501,0.78175
4502,0.78175
4503,0.78175
4504,0.78175
4505,0.78175
4506,0.821262
4507,0.821262
4508,0.821262
4509,0.821262
4510,0.821262
4511,0.860081
4512,0.860081
4513,0.860081
4514,0.860081
4515,0.860081
4516,0.891713
4517,0.891713
4518,0.891713
4519,0.891713
4520,0.891713
4521,0.904688
4522,0.904688
4523,0.904688
4524,0.904688
4525,0.904688
4526,0.89584
4527,0.89584
4528,0.89584
4529,0.89584
4530,0.89584
4531,0.900648
4532,0.900648
4533,0.900648
4534,0.900648
4535,0.900648
4536,0.894488
4537,0.894488
4538,0.894488
4539,0.894488
4540,0.894488
4541,0.898755
4542,0.898755
4543,0.898755
4544,0.898755
4545,0.898755
4546,0.899045
4547,0.899045
4548,0.899045
4549,0.899045
4550,0.899045
4551,0.881145
4552,0.881145
4553,0.881145
4554,0.881145
4555,0.881145
4556,0.858988
4557,0.858988
4558,0.858988
4559,0.858988
4560,0.858988
4561,0.843576
4562,0.843576
4563,0.843576
4564,0.843576
4565,0.843576
4566,0.834445
4567,0.834445
4568,0.834445
4569,0.834445
4570,0.834445
4571,0.848576
4572,0.848576
4573,0.848576
4574,0.848576
4575,0.848576
4576,0.843199
4577,0.843199
4578,0.843199
4579,0.843199
4580,0.843199
4581,0.818386
4582,0.818386
4583,0.818386
4584,0.818386
4585,0.818386
4586,0.807449
4587,0.807449
4588,0.807449
4589,0.807449
4590,0.807449
4591,0.812559
4592,0.812559
4593,0.812559
4594,0.812559
4595,0.812559
4596,0.838854
4597,0.838854
4598,0.838854
4599,0.838854
4600,0.838854
4601,0.839308
4602,0.839308
4603,0.839308
4604,0.839308
4605,0.839308
4606,0.815478
4607,0.815478
4608,0.815478
4609,0.815478
4610,0.815478
4611,0.81453
4612,0.81453
4613,0.81453
4614,0.81453
4615,0.81453
4616,0.833551
4617,0.833551
4618,0.833551
4619,0.833551
4620,0.833551
4621,0.83265
4622,0.83265
4623,0.83265
4624,0.83265
4625,0.83265
4626,0.817912
4627,0.817912
4628,0.817912
4629,0.817912
4630,0.817912
4631,0.79262
4632,0.79262
4633,0.79262
4634,0.79262
4635,0.79262
4636,0.772078
4637,0.772078
4638,0.772078
4639,0.772078
4640,0.772078
4641,0.779312
4642,0.779312
4643,0.779312
4644,0.779312
4645,0.779312
4646,0.797264
4647,0.797264
4648,0.797264
4649,0.797264
4650,0.797264
4651,0.805297
4652,0.805297
4653,0.805297
4654,0.805297
4655,0.805297
4656,0.81538
4657,0.81538
4658,0.81538
4659,0.81538
4660,0.81538
4661,0.836589
4662,0.836589
4663,0.836589
4664,0.836589
4665,0.836589
4666,0.847189
4667,0.847189
4668,0.847189
4669,0.847189
4670,0.847189
4671,0.836737
4672,0.836737
4673,0.836737
4674,0.836737
4675,0.836737
4676,0.807829
4677,0.807829
4678,0.807829
4679,0.807829
4680,0.807829
4681,0.763931
4682,0.763931
4683,0.763931
4684,0.763931
4685,0.763931
4686,0.715864
4687,0.715864
4688,0.715864
4689,0.715864
4690,0.715864
4691,0.685004
4692,0.685004
4693,0.685004
4694,0.685004
4695,0.685004
4696,0.683425
4697,0.683425
4698,0.683425
4699,0.683425
4700,0.683425
4701,0.691109
4702,0.691109
4703,0.691109
4704,0.691109
4705,0.691109
4706,0.714316
4707,0.714316
4708,0.714316
4709,0.714316
4710,0.714316
4711,0.741492
4712,0.741492
4713,0.741492
4714,0.741492
4715,0.741492
4716,0.779971
4717,0.779971
4718,0.779971
4719,0.779971
4720,0.779971
4721,0.814499
4722,0.814499
4723,0.814499
4724,0.814499
4725,0.814499
4726,0.812304
4727,0.812304
4728,0.812304
4729,0.812304
4730,0.812304
4731,0.82522
4732,0.82522
4733,0.82522
4734,0.82522
4735,0.82522
4736,0.845801
4737,0.845801
4738,0.845801
4739,0.845801
4740,0.845801
4741,0.859388
4742,0.859388
4743,0.859388
4744,0.859388
4745,0.859388
4746,0.839669
4747,0.839669
4748,0.839669
4749,0.839669
4750,0.839669
4751,0.718901
4752,0.718901
4753,0.718901
4754,0.718901
4755,0.718901
4756,0.591115
4757,0.591115
4758,0.591115
4759,0.591115
4760,0.591115
4761,0.457548
4762,0.457548
4763,0.457548
4764,0.457548
4765,0.457548
4766,0.395616
4767,0.395616
4768,0.395616
4769,0.395616
4770,0.395616
4771,0.343744
4772,0.343744
4773,0.343744
4774,0.343744
4775,0.343744
4776,0.324178
4777,0.324178
4778,0.324178
4779,0.324178
4780,0.324178
4781,0.29851
4782,0.29851
4783,0.29851
4784,0.29851
4785,0.29851
4786,0.272705
4787,0.272705
4788,0.272705
4789,0.272705
4790,0.272705
4791,0.236947
4792,0.236947
4793,0.236947
4794,0.236947
4795,0.236947
4796,0.20334
4797,0.20334
4798,0.20334
4799,0.20334
4800,0.20334
4801,0.188256
4802,0.188256
4803,0.188256
4804,0.188256
4805,0.188256
4806,0.187837
4807,0.187837
4808,0.187837
4809,0.187837
4810,0.187837
4811,0.184596
4812,0.184596
4813,0.184596
4814,0.184596
4815,0.184596
4816,0.173906
4817,0.173906
4818,0.173906
4819,0.173906
4820,0.173906
4821,0.157153
4822,0.157153
4823,0.157153
4824,0.157153
4825,0.157153
4826,0.157588
4827,0.157588
4828,0.157588
4829,0.157588
4830,0.157588
4831,0.157663
4832,0.157663
4833,0.157663
4834,0.157663
4835,0.157663
4836,0.156091
4837,0.156091
4838,0.156091
4839,0.156091
4840,0.156091
4841,0.156228
4842,0.156228
4843,0.156228
4844,0.156228
4845,0.156228
4846,0.156083
4847,0.156083
4848,0.156083
4849,0.156083
4850,0.156083
4851,0.155985
4852,0.155985
4853,0.155985
4854,0.155985
4855,0.155985
4856,0.156252
4857,0.156252
4858,0.156252
4859,0.156252
4860,0.156252
4861,0.156577
4862,0.156577
4863,0.156577
4864,0.156577
4865,0.156577
4866,0.155899
4867,0.155899
4868,0.155899
4869,0.155899
4870,0.155899
4871,0.156228
4872,0.156228
4873,0.156228
4874,0.156228
4875,0.156228
4876,0.15617
4877,0.15617
4878,0.15617
4879,0.15617
4880,0.15617
4881,0.155684
4882,0.155684
4883,0.155684
4884,0.155684
4885,0.155684
4886,0.15363
4887,0.15363
4888,0.15363
4889,0.15363
4890,0.15363
4891,0.153873
4892,0.153873
4893,0.153873
4894,0.153873
4895,0.153873
4896,0.153638
4897,0.153638
4898,0.153638
4899,0.153638
4900,0.153638
4901,0.153203
4902,0.153203
4903,0.153203
4904,0.153203
4905,0.153203
4906,0.15343
4907,0.15343
4908,0.15343
4909,0.15343
4910,0.15343
4911,0.154155
4912,0.154155
4913,0.154155
4914,0.154155
4915,0.154155
4916,0.154297
4917,0.154297
4918,0.154297
4919,0.154297
4920,0.154297
4921,0.198037
4922,0.198037
4923,0.198037
4924,0.198037
4925,0.198037
4926,0.246438
4927,0.246438
4928,0.246438
4929,0.246438
4930,0.246438
4931,0.267693
4932,0.267693
4933,0.267693
4934,0.267693
4935,0.267693
4936,0.336118
4937,0.336118
4938,0.336118
4939,0.336118
4940,0.336118
4941,0.431947
4942,0.431947
4943,0.431947
4944,0.431947
4945,0.431947
4946,0.473157
4947,0.473157
4948,0.473157
4949,0.473157
4950,0.473157
4951,0.466405
4952,0.466405
4953,0.466405
4954,0.466405
4955,0.466405
4956,0.421786
4957,0.421786
4958,0.421786
4959,0.421786
4960,0.421786
4961,0.340468
4962,0.340468
4963,0.340468
4964,0.340468
4965,0.340468
4966,0.26747
4967,0.26747
4968,0.26747
4969,0.26747
4970,0.26747
4971,0.251172
4972,0.251172
4973,0.251172
4974,0.251172
4975,0.251172
4976,0.288991
4977,0.288991
4978,0.288991
4979,0.288991
4980,0.288991
4981,0.318441
4982,0.318441
4983,0.318441
4984,0.318441
4985,0.318441
4986,0.309643
4987,0.309643
4988,0.309643
4989,0.309643
4990,0.309643
4991,0.286315
4992,0.286315
4993,0.286315
4994,0.286315
4995,0.286315
4996,0.259072
4997,0.259072
4998,0.259072
4999,0.259072
5000,0.259072
5001,0.245051
5002,0.245051
5003,0.245051
5004,0.245051
5005,0.245051
5006,0.238659
5007,0.238659
5008,0.238659
5009,0.238659
5010,0.238659
5011,0.232464
5012,0.232464
5013,0.232464
5014,0.232464
5015,0.232464
5016,0.218744
5017,0.218744
5018,0.218744
5019,0.218744
5020,0.218744
5021,0.200573
5022,0.200573
5023,0.200573
5024,0.200573
5025,0.200573
5026,0.206592
5027,0.206592
5028,0.206592
5029,0.206592
5030,0.206592
5031,0.204931
5032,0.204931
5033,0.204931
5034,0.204931
5035,0.204931
5036,0.183221
5037,0.183221
5038,0.183221
5039,0.183221
5040,0.183221
5041,0.177225
5042,0.177225
5043,0.177225
5044,0.177225
5045,0.177225
5046,0.171155
5047,0.171155
5048,0.171155
5049,0.171155
5050,0.171155
5051,0.192085
5052,0.192085
5053,0.192085
5054,0.192085
5055,0.192085
5056,0.229991
5057,0.229991
5058,0.229991
5059,0.229991
5060,0.229991
5061,0.287714
5062,0.287714
5063,0.287714
5064,0.287714
5065,0.287714
5066,0.371975
5067,0.371975
5068,0.371975
5069,0.371975
5070,0.371975
5071,0.426234
5072,0.426234
5073,0.426234
5074,0.426234
5075,0.426234
5076,0.499549
5077,0.499549
5078,0.499549
5079,0.499549
5080,0.499549
5081,0.548592
5082,0.548592
5083,0.548592
5084,0.548592
5085,0.548592
5086,0.555991
5087,0.555991
5088,0.555991
5089,0.555991
5090,0.555991
5091,0.460037
5092,0.460037
5093,0.460037
5094,0.460037
5095,0.460037
5096,0.340923
5097,0.340923
5098,0.340923
5099,0.340923
5100,0.340923
5101,0.296982
5102,0.296982
5103,0.296982
5104,0.296982
5105,0.296982
5106,0.225277
5107,0.225277
5108,0.225277
5109,0.225277
5110,0.225277
5111,0.19292
5112,0.19292
5113,0.19292
5114,0.19292
5115,0.19292
5116,0.207697
5117,0.207697
5118,0.207697
5119,0.207697
5120,0.207697
5121,0.203418
5122,0.203418
5123,0.203418
5124,0.203418
5125,0.203418
5126,0.161644
5127,0.161644
5128,0.161644
5129,0.161644
5130,0.161644
5131,0.132387
5132,0.132387
5133,0.132387
5134,0.132387
5135,0.132387
5136,0.131156
5137,0.131156
5138,0.131156
5139,0.131156
5140,0.131156
5141,0.131717
5142,0.131717
5143,0.131717
5144,0.131717
5145,0.131717
5146,0.132018
5147,0.132018
5148,0.132018
5149,0.132018
5150,0.132018
5151,0.132175
5152,0.132175
5153,0.132175
5154,0.132175
5155,0.132175
5156,0.132559
5157,0.132559
5158,0.132559
5159,0.132559
5160,0.132559
5161,0.132414
5162,0.132414
5163,0.132414
5164,0.132414
5165,0.132414
5166,0.132657
5167,0.132657
5168,0.132657
5169,0.132657
5170,0.132657
5171,0.132896
5172,0.132896
5173,0.132896
5174,0.132896
5175,0.132896
5176,0.133139
5177,0.133139
5178,0.133139
5179,0.133139
5180,0.133139
5181,0.133159
5182,0.133159
5183,0.133159
5184,0.133159
5185,0.133159
5186,0.132359
5187,0.132359
5188,0.132359
5189,0.132359
5190,0.132359
5191,0.132457
5192,0.132457
5193,0.132457
5194,0.132457
5195,0.132457
5196,0.132183
5197,0.132183
5198,0.132183
5199,0.132183
5200,0.132183
5201,0.132806
5202,0.132806
5203,0.132806
5204,0.132806
5205,0.132806
5206,0.13281
5207,0.13281
5208,0.13281
5209,0.13281
5210,0.13281
5211,0.133022
5212,0.133022
5213,0.133022
5214,0.133022
5215,0.133022
5216,0.133194
5217,0.133194
5218,0.133194
5219,0.133194
5220,0.133194
5221,0.132183
5222,0.132183
5223,0.132183
5224,0.132183
5225,0.132183
5226,0.132692
5227,0.132692
5228,0.132692
5229,0.132692
5230,0.132692
5231,0.132857
5232,0.132857
5233,0.132857
5234,0.132857
5235,0.132857
5236,0.132869
5237,0.132869
5238,0.132869
5239,0.132869
5240,0.132869
5241,0.132861
5242,0.132861
5243,0.132861
5244,0.132861
5245,0.132861
5246,0.130702
5247,0.130702
5248,0.130702
5249,0.130702
5250,0.130702
5251,0.130784
5252,0.130784
5253,0.130784
5254,0.130784
5255,0.130784
5256,0.131145
5257,0.131145
5258,0.131145
5259,0.131145
5260,0.131145
5261,0.160053
5262,0.160053
5263,0.160053
5264,0.160053
5265,0.160053
5266,0.200283
5267,0.200283
5268,0.200283
5269,0.200283
5270,0.200283
5271,0.257073
5272,0.257073
5273,0.257073
5274,0.257073
5275,0.257073
5276,0.293596
5277,0.293596
5278,0.293596
5279,0.293596
5280,0.293596
5281,0.308734
5282,0.308734
5283,0.308734
5284,0.308734
5285,0.308734
5286,0.303017
5287,0.303017
5288,0.303017
5289,0.303017
5290,0.303017
5291,0.30074
5292,0.30074
5293,0.30074
5294,0.30074
5295,0.30074
5296,0.323037
5297,0.323037
5298,0.323037
5299,0.323037
5300,0.323037
5301,0.397302
5302,0.397302
5303,0.397302
5304,0.397302
5305,0.397302
5306,0.487648
5307,0.487648
5308,0.487648
5309,0.487648
5310,0.487648
5311,0.539458
5312,0.539458
5313,0.539458
5314,0.539458
5315,0.539458
5316,0.576431
5317,0.576431
5318,0.576431
5319,0.576431
5320,0.576431
5321,0.616794
5322,0.616794
5323,0.616794
5324,0.616794
5325,0.616794
5326,0.614482
5327,0.614482
5328,0.614482
5329,0.614482
5330,0.614482
5331,0.606762
5332,0.606762
5333,0.606762
5334,0.606762
5335,0.606762
5336,0.584374
5337,0.584374
5338,0.584374
5339,0.584374
5340,0.584374
5341,0.572226
5342,0.572226
5343,0.572226
5344,0.572226
5345,0.572226
5346,0.542887
5347,0.542887
5348,0.542887
5349,0.542887
5350,0.542887
5351,0.553597
5352,0.553597
5353,0.553597
5354,0.553597
5355,0.553597
5356,0.568155
5357,0.568155
5358,0.568155
5359,0.568155
5360,0.568155
5361,0.576071
5362,0.576071
5363,0.576071
5364,0.576071
5365,0.576071
5366,0.53905
5367,0.53905
5368,0.53905
5369,0.53905
5370,0.53905
5371,0.493934
5372,0.493934
5373,0.493934
5374,0.493934
5375,0.493934
5376,0.497421
5377,0.497421
5378,0.497421
5379,0.497421
5380,0.497421
5381,0.486273
5382,0.486273
5383,0.486273
5384,0.486273
5385,0.486273
5386,0.458548
5387,0.458548
5388,0.458548
5389,0.458548
5390,0.458548
5391,0.446729
5392,0.446729
5393,0.446729
5394,0.446729
5395,0.446729
5396,0.440098
5397,0.440098
5398,0.440098
5399,0.440098
5400,0.440098
5401,0.460421
5402,0.460421
5403,0.460421
5404,0.460421
5405,0.460421
5406,0.476025
5407,0.476025
5408,0.476025
5409,0.476025
5410,0.476025
5411,0.492229
5412,0.492229
5413,0.492229
5414,0.492229
5415,0.492229
5416,0.499071
5417,0.499071
5418,0.499071
5419,0.499071
5420,0.499071
5421,0.505522
5422,0.505522
5423,0.505522
5424,0.505522
5425,0.505522
5426,0.528407
5427,0.528407
5428,0.528407
5429,0.528407
5430,0.528407
5431,0.541147
5432,0.541147
5433,0.541147
5434,0.541147
5435,0.541147
5436,0.548683
5437,0.548683
5438,0.548683
5439,0.548683
5440,0.548683
5441,0.557805
5442,0.557805
5443,0.557805
5444,0.557805
5445,0.557805
5446,0.567959
5447,0.567959
5448,0.567959
5449,0.567959
5450,0.567959
5451,0.58274
5452,0.58274
5453,0.58274
5454,0.58274
5455,0.58274
5456,0.592235
5457,0.592235
5458,0.592235
5459,0.592235
5460,0.592235
5461,0.595625
5462,0.595625
5463,0.595625
5464,0.595625
5465,0.595625
5466,0.614917
5467,0.614917
5468,0.614917
5469,0.614917
5470,0.614917
5471,0.639856
5472,0.639856
5473,0.639856
5474,0.639856
5475,0.639856
5476,0.642681
5477,0.642681
5478,0.642681
5479,0.642681
5480,0.642681
5481,0.645189
5482,0.645189
5483,0.645189
5484,0.645189
5485,0.645189
5486,0.649038
5487,0.649038
5488,0.649038
5489,0.649038
5490,0.649038
5491,0.650695
5492,0.650695
5493,0.650695
5494,0.650695
5495,0.650695
5496,0.672354
5497,0.672354
5498,0.672354
5499,0.672354
5500,0.672354
5501,0.709649
5502,0.709649
5503,0.709649
5504,0.709649
5505,0.709649
5506,0.749279
5507,0.749279
5508,0.749279
5509,0.749279
5510,0.749279
5511,0.782612
5512,0.782612
5513,0.782612
5514,0.782612
5515,0.782612
5516,0.80063
5517,0.80063
5518,0.80063
5519,0.80063
5520,0.80063
5521,0.824433
5522,0.824433
5523,0.824433
5524,0.824433
5525,0.824433
5526,0.822038
5527,0.822038
5528,0.822038
5529,0.822038
5530,0.822038
5531,0.825318
5532,0.825318
5533,0.825318
5534,0.825318
5535,0.825318
5536,0.828073
5537,0.828073
5538,0.828073
5539,0.828073
5540,0.828073
5541,0.82464
5542,0.82464
5543,0.82464
5544,0.82464
5545,0.82464
5546,0.831463
5547,0.831463
5548,0.831463
5549,0.831463
5550,0.831463
5551,0.831925
5552,0.831925
5553,0.831925
5554,0.831925
5555,0.831925
5556,0.830879
5557,0.830879
5558,0.830879
5559,0.830879
5560,0.830879
5561,0.83042
5562,0.83042
5563,0.83042
5564,0.83042
5565,0.83042
5566,0.828653
5567,0.828653
5568,0.828653
5569,0.828653
5570,0.828653
5571,0.823449
5572,0.823449
5573,0.823449
5574,0.823449
5575,0.823449
5576,0.817289
5577,0.817289
5578,0.817289
5579,0.817289
5580,0.817289
5581,0.816164
5582,0.816164
5583,0.816164
5584,0.816164
5585,0.816164
5586,0.81674
5587,0.81674
5588,0.81674
5589,0.81674
5590,0.81674
5591,0.821176
5592,0.821176
5593,0.821176
5594,0.821176
5595,0.821176
5596,0.823445
5597,0.823445
5598,0.823445
5599,0.823445
5600,0.823445
5601,0.821948
5602,0.821948
5603,0.821948
5604,0.821948
5605,0.821948
5606,0.820573
5607,0.820573
5608,0.820573
5609,0.820573
5610,0.820573
5611,0.819189
5612,0.819189
5613,0.819189
5614,0.819189
5615,0.819189
5616,0.81752
5617,0.81752
5618,0.81752
5619,0.81752
5620,0.81752
5621,0.811187
5622,0.811187
5623,0.811187
5624,0.811187
5625,0.811187
5626,0.809502
5627,0.809502
5628,0.809502
5629,0.809502
5630,0.809502
5631,0.808997
5632,0.808997
5633,0.808997
5634,0.808997
5635,0.808997
5636,0.810353
5637,0.810353
5638,0.810353
5639,0.810353
5640,0.810353
5641,0.811528
5642,0.811528
5643,0.811528
5644,0.811528
5645,0.811528
5646,0.815216
5647,0.815216
5648,0.815216
5649,0.815216
5650,0.815216
5651,0.815361
5652,0.815361
5653,0.815361
5654,0.815361
5655,0.815361
5656,0.808895
5657,0.808895
5658,0.808895
5659,0.808895
5660,0.808895
5661,0.807723
5662,0.807723
5663,0.807723
5664,0.807723
5665,0.807723
5666,0.808769
5667,0.808769
5668,0.808769
5669,0.808769
5670,0.808769
5671,0.804655
5672,0.804655
5673,0.804655
5674,0.804655
5675,0.804655
5676,0.805772
5677,0.805772
5678,0.805772
5679,0.805772
5680,0.805772
5681,0.806355
5682,0.806355
5683,0.806355
5684,0.806355
5685,0.806355
5686,0.805184
5687,0.805184
5688,0.805184
5689,0.805184
5690,0.805184
5691,0.805325
5692,0.805325
5693,0.805325
5694,0.805325
5695,0.805325
5696,0.810004
5697,0.810004
5698,0.810004
5699,0.810004
5700,0.810004
5701,0.808287
5702,0.808287
5703,0.808287
5704,0.808287
5705,0.808287
5706,0.805282
5707,0.805282
5708,0.805282
5709,0.805282
5710,0.805282
5711,0.806214
5712,0.806214
5713,0.806214
5714,0.806214
5715,0.806214
5716,0.805924
5717,0.805924
5718,0.805924
5719,0.805924
5720,0.805924
5721,0.809036
5722,0.809036
