framenum,queue density
1,0.260933
2,0.260933
3,0.260933
4,0.260933
5,0.260933
6,0.260933
7,0.260933
8,0.260933
9,0.260933
10,0.260933
11,0.260933
12,0.260933
13,0.260933
14,0.260933
15,0.29579
16,0.29579
17,0.29579
18,0.29579
19,0.29579
20,0.29579
21,0.29579
22,0.29579
23,0.29579
24,0.29579
25,0.29579
26,0.29579
27,0.29579
28,0.29579
29,0.325028
30,0.325028
31,0.325028
32,0.325028
33,0.325028
34,0.325028
35,0.325028
36,0.325028
37,0.325028
38,0.325028
39,0.325028
40,0.325028
41,0.325028
42,0.325028
43,0.323273
44,0.323273
45,0.323273
46,0.323273
47,0.323273
48,0.323273
49,0.323273
50,0.323273
51,0.323273
52,0.323273
53,0.323273
54,0.323273
55,0.323273
56,0.323273
57,0.299517
58,0.299517
59,0.299517
60,0.299517
61,0.299517
62,0.299517
63,0.299517
64,0.299517
65,0.299517
66,0.299517
67,0.299517
68,0.299517
69,0.299517
70,0.299517
71,0.291496
72,0.291496
73,0.291496
74,0.291496
75,0.291496
76,0.291496
77,0.291496
78,0.291496
79,0.291496
80,0.291496
81,0.291496
82,0.291496
83,0.291496
84,0.291496
85,0.30978
86,0.30978
87,0.30978
88,0.30978
89,0.30978
90,0.30978
91,0.30978
92,0.30978
93,0.30978
94,0.30978
95,0.30978
96,0.30978
97,0.30978
98,0.30978
99,0.390773
100,0.390773
101,0.390773
102,0.390773
103,0.390773
104,0.390773
105,0.390773
106,0.390773
107,0.390773
108,0.390773
109,0.390773
110,0.390773
111,0.390773
112,0.390773
113,0.402137
114,0.402137
115,0.402137
116,0.402137
117,0.402137
118,0.402137
119,0.402137
120,0.402137
121,0.402137
122,0.402137
123,0.402137
124,0.402137
125,0.402137
126,0.402137
127,0.410574
128,0.410574
129,0.410574
130,0.410574
131,0.410574
132,0.410574
133,0.410574
134,0.410574
135,0.410574
136,0.410574
137,0.410574
138,0.410574
139,0.410574
140,0.410574
141,0.433287
142,0.433287
143,0.433287
144,0.433287
145,0.433287
146,0.433287
147,0.433287
148,0.433287
149,0.433287
150,0.433287
151,0.433287
152,0.433287
153,0.433287
154,0.433287
155,0.403599
156,0.403599
157,0.403599
158,0.403599
159,0.403599
160,0.403599
161,0.403599
162,0.403599
163,0.403599
164,0.403599
165,0.403599
166,0.403599
167,0.403599
168,0.403599
169,0.377292
170,0.377292
171,0.377292
172,0.377292
173,0.377292
174,0.377292
175,0.377292
176,0.377292
177,0.377292
178,0.377292
179,0.377292
180,0.377292
181,0.377292
182,0.377292
183,0.360238
184,0.360238
185,0.360238
186,0.360238
187,0.360238
188,0.360238
189,0.360238
190,0.360238
191,0.360238
192,0.360238
193,0.360238
194,0.360238
195,0.360238
196,0.360238
197,0.350857
198,0.350857
199,0.350857
200,0.350857
201,0.350857
202,0.350857
203,0.350857
204,0.350857
205,0.350857
206,0.350857
207,0.350857
208,0.350857
209,0.350857
210,0.350857
211,0.349818
212,0.349818
213,0.349818
214,0.349818
215,0.349818
216,0.349818
217,0.349818
218,0.349818
219,0.349818
220,0.349818
221,0.349818
222,0.349818
223,0.349818
224,0.349818
225,0.350398
226,0.350398
227,0.350398
228,0.350398
229,0.350398
230,0.350398
231,0.350398
232,0.350398
233,0.350398
234,0.350398
235,0.350398
236,0.350398
237,0.350398
238,0.350398
239,0.348356
240,0.348356
241,0.348356
242,0.348356
243,0.348356
244,0.348356
245,0.348356
246,0.348356
247,0.348356
248,0.348356
249,0.348356
250,0.348356
251,0.348356
252,0.348356
253,0.349148
254,0.349148
255,0.349148
256,0.349148
257,0.349148
258,0.349148
259,0.349148
260,0.349148
261,0.349148
262,0.349148
263,0.349148
264,0.349148
265,0.349148
266,0.349148
267,0.34731
268,0.34731
269,0.34731
270,0.34731
271,0.34731
272,0.34731
273,0.34731
274,0.34731
275,0.34731
276,0.34731
277,0.34731
278,0.34731
279,0.34731
280,0.34731
281,0.341291
282,0.341291
283,0.341291
284,0.341291
285,0.341291
286,0.341291
287,0.341291
288,0.341291
289,0.341291
290,0.341291
291,0.341291
292,0.341291
293,0.341291
294,0.341291
295,0.339849
296,0.339849
297,0.339849
298,0.339849
299,0.339849
300,0.339849
301,0.339849
302,0.339849
303,0.339849
304,0.339849
305,0.339849
306,0.339849
307,0.339849
308,0.339849
309,0.336506
310,0.336506
311,0.336506
312,0.336506
313,0.336506
314,0.336506
315,0.336506
316,0.336506
317,0.336506
318,0.336506
319,0.336506
320,0.336506
321,0.336506
322,0.336506
323,0.340648
324,0.340648
325,0.340648
326,0.340648
327,0.340648
328,0.340648
329,0.340648
330,0.340648
331,0.340648
332,0.340648
333,0.340648
334,0.340648
335,0.340648
336,0.340648
337,0.342666
338,0.342666
339,0.342666
340,0.342666
341,0.342666
342,0.342666
343,0.342666
344,0.342666
345,0.342666
346,0.342666
347,0.342666
348,0.342666
349,0.342666
350,0.342666
351,0.362491
352,0.362491
353,0.362491
354,0.362491
355,0.362491
356,0.362491
357,0.362491
358,0.362491
359,0.362491
360,0.362491
361,0.362491
362,0.362491
363,0.362491
364,0.362491
365,0.377947
366,0.377947
367,0.377947
368,0.377947
369,0.377947
370,0.377947
371,0.377947
372,0.377947
373,0.377947
374,0.377947
375,0.377947
376,0.377947
377,0.377947
378,0.377947
379,0.363973
380,0.363973
381,0.363973
382,0.363973
383,0.363973
384,0.363973
385,0.363973
386,0.363973
387,0.363973
388,0.363973
389,0.363973
390,0.363973
391,0.363973
392,0.363973
393,0.377618
394,0.377618
395,0.377618
396,0.377618
397,0.377618
398,0.377618
399,0.377618
400,0.377618
401,0.377618
402,0.377618
403,0.377618
404,0.377618
405,0.377618
406,0.377618
407,0.401032
408,0.401032
409,0.401032
410,0.401032
411,0.401032
412,0.401032
413,0.401032
414,0.401032
415,0.401032
416,0.401032
417,0.401032
418,0.401032
419,0.401032
420,0.401032
421,0.437966
422,0.437966
423,0.437966
424,0.437966
425,0.437966
426,0.437966
427,0.437966
428,0.437966
429,0.437966
430,0.437966
431,0.437966
432,0.437966
433,0.437966
434,0.437966
435,0.497566
436,0.497566
437,0.497566
438,0.497566
439,0.497566
440,0.497566
441,0.497566
442,0.497566
443,0.497566
444,0.497566
445,0.497566
446,0.497566
447,0.497566
448,0.497566
449,0.547918
450,0.547918
451,0.547918
452,0.547918
453,0.547918
454,0.547918
455,0.547918
456,0.547918
457,0.547918
458,0.547918
459,0.547918
460,0.547918
461,0.547918
462,0.547918
463,0.572842
464,0.572842
465,0.572842
466,0.572842
467,0.572842
468,0.572842
469,0.572842
470,0.572842
471,0.572842
472,0.572842
473,0.572842
474,0.572842
475,0.572842
476,0.572842
477,0.598603
478,0.598603
479,0.598603
480,0.598603
481,0.598603
482,0.598603
483,0.598603
484,0.598603
485,0.598603
486,0.598603
487,0.598603
488,0.598603
489,0.598603
490,0.598603
491,0.603196
492,0.603196
493,0.603196
494,0.603196
495,0.603196
496,0.603196
497,0.603196
498,0.603196
499,0.603196
500,0.603196
501,0.603196
502,0.603196
503,0.603196
504,0.603196
505,0.602781
506,0.602781
507,0.602781
508,0.602781
509,0.602781
510,0.602781
511,0.602781
512,0.602781
513,0.602781
514,0.602781
515,0.602781
516,0.602781
517,0.602781
518,0.602781
519,0.625419
520,0.625419
521,0.625419
522,0.625419
523,0.625419
524,0.625419
525,0.625419
526,0.625419
527,0.625419
528,0.625419
529,0.625419
530,0.625419
531,0.625419
532,0.625419
533,0.688868
534,0.688868
535,0.688868
536,0.688868
537,0.688868
538,0.688868
539,0.688868
540,0.688868
541,0.688868
542,0.688868
543,0.688868
544,0.688868
545,0.688868
546,0.688868
547,0.708716
548,0.708716
549,0.708716
550,0.708716
551,0.708716
552,0.708716
553,0.708716
554,0.708716
555,0.708716
556,0.708716
557,0.708716
558,0.708716
559,0.708716
560,0.708716
561,0.700079
562,0.700079
563,0.700079
564,0.700079
565,0.700079
566,0.700079
567,0.700079
568,0.700079
569,0.700079
570,0.700079
571,0.700079
572,0.700079
573,0.700079
574,0.700079
575,0.694977
576,0.694977
577,0.694977
578,0.694977
579,0.694977
580,0.694977
581,0.694977
582,0.694977
583,0.694977
584,0.694977
585,0.694977
586,0.694977
587,0.694977
588,0.694977
589,0.693166
590,0.693166
591,0.693166
592,0.693166
593,0.693166
594,0.693166
595,0.693166
596,0.693166
597,0.693166
598,0.693166
599,0.693166
600,0.693166
601,0.693166
602,0.693166
603,0.737201
604,0.737201
605,0.737201
606,0.737201
607,0.737201
608,0.737201
609,0.737201
610,0.737201
611,0.737201
612,0.737201
613,0.737201
614,0.737201
615,0.737201
616,0.737201
617,0.764699
618,0.764699
619,0.764699
620,0.764699
621,0.764699
622,0.764699
623,0.764699
624,0.764699
625,0.764699
626,0.764699
627,0.764699
628,0.764699
629,0.764699
630,0.764699
631,0.790351
632,0.790351
633,0.790351
634,0.790351
635,0.790351
636,0.790351
637,0.790351
638,0.790351
639,0.790351
640,0.790351
641,0.790351
642,0.790351
643,0.790351
644,0.790351
645,0.817986
646,0.817986
647,0.817986
648,0.817986
649,0.817986
650,0.817986
651,0.817986
652,0.817986
653,0.817986
654,0.817986
655,0.817986
656,0.817986
657,0.817986
658,0.817986
659,0.823504
660,0.823504
661,0.823504
662,0.823504
663,0.823504
664,0.823504
665,0.823504
666,0.823504
667,0.823504
668,0.823504
669,0.823504
670,0.823504
671,0.823504
672,0.823504
673,0.819366
674,0.819366
675,0.819366
676,0.819366
677,0.819366
678,0.819366
679,0.819366
680,0.819366
681,0.819366
682,0.819366
683,0.819366
684,0.819366
685,0.819366
686,0.819366
687,0.813609
688,0.813609
689,0.813609
690,0.813609
691,0.813609
692,0.813609
693,0.813609
694,0.813609
695,0.813609
696,0.813609
697,0.813609
698,0.813609
699,0.813609
700,0.813609
701,0.810811
702,0.810811
703,0.810811
704,0.810811
705,0.810811
706,0.810811
707,0.810811
708,0.810811
709,0.810811
710,0.810811
711,0.810811
712,0.810811
713,0.810811
714,0.810811
715,0.827411
716,0.827411
717,0.827411
718,0.827411
719,0.827411
720,0.827411
721,0.827411
722,0.827411
723,0.827411
724,0.827411
725,0.827411
726,0.827411
727,0.827411
728,0.827411
729,0.838807
730,0.838807
731,0.838807
732,0.838807
733,0.838807
734,0.838807
735,0.838807
736,0.838807
737,0.838807
738,0.838807
739,0.838807
740,0.838807
741,0.838807
742,0.838807
743,0.838814
744,0.838814
745,0.838814
746,0.838814
747,0.838814
748,0.838814
749,0.838814
750,0.838814
751,0.838814
752,0.838814
753,0.838814
754,0.838814
755,0.838814
756,0.838814
757,0.840601
758,0.840601
759,0.840601
760,0.840601
761,0.840601
762,0.840601
763,0.840601
764,0.840601
765,0.840601
766,0.840601
767,0.840601
768,0.840601
769,0.840601
770,0.840601
771,0.846601
772,0.846601
773,0.846601
774,0.846601
775,0.846601
776,0.846601
777,0.846601
778,0.846601
779,0.846601
780,0.846601
781,0.846601
782,0.846601
783,0.846601
784,0.846601
785,0.845331
786,0.845331
787,0.845331
788,0.845331
789,0.845331
790,0.845331
791,0.845331
792,0.845331
793,0.845331
794,0.845331
795,0.845331
796,0.845331
797,0.845331
798,0.845331
799,0.842326
800,0.842326
801,0.842326
802,0.842326
803,0.842326
804,0.842326
805,0.842326
806,0.842326
807,0.842326
808,0.842326
809,0.842326
810,0.842326
811,0.842326
812,0.842326
813,0.84095
814,0.84095
815,0.84095
816,0.84095
817,0.84095
818,0.84095
819,0.84095
820,0.84095
821,0.84095
822,0.84095
823,0.84095
824,0.84095
825,0.84095
826,0.84095
827,0.847028
828,0.847028
829,0.847028
830,0.847028
831,0.847028
832,0.847028
833,0.847028
834,0.847028
835,0.847028
836,0.847028
837,0.847028
838,0.847028
839,0.847028
840,0.847028
841,0.849277
842,0.849277
843,0.849277
844,0.849277
845,0.849277
846,0.849277
847,0.849277
848,0.849277
849,0.849277
850,0.849277
851,0.849277
852,0.849277
853,0.849277
854,0.849277
855,0.851002
856,0.851002
857,0.851002
858,0.851002
859,0.851002
860,0.851002
861,0.851002
862,0.851002
863,0.851002
864,0.851002
865,0.851002
866,0.851002
867,0.851002
868,0.851002
869,0.850669
870,0.850669
871,0.850669
872,0.850669
873,0.850669
874,0.850669
875,0.850669
876,0.850669
877,0.850669
878,0.850669
879,0.850669
880,0.850669
881,0.850669
882,0.850669
883,0.849324
884,0.849324
885,0.849324
886,0.849324
887,0.849324
888,0.849324
889,0.849324
890,0.849324
891,0.849324
892,0.849324
893,0.849324
894,0.849324
895,0.849324
896,0.849324
897,0.850759
898,0.850759
899,0.850759
900,0.850759
901,0.850759
902,0.850759
903,0.850759
904,0.850759
905,0.850759
906,0.850759
907,0.850759
908,0.850759
909,0.850759
910,0.850759
911,0.852393
912,0.852393
913,0.852393
914,0.852393
915,0.852393
916,0.852393
917,0.852393
918,0.852393
919,0.852393
920,0.852393
921,0.852393
922,0.852393
923,0.852393
924,0.852393
925,0.851895
926,0.851895
927,0.851895
928,0.851895
929,0.851895
930,0.851895
931,0.851895
932,0.851895
933,0.851895
934,0.851895
935,0.851895
936,0.851895
937,0.851895
938,0.851895
939,0.849638
940,0.849638
941,0.849638
942,0.849638
943,0.849638
944,0.849638
945,0.849638
946,0.849638
947,0.849638
948,0.849638
949,0.849638
950,0.849638
951,0.849638
952,0.849638
953,0.848878
954,0.848878
955,0.848878
956,0.848878
957,0.848878
958,0.848878
959,0.848878
960,0.848878
961,0.848878
962,0.848878
963,0.848878
964,0.848878
965,0.848878
966,0.848878
967,0.850469
968,0.850469
969,0.850469
970,0.850469
971,0.850469
972,0.850469
973,0.850469
974,0.850469
975,0.850469
976,0.850469
977,0.850469
978,0.850469
979,0.850469
980,0.850469
981,0.846954
982,0.846954
983,0.846954
984,0.846954
985,0.846954
986,0.846954
987,0.846954
988,0.846954
989,0.846954
990,0.846954
991,0.846954
992,0.846954
993,0.846954
994,0.846954
995,0.848948
996,0.848948
997,0.848948
998,0.848948
999,0.848948
1000,0.848948
1001,0.848948
1002,0.848948
1003,0.848948
1004,0.848948
1005,0.848948
1006,0.848948
1007,0.848948
1008,0.848948
1009,0.849591
1010,0.849591
1011,0.849591
1012,0.849591
1013,0.849591
1014,0.849591
1015,0.849591
1016,0.849591
1017,0.849591
1018,0.849591
1019,0.849591
1020,0.849591
1021,0.849591
1022,0.849591
1023,0.847667
1024,0.847667
1025,0.847667
1026,0.847667
1027,0.847667
1028,0.847667
1029,0.847667
1030,0.847667
1031,0.847667
1032,0.847667
1033,0.847667
1034,0.847667
1035,0.847667
1036,0.847667
1037,0.848255
1038,0.848255
1039,0.848255
1040,0.848255
1041,0.848255
1042,0.848255
1043,0.848255
1044,0.848255
1045,0.848255
1046,0.848255
1047,0.848255
1048,0.848255
1049,0.848255
1050,0.848255
1051,0.847863
1052,0.847863
1053,0.847863
1054,0.847863
1055,0.847863
1056,0.847863
1057,0.847863
1058,0.847863
1059,0.847863
1060,0.847863
1061,0.847863
1062,0.847863
1063,0.847863
1064,0.847863
1065,0.846812
1066,0.846812
1067,0.846812
1068,0.846812
1069,0.846812
1070,0.846812
1071,0.846812
1072,0.846812
1073,0.846812
1074,0.846812
1075,0.846812
1076,0.846812
1077,0.846812
1078,0.846812
1079,0.847906
1080,0.847906
1081,0.847906
1082,0.847906
1083,0.847906
1084,0.847906
1085,0.847906
1086,0.847906
1087,0.847906
1088,0.847906
1089,0.847906
1090,0.847906
1091,0.847906
1092,0.847906
1093,0.846491
1094,0.846491
1095,0.846491
1096,0.846491
1097,0.846491
1098,0.846491
1099,0.846491
1100,0.846491
1101,0.846491
1102,0.846491
1103,0.846491
1104,0.846491
1105,0.846491
1106,0.846491
1107,0.845907
1108,0.845907
1109,0.845907
1110,0.845907
1111,0.845907
1112,0.845907
1113,0.845907
1114,0.845907
1115,0.845907
1116,0.845907
1117,0.845907
1118,0.845907
1119,0.845907
1120,0.845907
1121,0.847224
1122,0.847224
1123,0.847224
1124,0.847224
1125,0.847224
1126,0.847224
1127,0.847224
1128,0.847224
1129,0.847224
1130,0.847224
1131,0.847224
1132,0.847224
1133,0.847224
1134,0.847224
1135,0.84541
1136,0.84541
1137,0.84541
1138,0.84541
1139,0.84541
1140,0.84541
1141,0.84541
1142,0.84541
1143,0.84541
1144,0.84541
1145,0.84541
1146,0.84541
1147,0.84541
1148,0.84541
1149,0.845331
1150,0.845331
1151,0.845331
1152,0.845331
1153,0.845331
1154,0.845331
1155,0.845331
1156,0.845331
1157,0.845331
1158,0.845331
1159,0.845331
1160,0.845331
1161,0.845331
1162,0.845331
1163,0.844869
1164,0.844869
1165,0.844869
1166,0.844869
1167,0.844869
1168,0.844869
1169,0.844869
1170,0.844869
1171,0.844869
1172,0.844869
1173,0.844869
1174,0.844869
1175,0.844869
1176,0.844869
1177,0.847773
1178,0.847773
1179,0.847773
1180,0.847773
1181,0.847773
1182,0.847773
1183,0.847773
1184,0.847773
1185,0.847773
1186,0.847773
1187,0.847773
1188,0.847773
1189,0.847773
1190,0.847773
1191,0.847322
1192,0.847322
1193,0.847322
1194,0.847322
1195,0.847322
1196,0.847322
1197,0.847322
1198,0.847322
1199,0.847322
1200,0.847322
1201,0.847322
1202,0.847322
1203,0.847322
1204,0.847322
1205,0.846479
1206,0.846479
1207,0.846479
1208,0.846479
1209,0.846479
1210,0.846479
1211,0.846479
1212,0.846479
1213,0.846479
1214,0.846479
1215,0.846479
1216,0.846479
1217,0.846479
1218,0.846479
1219,0.848184
1220,0.848184
1221,0.848184
1222,0.848184
1223,0.848184
1224,0.848184
1225,0.848184
1226,0.848184
1227,0.848184
1228,0.848184
1229,0.848184
1230,0.848184
1231,0.848184
1232,0.848184
1233,0.847197
1234,0.847197
1235,0.847197
1236,0.847197
1237,0.847197
1238,0.847197
1239,0.847197
1240,0.847197
1241,0.847197
1242,0.847197
1243,0.847197
1244,0.847197
1245,0.847197
1246,0.847197
1247,0.845778
1248,0.845778
1249,0.845778
1250,0.845778
1251,0.845778
1252,0.845778
1253,0.845778
1254,0.845778
1255,0.845778
1256,0.845778
1257,0.845778
1258,0.845778
1259,0.845778
1260,0.845778
1261,0.846217
1262,0.846217
1263,0.846217
1264,0.846217
1265,0.846217
1266,0.846217
1267,0.846217
1268,0.846217
1269,0.846217
1270,0.846217
1271,0.846217
1272,0.846217
1273,0.846217
1274,0.846217
1275,0.846452
1276,0.846452
1277,0.846452
1278,0.846452
1279,0.846452
1280,0.846452
1281,0.846452
1282,0.846452
1283,0.846452
1284,0.846452
1285,0.846452
1286,0.846452
1287,0.846452
1288,0.846452
1289,0.845684
1290,0.845684
1291,0.845684
1292,0.845684
1293,0.845684
1294,0.845684
1295,0.845684
1296,0.845684
1297,0.845684
1298,0.845684
1299,0.845684
1300,0.845684
1301,0.845684
1302,0.845684
1303,0.846562
1304,0.846562
1305,0.846562
1306,0.846562
1307,0.846562
1308,0.846562
1309,0.846562
1310,0.846562
1311,0.846562
1312,0.846562
1313,0.846562
1314,0.846562
1315,0.846562
1316,0.846562
1317,0.845531
1318,0.845531
1319,0.845531
1320,0.845531
1321,0.845531
1322,0.845531
1323,0.845531
1324,0.845531
1325,0.845531
1326,0.845531
1327,0.845531
1328,0.845531
1329,0.845531
1330,0.845531
1331,0.846726
1332,0.846726
1333,0.846726
1334,0.846726
1335,0.846726
1336,0.846726
1337,0.846726
1338,0.846726
1339,0.846726
1340,0.846726
1341,0.846726
1342,0.846726
1343,0.846726
1344,0.846726
1345,0.847032
1346,0.847032
1347,0.847032
1348,0.847032
1349,0.847032
1350,0.847032
1351,0.847032
1352,0.847032
1353,0.847032
1354,0.847032
1355,0.847032
1356,0.847032
1357,0.847032
1358,0.847032
1359,0.845794
1360,0.845794
1361,0.845794
1362,0.845794
1363,0.845794
1364,0.845794
1365,0.845794
1366,0.845794
1367,0.845794
1368,0.845794
1369,0.845794
1370,0.845794
1371,0.845794
1372,0.845794
1373,0.846037
1374,0.846037
1375,0.846037
1376,0.846037
1377,0.846037
1378,0.846037
1379,0.846037
1380,0.846037
1381,0.846037
1382,0.846037
1383,0.846037
1384,0.846037
1385,0.846037
1386,0.846037
1387,0.846272
1388,0.846272
1389,0.846272
1390,0.846272
1391,0.846272
1392,0.846272
1393,0.846272
1394,0.846272
1395,0.846272
1396,0.846272
1397,0.846272
1398,0.846272
1399,0.846272
1400,0.846272
1401,0.84914
1402,0.84914
1403,0.84914
1404,0.84914
1405,0.84914
1406,0.84914
1407,0.84914
1408,0.84914
1409,0.84914
1410,0.84914
1411,0.84914
1412,0.84914
1413,0.84914
1414,0.84914
1415,0.850104
1416,0.850104
1417,0.850104
1418,0.850104
1419,0.850104
1420,0.850104
1421,0.850104
1422,0.850104
1423,0.850104
1424,0.850104
1425,0.850104
1426,0.850104
1427,0.850104
1428,0.850104
1429,0.852146
1430,0.852146
1431,0.852146
1432,0.852146
1433,0.852146
1434,0.852146
1435,0.852146
1436,0.852146
1437,0.852146
1438,0.852146
1439,0.852146
1440,0.852146
1441,0.852146
1442,0.852146
1443,0.853498
1444,0.853498
1445,0.853498
1446,0.853498
1447,0.853498
1448,0.853498
1449,0.853498
1450,0.853498
1451,0.853498
1452,0.853498
1453,0.853498
1454,0.853498
1455,0.853498
1456,0.853498
1457,0.856304
1458,0.856304
1459,0.856304
1460,0.856304
1461,0.856304
1462,0.856304
1463,0.856304
1464,0.856304
1465,0.856304
1466,0.856304
1467,0.856304
1468,0.856304
1469,0.856304
1470,0.856304
1471,0.861704
1472,0.861704
1473,0.861704
1474,0.861704
1475,0.861704
1476,0.861704
1477,0.861704
1478,0.861704
1479,0.861704
1480,0.861704
1481,0.861704
1482,0.861704
1483,0.861704
1484,0.861704
1485,0.86572
1486,0.86572
1487,0.86572
1488,0.86572
1489,0.86572
1490,0.86572
1491,0.86572
1492,0.86572
1493,0.86572
1494,0.86572
1495,0.86572
1496,0.86572
1497,0.86572
1498,0.86572
1499,0.876701
1500,0.876701
1501,0.876701
1502,0.876701
1503,0.876701
1504,0.876701
1505,0.876701
1506,0.876701
1507,0.876701
1508,0.876701
1509,0.876701
1510,0.876701
1511,0.876701
1512,0.876701
1513,0.871599
1514,0.871599
1515,0.871599
1516,0.871599
1517,0.871599
1518,0.871599
1519,0.871599
1520,0.871599
1521,0.871599
1522,0.871599
1523,0.871599
1524,0.871599
1525,0.871599
1526,0.871599
1527,0.877324
1528,0.877324
1529,0.877324
1530,0.877324
1531,0.877324
1532,0.877324
1533,0.877324
1534,0.877324
1535,0.877324
1536,0.877324
1537,0.877324
1538,0.877324
1539,0.877324
1540,0.877324
1541,0.873997
1542,0.873997
1543,0.873997
1544,0.873997
1545,0.873997
1546,0.873997
1547,0.873997
1548,0.873997
1549,0.873997
1550,0.873997
1551,0.873997
1552,0.873997
1553,0.873997
1554,0.873997
1555,0.880255
1556,0.880255
1557,0.880255
1558,0.880255
1559,0.880255
1560,0.880255
1561,0.880255
1562,0.880255
1563,0.880255
1564,0.880255
1565,0.880255
1566,0.880255
1567,0.880255
1568,0.880255
1569,0.876211
1570,0.876211
1571,0.876211
1572,0.876211
1573,0.876211
1574,0.876211
1575,0.876211
1576,0.876211
1577,0.876211
1578,0.876211
1579,0.876211
1580,0.876211
1581,0.876211
1582,0.876211
1583,0.882324
1584,0.882324
1585,0.882324
1586,0.882324
1587,0.882324
1588,0.882324
1589,0.882324
1590,0.882324
1591,0.882324
1592,0.882324
1593,0.882324
1594,0.882324
1595,0.882324
1596,0.882324
1597,0.86601
1598,0.86601
1599,0.86601
1600,0.86601
1601,0.86601
1602,0.86601
1603,0.86601
1604,0.86601
1605,0.86601
1606,0.86601
1607,0.86601
1608,0.86601
1609,0.86601
1610,0.86601
1611,0.863565
1612,0.863565
1613,0.863565
1614,0.863565
1615,0.863565
1616,0.863565
1617,0.863565
1618,0.863565
1619,0.863565
1620,0.863565
1621,0.863565
1622,0.863565
1623,0.863565
1624,0.863565
1625,0.867621
1626,0.867621
1627,0.867621
1628,0.867621
1629,0.867621
1630,0.867621
1631,0.867621
1632,0.867621
1633,0.867621
1634,0.867621
1635,0.867621
1636,0.867621
1637,0.867621
1638,0.867621
1639,0.867739
1640,0.867739
1641,0.867739
1642,0.867739
1643,0.867739
1644,0.867739
1645,0.867739
1646,0.867739
1647,0.867739
1648,0.867739
1649,0.867739
1650,0.867739
1651,0.867739
1652,0.867739
1653,0.859466
1654,0.859466
1655,0.859466
1656,0.859466
1657,0.859466
1658,0.859466
1659,0.859466
1660,0.859466
1661,0.859466
1662,0.859466
1663,0.859466
1664,0.859466
1665,0.859466
1666,0.859466
1667,0.856284
1668,0.856284
1669,0.856284
1670,0.856284
1671,0.856284
1672,0.856284
1673,0.856284
1674,0.856284
1675,0.856284
1676,0.856284
1677,0.856284
1678,0.856284
1679,0.856284
1680,0.856284
1681,0.850061
1682,0.850061
1683,0.850061
1684,0.850061
1685,0.850061
1686,0.850061
1687,0.850061
1688,0.850061
1689,0.850061
1690,0.850061
1691,0.850061
1692,0.850061
1693,0.850061
1694,0.850061
1695,0.841589
1696,0.841589
1697,0.841589
1698,0.841589
1699,0.841589
1700,0.841589
1701,0.841589
1702,0.841589
1703,0.841589
1704,0.841589
1705,0.841589
1706,0.841589
1707,0.841589
1708,0.841589
1709,0.844904
1710,0.844904
1711,0.844904
1712,0.844904
1713,0.844904
1714,0.844904
1715,0.844904
1716,0.844904
1717,0.844904
1718,0.844904
1719,0.844904
1720,0.844904
1721,0.844904
1722,0.844904
1723,0.836851
1724,0.836851
1725,0.836851
1726,0.836851
1727,0.836851
1728,0.836851
1729,0.836851
1730,0.836851
1731,0.836851
1732,0.836851
1733,0.836851
1734,0.836851
1735,0.836851
1736,0.836851
1737,0.8013
1738,0.8013
1739,0.8013
1740,0.8013
1741,0.8013
1742,0.8013
1743,0.8013
1744,0.8013
1745,0.8013
1746,0.8013
1747,0.8013
1748,0.8013
1749,0.8013
1750,0.8013
1751,0.715131
1752,0.715131
1753,0.715131
1754,0.715131
1755,0.715131
1756,0.715131
1757,0.715131
1758,0.715131
1759,0.715131
1760,0.715131
1761,0.715131
1762,0.715131
1763,0.715131
1764,0.715131
1765,0.589896
1766,0.589896
1767,0.589896
1768,0.589896
1769,0.589896
1770,0.589896
1771,0.589896
1772,0.589896
1773,0.589896
1774,0.589896
1775,0.589896
1776,0.589896
1777,0.589896
1778,0.589896
1779,0.69966
1780,0.69966
1781,0.69966
1782,0.69966
1783,0.69966
1784,0.69966
1785,0.69966
1786,0.69966
1787,0.69966
1788,0.69966
1789,0.69966
1790,0.69966
1791,0.69966
1792,0.69966
1793,0.661354
1794,0.661354
1795,0.661354
1796,0.661354
1797,0.661354
1798,0.661354
1799,0.661354
1800,0.661354
1801,0.661354
1802,0.661354
1803,0.661354
1804,0.661354
1805,0.661354
1806,0.661354
1807,0.63321
1808,0.63321
1809,0.63321
1810,0.63321
1811,0.63321
1812,0.63321
1813,0.63321
1814,0.63321
1815,0.63321
1816,0.63321
1817,0.63321
1818,0.63321
1819,0.63321
1820,0.63321
1821,0.600089
1822,0.600089
1823,0.600089
1824,0.600089
1825,0.600089
1826,0.600089
1827,0.600089
1828,0.600089
1829,0.600089
1830,0.600089
1831,0.600089
1832,0.600089
1833,0.600089
1834,0.600089
1835,0.528826
1836,0.528826
1837,0.528826
1838,0.528826
1839,0.528826
1840,0.528826
1841,0.528826
1842,0.528826
1843,0.528826
1844,0.528826
1845,0.528826
1846,0.528826
1847,0.528826
1848,0.528826
1849,0.541108
1850,0.541108
1851,0.541108
1852,0.541108
1853,0.541108
1854,0.541108
1855,0.541108
1856,0.541108
1857,0.541108
1858,0.541108
1859,0.541108
1860,0.541108
1861,0.541108
1862,0.541108
1863,0.489945
1864,0.489945
1865,0.489945
1866,0.489945
1867,0.489945
1868,0.489945
1869,0.489945
1870,0.489945
1871,0.489945
1872,0.489945
1873,0.489945
1874,0.489945
1875,0.489945
1876,0.489945
1877,0.479619
1878,0.479619
1879,0.479619
1880,0.479619
1881,0.479619
1882,0.479619
1883,0.479619
1884,0.479619
1885,0.479619
1886,0.479619
1887,0.479619
1888,0.479619
1889,0.479619
1890,0.479619
1891,0.517689
1892,0.517689
1893,0.517689
1894,0.517689
1895,0.517689
1896,0.517689
1897,0.517689
1898,0.517689
1899,0.517689
1900,0.517689
1901,0.517689
1902,0.517689
1903,0.517689
1904,0.517689
1905,0.581698
1906,0.581698
1907,0.581698
1908,0.581698
1909,0.581698
1910,0.581698
1911,0.581698
1912,0.581698
1913,0.581698
1914,0.581698
1915,0.581698
1916,0.581698
1917,0.581698
1918,0.581698
1919,0.743699
1920,0.743699
1921,0.743699
1922,0.743699
1923,0.743699
1924,0.743699
1925,0.743699
1926,0.743699
1927,0.743699
1928,0.743699
1929,0.743699
1930,0.743699
1931,0.743699
1932,0.743699
1933,0.544333
1934,0.544333
1935,0.544333
1936,0.544333
1937,0.544333
1938,0.544333
1939,0.544333
1940,0.544333
1941,0.544333
1942,0.544333
1943,0.544333
1944,0.544333
1945,0.544333
1946,0.544333
1947,0.403779
1948,0.403779
1949,0.403779
1950,0.403779
1951,0.403779
1952,0.403779
1953,0.403779
1954,0.403779
1955,0.403779
1956,0.403779
1957,0.403779
1958,0.403779
1959,0.403779
1960,0.403779
1961,0.335123
1962,0.335123
1963,0.335123
1964,0.335123
1965,0.335123
1966,0.335123
1967,0.335123
1968,0.335123
1969,0.335123
1970,0.335123
1971,0.335123
1972,0.335123
1973,0.335123
1974,0.335123
1975,0.242833
1976,0.242833
1977,0.242833
1978,0.242833
1979,0.242833
1980,0.242833
1981,0.242833
1982,0.242833
1983,0.242833
1984,0.242833
1985,0.242833
1986,0.242833
1987,0.242833
1988,0.242833
1989,0.174862
1990,0.174862
1991,0.174862
1992,0.174862
1993,0.174862
1994,0.174862
1995,0.174862
1996,0.174862
1997,0.174862
1998,0.174862
1999,0.174862
2000,0.174862
2001,0.174862
2002,0.174862
2003,0.17688
2004,0.17688
2005,0.17688
2006,0.17688
2007,0.17688
2008,0.17688
2009,0.17688
2010,0.17688
2011,0.17688
2012,0.17688
2013,0.17688
2014,0.17688
2015,0.17688
2016,0.17688
2017,0.403779
2018,0.403779
2019,0.403779
2020,0.403779
2021,0.403779
2022,0.403779
2023,0.403779
2024,0.403779
2025,0.403779
2026,0.403779
2027,0.403779
2028,0.403779
2029,0.403779
2030,0.403779
2031,0.684467
2032,0.684467
2033,0.684467
2034,0.684467
2035,0.684467
2036,0.684467
2037,0.684467
2038,0.684467
2039,0.684467
2040,0.684467
2041,0.684467
2042,0.684467
2043,0.684467
2044,0.684467
2045,0.564777
2046,0.564777
2047,0.564777
2048,0.564777
2049,0.564777
2050,0.564777
2051,0.564777
2052,0.564777
2053,0.564777
2054,0.564777
2055,0.564777
2056,0.564777
2057,0.564777
2058,0.564777
2059,0.334637
2060,0.334637
2061,0.334637
2062,0.334637
2063,0.334637
2064,0.334637
2065,0.334637
2066,0.334637
2067,0.334637
2068,0.334637
2069,0.334637
2070,0.334637
2071,0.334637
2072,0.334637
2073,0.273497
2074,0.273497
2075,0.273497
2076,0.273497
2077,0.273497
2078,0.273497
2079,0.273497
2080,0.273497
2081,0.273497
2082,0.273497
2083,0.273497
2084,0.273497
2085,0.273497
2086,0.273497
2087,0.168478
2088,0.168478
2089,0.168478
2090,0.168478
2091,0.168478
2092,0.168478
2093,0.168478
2094,0.168478
2095,0.168478
2096,0.168478
2097,0.168478
2098,0.168478
2099,0.168478
2100,0.168478
2101,0.174235
2102,0.174235
2103,0.174235
2104,0.174235
2105,0.174235
2106,0.174235
2107,0.174235
2108,0.174235
2109,0.174235
2110,0.174235
2111,0.174235
2112,0.174235
2113,0.174235
2114,0.174235
2115,0.340315
2116,0.340315
2117,0.340315
2118,0.340315
2119,0.340315
2120,0.340315
2121,0.340315
2122,0.340315
2123,0.340315
2124,0.340315
2125,0.340315
2126,0.340315
2127,0.340315
2128,0.340315
2129,0.796613
2130,0.796613
2131,0.796613
2132,0.796613
2133,0.796613
2134,0.796613
2135,0.796613
2136,0.796613
2137,0.796613
2138,0.796613
2139,0.796613
2140,0.796613
2141,0.796613
2142,0.796613
2143,0.889868
2144,0.889868
2145,0.889868
2146,0.889868
2147,0.889868
2148,0.889868
2149,0.889868
2150,0.889868
2151,0.889868
2152,0.889868
2153,0.889868
2154,0.889868
2155,0.889868
2156,0.889868
2157,0.738075
2158,0.738075
2159,0.738075
2160,0.738075
2161,0.738075
2162,0.738075
2163,0.738075
2164,0.738075
2165,0.738075
2166,0.738075
2167,0.738075
2168,0.738075
2169,0.738075
2170,0.738075
2171,0.644319
2172,0.644319
2173,0.644319
2174,0.644319
2175,0.644319
2176,0.644319
2177,0.644319
2178,0.644319
2179,0.644319
2180,0.644319
2181,0.644319
2182,0.644319
2183,0.644319
2184,0.644319
2185,0.363256
2186,0.363256
2187,0.363256
2188,0.363256
2189,0.363256
2190,0.363256
2191,0.363256
2192,0.363256
2193,0.363256
2194,0.363256
2195,0.363256
2196,0.363256
2197,0.363256
2198,0.363256
2199,0.226574
2200,0.226574
2201,0.226574
2202,0.226574
2203,0.226574
2204,0.226574
2205,0.226574
2206,0.226574
2207,0.226574
2208,0.226574
2209,0.226574
2210,0.226574
2211,0.226574
2212,0.226574
2213,0.171994
2214,0.171994
2215,0.171994
2216,0.171994
2217,0.171994
2218,0.171994
2219,0.171994
2220,0.171994
2221,0.171994
2222,0.171994
2223,0.171994
2224,0.171994
2225,0.171994
2226,0.171994
2227,0.162886
2228,0.162886
2229,0.162886
2230,0.162886
2231,0.162886
2232,0.162886
2233,0.162886
2234,0.162886
2235,0.162886
2236,0.162886
2237,0.162886
2238,0.162886
2239,0.162886
2240,0.162886
2241,0.165155
2242,0.165155
2243,0.165155
2244,0.165155
2245,0.165155
2246,0.165155
2247,0.165155
2248,0.165155
2249,0.165155
2250,0.165155
2251,0.165155
2252,0.165155
2253,0.165155
2254,0.165155
2255,0.168118
2256,0.168118
2257,0.168118
2258,0.168118
2259,0.168118
2260,0.168118
2261,0.168118
2262,0.168118
2263,0.168118
2264,0.168118
2265,0.168118
2266,0.168118
2267,0.168118
2268,0.168118
2269,0.183758
2270,0.183758
2271,0.183758
2272,0.183758
2273,0.183758
2274,0.183758
2275,0.183758
2276,0.183758
2277,0.183758
2278,0.183758
2279,0.183758
2280,0.183758
2281,0.183758
2282,0.183758
2283,0.288831
2284,0.288831
2285,0.288831
2286,0.288831
2287,0.288831
2288,0.288831
2289,0.288831
2290,0.288831
2291,0.288831
2292,0.288831
2293,0.288831
2294,0.288831
2295,0.288831
2296,0.288831
2297,0.279528
2298,0.279528
2299,0.279528
2300,0.279528
2301,0.279528
2302,0.279528
2303,0.279528
2304,0.279528
2305,0.279528
2306,0.279528
2307,0.279528
2308,0.279528
2309,0.279528
2310,0.279528
2311,0.279947
2312,0.279947
2313,0.279947
2314,0.279947
2315,0.279947
2316,0.279947
2317,0.279947
2318,0.279947
2319,0.279947
2320,0.279947
2321,0.279947
2322,0.279947
2323,0.279947
2324,0.279947
2325,0.252614
2326,0.252614
2327,0.252614
2328,0.252614
2329,0.252614
2330,0.252614
2331,0.252614
2332,0.252614
2333,0.252614
2334,0.252614
2335,0.252614
2336,0.252614
2337,0.252614
2338,0.252614
2339,0.184408
2340,0.184408
2341,0.184408
2342,0.184408
2343,0.184408
2344,0.184408
2345,0.184408
2346,0.184408
2347,0.184408
2348,0.184408
2349,0.184408
2350,0.184408
2351,0.184408
2352,0.184408
2353,0.188429
2354,0.188429
2355,0.188429
2356,0.188429
2357,0.188429
2358,0.188429
2359,0.188429
2360,0.188429
2361,0.188429
2362,0.188429
2363,0.188429
2364,0.188429
2365,0.188429
2366,0.188429
2367,0.179181
2368,0.179181
2369,0.179181
2370,0.179181
2371,0.179181
2372,0.179181
2373,0.179181
2374,0.179181
2375,0.179181
2376,0.179181
2377,0.179181
2378,0.179181
2379,0.179181
2380,0.179181
2381,0.162107
2382,0.162107
2383,0.162107
2384,0.162107
2385,0.162107
2386,0.162107
2387,0.162107
2388,0.162107
2389,0.162107
2390,0.162107
2391,0.162107
2392,0.162107
2393,0.162107
2394,0.162107
2395,0.36322
2396,0.36322
2397,0.36322
2398,0.36322
2399,0.36322
2400,0.36322
2401,0.36322
2402,0.36322
2403,0.36322
2404,0.36322
2405,0.36322
2406,0.36322
2407,0.36322
2408,0.36322
2409,0.431242
2410,0.431242
2411,0.431242
2412,0.431242
2413,0.431242
2414,0.431242
2415,0.431242
2416,0.431242
2417,0.431242
2418,0.431242
2419,0.431242
2420,0.431242
2421,0.431242
2422,0.431242
2423,0.225065
2424,0.225065
2425,0.225065
2426,0.225065
2427,0.225065
2428,0.225065
2429,0.225065
2430,0.225065
2431,0.225065
2432,0.225065
2433,0.225065
2434,0.225065
2435,0.225065
2436,0.225065
2437,0.191148
2438,0.191148
2439,0.191148
2440,0.191148
2441,0.191148
2442,0.191148
2443,0.191148
2444,0.191148
2445,0.191148
2446,0.191148
2447,0.191148
2448,0.191148
2449,0.191148
2450,0.191148
2451,0.216228
2452,0.216228
2453,0.216228
2454,0.216228
2455,0.216228
2456,0.216228
2457,0.216228
2458,0.216228
2459,0.216228
2460,0.216228
2461,0.216228
2462,0.216228
2463,0.216228
2464,0.216228
2465,0.190874
2466,0.190874
2467,0.190874
2468,0.190874
2469,0.190874
2470,0.190874
2471,0.190874
2472,0.190874
2473,0.190874
2474,0.190874
2475,0.190874
2476,0.190874
2477,0.190874
2478,0.190874
2479,0.169525
2480,0.169525
2481,0.169525
2482,0.169525
2483,0.169525
2484,0.169525
2485,0.169525
2486,0.169525
2487,0.169525
2488,0.169525
2489,0.169525
2490,0.169525
2491,0.169525
2492,0.169525
2493,0.179157
2494,0.179157
2495,0.179157
2496,0.179157
2497,0.179157
2498,0.179157
2499,0.179157
2500,0.179157
2501,0.179157
2502,0.179157
2503,0.179157
2504,0.179157
2505,0.179157
2506,0.179157
2507,0.168596
2508,0.168596
2509,0.168596
2510,0.168596
2511,0.168596
2512,0.168596
2513,0.168596
2514,0.168596
2515,0.168596
2516,0.168596
2517,0.168596
2518,0.168596
2519,0.168596
2520,0.168596
2521,0.285461
2522,0.285461
2523,0.285461
2524,0.285461
2525,0.285461
2526,0.285461
2527,0.285461
2528,0.285461
2529,0.285461
2530,0.285461
2531,0.285461
2532,0.285461
2533,0.285461
2534,0.285461
2535,0.341283
2536,0.341283
2537,0.341283
2538,0.341283
2539,0.341283
2540,0.341283
2541,0.341283
2542,0.341283
2543,0.341283
2544,0.341283
2545,0.341283
2546,0.341283
2547,0.341283
2548,0.341283
2549,0.236418
2550,0.236418
2551,0.236418
2552,0.236418
2553,0.236418
2554,0.236418
2555,0.236418
2556,0.236418
2557,0.236418
2558,0.236418
2559,0.236418
2560,0.236418
2561,0.236418
2562,0.236418
2563,0.180944
2564,0.180944
2565,0.180944
2566,0.180944
2567,0.180944
2568,0.180944
2569,0.180944
2570,0.180944
2571,0.180944
2572,0.180944
2573,0.180944
2574,0.180944
2575,0.180944
2576,0.180944
2577,0.144555
2578,0.144555
2579,0.144555
2580,0.144555
2581,0.144555
2582,0.144555
2583,0.144555
2584,0.144555
2585,0.144555
2586,0.144555
2587,0.144555
2588,0.144555
2589,0.144555
2590,0.144555
2591,0.14437
2592,0.14437
2593,0.14437
2594,0.14437
2595,0.14437
2596,0.14437
2597,0.14437
2598,0.14437
2599,0.14437
2600,0.14437
2601,0.14437
2602,0.14437
2603,0.14437
2604,0.14437
2605,0.144527
2606,0.144527
2607,0.144527
2608,0.144527
2609,0.144527
2610,0.144527
2611,0.144527
2612,0.144527
2613,0.144527
2614,0.144527
2615,0.144527
2616,0.144527
2617,0.144527
2618,0.144527
2619,0.143328
2620,0.143328
2621,0.143328
2622,0.143328
2623,0.143328
2624,0.143328
2625,0.143328
2626,0.143328
2627,0.143328
2628,0.143328
2629,0.143328
2630,0.143328
2631,0.143328
2632,0.143328
2633,0.206929
2634,0.206929
2635,0.206929
2636,0.206929
2637,0.206929
2638,0.206929
2639,0.206929
2640,0.206929
2641,0.206929
2642,0.206929
2643,0.206929
2644,0.206929
2645,0.206929
2646,0.206929
2647,0.329934
2648,0.329934
2649,0.329934
2650,0.329934
2651,0.329934
2652,0.329934
2653,0.329934
2654,0.329934
2655,0.329934
2656,0.329934
2657,0.329934
2658,0.329934
2659,0.329934
2660,0.329934
2661,0.518065
2662,0.518065
2663,0.518065
2664,0.518065
2665,0.518065
2666,0.518065
2667,0.518065
2668,0.518065
2669,0.518065
2670,0.518065
2671,0.518065
2672,0.518065
2673,0.518065
2674,0.518065
2675,0.482942
2676,0.482942
2677,0.482942
2678,0.482942
2679,0.482942
2680,0.482942
2681,0.482942
2682,0.482942
2683,0.482942
2684,0.482942
2685,0.482942
2686,0.482942
2687,0.482942
2688,0.482942
2689,0.365842
2690,0.365842
2691,0.365842
2692,0.365842
2693,0.365842
2694,0.365842
2695,0.365842
2696,0.365842
2697,0.365842
2698,0.365842
2699,0.365842
2700,0.365842
2701,0.365842
2702,0.365842
2703,0.32861
2704,0.32861
2705,0.32861
2706,0.32861
2707,0.32861
2708,0.32861
2709,0.32861
2710,0.32861
2711,0.32861
2712,0.32861
2713,0.32861
2714,0.32861
2715,0.32861
2716,0.32861
2717,0.275045
2718,0.275045
2719,0.275045
2720,0.275045
2721,0.275045
2722,0.275045
2723,0.275045
2724,0.275045
2725,0.275045
2726,0.275045
2727,0.275045
2728,0.275045
2729,0.275045
2730,0.275045
2731,0.251971
2732,0.251971
2733,0.251971
2734,0.251971
2735,0.251971
2736,0.251971
2737,0.251971
2738,0.251971
2739,0.251971
2740,0.251971
2741,0.251971
2742,0.251971
2743,0.251971
2744,0.251971
2745,0.276886
2746,0.276886
2747,0.276886
2748,0.276886
2749,0.276886
2750,0.276886
2751,0.276886
2752,0.276886
2753,0.276886
2754,0.276886
2755,0.276886
2756,0.276886
2757,0.276886
2758,0.276886
2759,0.280033
2760,0.280033
2761,0.280033
2762,0.280033
2763,0.280033
2764,0.280033
2765,0.280033
2766,0.280033
2767,0.280033
2768,0.280033
2769,0.280033
2770,0.280033
2771,0.280033
2772,0.280033
2773,0.267822
2774,0.267822
2775,0.267822
2776,0.267822
2777,0.267822
2778,0.267822
2779,0.267822
2780,0.267822
2781,0.267822
2782,0.267822
2783,0.267822
2784,0.267822
2785,0.267822
2786,0.267822
2787,0.251979
2788,0.251979
2789,0.251979
2790,0.251979
2791,0.251979
2792,0.251979
2793,0.251979
2794,0.251979
2795,0.251979
2796,0.251979
2797,0.251979
2798,0.251979
2799,0.251979
2800,0.251979
2801,0.242374
2802,0.242374
2803,0.242374
2804,0.242374
2805,0.242374
2806,0.242374
2807,0.242374
2808,0.242374
2809,0.242374
2810,0.242374
2811,0.242374
2812,0.242374
2813,0.242374
2814,0.242374
2815,0.240325
2816,0.240325
2817,0.240325
2818,0.240325
2819,0.240325
2820,0.240325
2821,0.240325
2822,0.240325
2823,0.240325
2824,0.240325
2825,0.240325
2826,0.240325
2827,0.240325
2828,0.240325
2829,0.239239
2830,0.239239
2831,0.239239
2832,0.239239
2833,0.239239
2834,0.239239
2835,0.239239
2836,0.239239
2837,0.239239
2838,0.239239
2839,0.239239
2840,0.239239
2841,0.239239
2842,0.239239
2843,0.238459
2844,0.238459
2845,0.238459
2846,0.238459
2847,0.238459
2848,0.238459
2849,0.238459
2850,0.238459
2851,0.238459
2852,0.238459
2853,0.238459
2854,0.238459
2855,0.238459
2856,0.238459
2857,0.238687
2858,0.238687
2859,0.238687
2860,0.238687
2861,0.238687
2862,0.238687
2863,0.238687
2864,0.238687
2865,0.238687
2866,0.238687
2867,0.238687
2868,0.238687
2869,0.238687
2870,0.238687
2871,0.240285
2872,0.240285
2873,0.240285
2874,0.240285
2875,0.240285
2876,0.240285
2877,0.240285
2878,0.240285
2879,0.240285
2880,0.240285
2881,0.240285
2882,0.240285
2883,0.240285
2884,0.240285
2885,0.259472
2886,0.259472
2887,0.259472
2888,0.259472
2889,0.259472
2890,0.259472
2891,0.259472
2892,0.259472
2893,0.259472
2894,0.259472
2895,0.259472
2896,0.259472
2897,0.259472
2898,0.259472
2899,0.259248
2900,0.259248
2901,0.259248
2902,0.259248
2903,0.259248
2904,0.259248
2905,0.259248
2906,0.259248
2907,0.259248
2908,0.259248
2909,0.259248
2910,0.259248
2911,0.259248
2912,0.259248
2913,0.252461
2914,0.252461
2915,0.252461
2916,0.252461
2917,0.252461
2918,0.252461
2919,0.252461
2920,0.252461
2921,0.252461
2922,0.252461
2923,0.252461
2924,0.252461
2925,0.252461
2926,0.252461
2927,0.252034
2928,0.252034
2929,0.252034
2930,0.252034
2931,0.252034
2932,0.252034
2933,0.252034
2934,0.252034
2935,0.252034
2936,0.252034
2937,0.252034
2938,0.252034
2939,0.252034
2940,0.252034
2941,0.253566
2942,0.253566
2943,0.253566
2944,0.253566
2945,0.253566
2946,0.253566
2947,0.253566
2948,0.253566
2949,0.253566
2950,0.253566
2951,0.253566
2952,0.253566
2953,0.253566
2954,0.253566
2955,0.289395
2956,0.289395
2957,0.289395
2958,0.289395
2959,0.289395
2960,0.289395
2961,0.289395
2962,0.289395
2963,0.289395
2964,0.289395
2965,0.289395
2966,0.289395
2967,0.289395
2968,0.289395
2969,0.55815
2970,0.55815
2971,0.55815
2972,0.55815
2973,0.55815
2974,0.55815
2975,0.55815
2976,0.55815
2977,0.55815
2978,0.55815
2979,0.55815
2980,0.55815
2981,0.55815
2982,0.55815
2983,0.737954
2984,0.737954
2985,0.737954
2986,0.737954
2987,0.737954
2988,0.737954
2989,0.737954
2990,0.737954
2991,0.737954
2992,0.737954
2993,0.737954
2994,0.737954
2995,0.737954
2996,0.737954
2997,0.848419
2998,0.848419
2999,0.848419
3000,0.848419
3001,0.848419
3002,0.848419
3003,0.848419
3004,0.848419
3005,0.848419
3006,0.848419
3007,0.848419
3008,0.848419
3009,0.848419
3010,0.848419
3011,0.880173
3012,0.880173
3013,0.880173
3014,0.880173
3015,0.880173
3016,0.880173
3017,0.880173
3018,0.880173
3019,0.880173
3020,0.880173
3021,0.880173
3022,0.880173
3023,0.880173
3024,0.880173
3025,0.875803
3026,0.875803
3027,0.875803
3028,0.875803
3029,0.875803
3030,0.875803
3031,0.875803
3032,0.875803
3033,0.875803
3034,0.875803
3035,0.875803
3036,0.875803
3037,0.875803
3038,0.875803
3039,0.890988
3040,0.890988
3041,0.890988
3042,0.890988
3043,0.890988
3044,0.890988
3045,0.890988
3046,0.890988
3047,0.890988
3048,0.890988
3049,0.890988
3050,0.890988
3051,0.890988
3052,0.890988
3053,0.888218
3054,0.888218
3055,0.888218
3056,0.888218
3057,0.888218
3058,0.888218
3059,0.888218
3060,0.888218
3061,0.888218
3062,0.888218
3063,0.888218
3064,0.888218
3065,0.888218
3066,0.888218
3067,0.88308
3068,0.88308
3069,0.88308
3070,0.88308
3071,0.88308
3072,0.88308
3073,0.88308
3074,0.88308
3075,0.88308
3076,0.88308
3077,0.88308
3078,0.88308
3079,0.88308
3080,0.88308
3081,0.873621
3082,0.873621
3083,0.873621
3084,0.873621
3085,0.873621
3086,0.873621
3087,0.873621
3088,0.873621
3089,0.873621
3090,0.873621
3091,0.873621
3092,0.873621
3093,0.873621
3094,0.873621
3095,0.875031
3096,0.875031
3097,0.875031
3098,0.875031
3099,0.875031
3100,0.875031
3101,0.875031
3102,0.875031
3103,0.875031
3104,0.875031
3105,0.875031
3106,0.875031
3107,0.875031
3108,0.875031
3109,0.872343
3110,0.872343
3111,0.872343
3112,0.872343
3113,0.872343
3114,0.872343
3115,0.872343
3116,0.872343
3117,0.872343
3118,0.872343
3119,0.872343
3120,0.872343
3121,0.872343
3122,0.872343
3123,0.868518
3124,0.868518
3125,0.868518
3126,0.868518
3127,0.868518
3128,0.868518
3129,0.868518
3130,0.868518
3131,0.868518
3132,0.868518
3133,0.868518
3134,0.868518
3135,0.868518
3136,0.868518
3137,0.869126
3138,0.869126
3139,0.869126
3140,0.869126
3141,0.869126
3142,0.869126
3143,0.869126
3144,0.869126
3145,0.869126
3146,0.869126
3147,0.869126
3148,0.869126
3149,0.869126
3150,0.869126
3151,0.861351
3152,0.861351
3153,0.861351
3154,0.861351
3155,0.861351
3156,0.861351
3157,0.861351
3158,0.861351
3159,0.861351
3160,0.861351
3161,0.861351
3162,0.861351
3163,0.861351
3164,0.861351
3165,0.858957
3166,0.858957
3167,0.858957
3168,0.858957
3169,0.858957
3170,0.858957
3171,0.858957
3172,0.858957
3173,0.858957
3174,0.858957
3175,0.858957
3176,0.858957
3177,0.858957
3178,0.858957
3179,0.857867
3180,0.857867
3181,0.857867
3182,0.857867
3183,0.857867
3184,0.857867
3185,0.857867
3186,0.857867
3187,0.857867
3188,0.857867
3189,0.857867
3190,0.857867
3191,0.857867
3192,0.857867
3193,0.852365
3194,0.852365
3195,0.852365
3196,0.852365
3197,0.852365
3198,0.852365
3199,0.852365
3200,0.852365
3201,0.852365
3202,0.852365
3203,0.852365
3204,0.852365
3205,0.852365
3206,0.852365
3207,0.84936
3208,0.84936
3209,0.84936
3210,0.84936
3211,0.84936
3212,0.84936
3213,0.84936
3214,0.84936
3215,0.84936
3216,0.84936
3217,0.84936
3218,0.84936
3219,0.84936
3220,0.84936
3221,0.848208
3222,0.848208
3223,0.848208
3224,0.848208
3225,0.848208
3226,0.848208
3227,0.848208
3228,0.848208
3229,0.848208
3230,0.848208
3231,0.848208
3232,0.848208
3233,0.848208
3234,0.848208
3235,0.846287
3236,0.846287
3237,0.846287
3238,0.846287
3239,0.846287
3240,0.846287
3241,0.846287
3242,0.846287
3243,0.846287
3244,0.846287
3245,0.846287
3246,0.846287
3247,0.846287
3248,0.846287
3249,0.844892
3250,0.844892
3251,0.844892
3252,0.844892
3253,0.844892
3254,0.844892
3255,0.844892
3256,0.844892
3257,0.844892
3258,0.844892
3259,0.844892
3260,0.844892
3261,0.844892
3262,0.844892
3263,0.847146
3264,0.847146
3265,0.847146
3266,0.847146
3267,0.847146
3268,0.847146
3269,0.847146
3270,0.847146
3271,0.847146
3272,0.847146
3273,0.847146
3274,0.847146
3275,0.847146
3276,0.847146
3277,0.846926
3278,0.846926
3279,0.846926
3280,0.846926
3281,0.846926
3282,0.846926
3283,0.846926
3284,0.846926
3285,0.846926
3286,0.846926
3287,0.846926
3288,0.846926
3289,0.846926
3290,0.846926
3291,0.851668
3292,0.851668
3293,0.851668
3294,0.851668
3295,0.851668
3296,0.851668
3297,0.851668
3298,0.851668
3299,0.851668
3300,0.851668
3301,0.851668
3302,0.851668
3303,0.851668
3304,0.851668
3305,0.850312
3306,0.850312
3307,0.850312
3308,0.850312
3309,0.850312
3310,0.850312
3311,0.850312
3312,0.850312
3313,0.850312
3314,0.850312
3315,0.850312
3316,0.850312
3317,0.850312
3318,0.850312
3319,0.850578
3320,0.850578
3321,0.850578
3322,0.850578
3323,0.850578
3324,0.850578
3325,0.850578
3326,0.850578
3327,0.850578
3328,0.850578
3329,0.850578
3330,0.850578
3331,0.850578
3332,0.850578
3333,0.852252
3334,0.852252
3335,0.852252
3336,0.852252
3337,0.852252
3338,0.852252
3339,0.852252
3340,0.852252
3341,0.852252
3342,0.852252
3343,0.852252
3344,0.852252
3345,0.852252
3346,0.852252
3347,0.851993
3348,0.851993
3349,0.851993
3350,0.851993
3351,0.851993
3352,0.851993
3353,0.851993
3354,0.851993
3355,0.851993
3356,0.851993
3357,0.851993
3358,0.851993
3359,0.851993
3360,0.851993
3361,0.854391
3362,0.854391
3363,0.854391
3364,0.854391
3365,0.854391
3366,0.854391
3367,0.854391
3368,0.854391
3369,0.854391
3370,0.854391
3371,0.854391
3372,0.854391
3373,0.854391
3374,0.854391
3375,0.854376
3376,0.854376
3377,0.854376
3378,0.854376
3379,0.854376
3380,0.854376
3381,0.854376
3382,0.854376
3383,0.854376
3384,0.854376
3385,0.854376
3386,0.854376
3387,0.854376
3388,0.854376
3389,0.853482
3390,0.853482
3391,0.853482
3392,0.853482
3393,0.853482
3394,0.853482
3395,0.853482
3396,0.853482
3397,0.853482
3398,0.853482
3399,0.853482
3400,0.853482
3401,0.853482
3402,0.853482
3403,0.85168
3404,0.85168
3405,0.85168
3406,0.85168
3407,0.85168
3408,0.85168
3409,0.85168
3410,0.85168
3411,0.85168
3412,0.85168
3413,0.85168
3414,0.85168
3415,0.85168
3416,0.85168
3417,0.854101
3418,0.854101
3419,0.854101
3420,0.854101
3421,0.854101
3422,0.854101
3423,0.854101
3424,0.854101
3425,0.854101
3426,0.854101
3427,0.854101
3428,0.854101
3429,0.854101
3430,0.854101
3431,0.853388
3432,0.853388
3433,0.853388
3434,0.853388
3435,0.853388
3436,0.853388
3437,0.853388
3438,0.853388
3439,0.853388
3440,0.853388
3441,0.853388
3442,0.853388
3443,0.853388
3444,0.853388
3445,0.860414
3446,0.860414
3447,0.860414
3448,0.860414
3449,0.860414
3450,0.860414
3451,0.860414
3452,0.860414
3453,0.860414
3454,0.860414
3455,0.860414
3456,0.860414
3457,0.860414
3458,0.860414
3459,0.860262
3460,0.860262
3461,0.860262
3462,0.860262
3463,0.860262
3464,0.860262
3465,0.860262
3466,0.860262
3467,0.860262
3468,0.860262
3469,0.860262
3470,0.860262
3471,0.860262
3472,0.860262
3473,0.860928
3474,0.860928
3475,0.860928
3476,0.860928
3477,0.860928
3478,0.860928
3479,0.860928
3480,0.860928
3481,0.860928
3482,0.860928
3483,0.860928
3484,0.860928
3485,0.860928
3486,0.860928
3487,0.861261
3488,0.861261
3489,0.861261
3490,0.861261
3491,0.861261
3492,0.861261
3493,0.861261
3494,0.861261
3495,0.861261
3496,0.861261
3497,0.861261
3498,0.861261
3499,0.861261
3500,0.861261
3501,0.86023
3502,0.86023
3503,0.86023
3504,0.86023
3505,0.86023
3506,0.86023
3507,0.86023
3508,0.86023
3509,0.86023
3510,0.86023
3511,0.86023
3512,0.86023
3513,0.86023
3514,0.86023
3515,0.860038
3516,0.860038
3517,0.860038
3518,0.860038
3519,0.860038
3520,0.860038
3521,0.860038
3522,0.860038
3523,0.860038
3524,0.860038
3525,0.860038
3526,0.860038
3527,0.860038
3528,0.860038
3529,0.859533
3530,0.859533
3531,0.859533
3532,0.859533
3533,0.859533
3534,0.859533
3535,0.859533
3536,0.859533
3537,0.859533
3538,0.859533
3539,0.859533
3540,0.859533
3541,0.859533
3542,0.859533
3543,0.858577
3544,0.858577
3545,0.858577
3546,0.858577
3547,0.858577
3548,0.858577
3549,0.858577
3550,0.858577
3551,0.858577
3552,0.858577
3553,0.858577
3554,0.858577
3555,0.858577
3556,0.858577
3557,0.857965
3558,0.857965
3559,0.857965
3560,0.857965
3561,0.857965
3562,0.857965
3563,0.857965
3564,0.857965
3565,0.857965
3566,0.857965
3567,0.857965
3568,0.857965
3569,0.857965
3570,0.857965
3571,0.859568
3572,0.859568
3573,0.859568
3574,0.859568
3575,0.859568
3576,0.859568
3577,0.859568
3578,0.859568
3579,0.859568
3580,0.859568
3581,0.859568
3582,0.859568
3583,0.859568
3584,0.859568
3585,0.859411
3586,0.859411
3587,0.859411
3588,0.859411
3589,0.859411
3590,0.859411
3591,0.859411
3592,0.859411
3593,0.859411
3594,0.859411
3595,0.859411
3596,0.859411
3597,0.859411
3598,0.859411
3599,0.858878
3600,0.858878
3601,0.858878
3602,0.858878
3603,0.858878
3604,0.858878
3605,0.858878
3606,0.858878
3607,0.858878
3608,0.858878
3609,0.858878
3610,0.858878
3611,0.858878
3612,0.858878
3613,0.860175
3614,0.860175
3615,0.860175
3616,0.860175
3617,0.860175
3618,0.860175
3619,0.860175
3620,0.860175
3621,0.860175
3622,0.860175
3623,0.860175
3624,0.860175
3625,0.860175
3626,0.860175
3627,0.864212
3628,0.864212
3629,0.864212
3630,0.864212
3631,0.864212
3632,0.864212
3633,0.864212
3634,0.864212
3635,0.864212
3636,0.864212
3637,0.864212
3638,0.864212
3639,0.864212
3640,0.864212
3641,0.860798
3642,0.860798
3643,0.860798
3644,0.860798
3645,0.860798
3646,0.860798
3647,0.860798
3648,0.860798
3649,0.860798
3650,0.860798
3651,0.860798
3652,0.860798
3653,0.860798
3654,0.860798
3655,0.859062
3656,0.859062
3657,0.859062
3658,0.859062
3659,0.859062
3660,0.859062
3661,0.859062
3662,0.859062
3663,0.859062
3664,0.859062
3665,0.859062
3666,0.859062
3667,0.859062
3668,0.859062
3669,0.858972
3670,0.858972
3671,0.858972
3672,0.858972
3673,0.858972
3674,0.858972
3675,0.858972
3676,0.858972
3677,0.858972
3678,0.858972
3679,0.858972
3680,0.858972
3681,0.858972
3682,0.858972
3683,0.861429
3684,0.861429
3685,0.861429
3686,0.861429
3687,0.861429
3688,0.861429
3689,0.861429
3690,0.861429
3691,0.861429
3692,0.861429
3693,0.861429
3694,0.861429
3695,0.861429
3696,0.861429
3697,0.861343
3698,0.861343
3699,0.861343
3700,0.861343
3701,0.861343
3702,0.861343
3703,0.861343
3704,0.861343
3705,0.861343
3706,0.861343
3707,0.861343
3708,0.861343
3709,0.861343
3710,0.861343
3711,0.860485
3712,0.860485
3713,0.860485
3714,0.860485
3715,0.860485
3716,0.860485
3717,0.860485
3718,0.860485
3719,0.860485
3720,0.860485
3721,0.860485
3722,0.860485
3723,0.860485
3724,0.860485
3725,0.857013
3726,0.857013
3727,0.857013
3728,0.857013
3729,0.857013
3730,0.857013
3731,0.857013
3732,0.857013
3733,0.857013
3734,0.857013
3735,0.857013
3736,0.857013
3737,0.857013
3738,0.857013
3739,0.855861
3740,0.855861
3741,0.855861
3742,0.855861
3743,0.855861
3744,0.855861
3745,0.855861
3746,0.855861
3747,0.855861
3748,0.855861
3749,0.855861
3750,0.855861
3751,0.855861
3752,0.855861
3753,0.854395
3754,0.854395
3755,0.854395
3756,0.854395
3757,0.854395
3758,0.854395
3759,0.854395
3760,0.854395
3761,0.854395
3762,0.854395
3763,0.854395
3764,0.854395
3765,0.854395
3766,0.854395
3767,0.848333
3768,0.848333
3769,0.848333
3770,0.848333
3771,0.848333
3772,0.848333
3773,0.848333
3774,0.848333
3775,0.848333
3776,0.848333
3777,0.848333
3778,0.848333
3779,0.848333
3780,0.848333
3781,0.853094
3782,0.853094
3783,0.853094
3784,0.853094
3785,0.853094
3786,0.853094
3787,0.853094
3788,0.853094
3789,0.853094
3790,0.853094
3791,0.853094
3792,0.853094
3793,0.853094
3794,0.853094
3795,0.853486
3796,0.853486
3797,0.853486
3798,0.853486
3799,0.853486
3800,0.853486
3801,0.853486
3802,0.853486
3803,0.853486
3804,0.853486
3805,0.853486
3806,0.853486
3807,0.853486
3808,0.853486
3809,0.850696
3810,0.850696
3811,0.850696
3812,0.850696
3813,0.850696
3814,0.850696
3815,0.850696
3816,0.850696
3817,0.850696
3818,0.850696
3819,0.850696
3820,0.850696
3821,0.850696
3822,0.850696
3823,0.859972
3824,0.859972
3825,0.859972
3826,0.859972
3827,0.859972
3828,0.859972
3829,0.859972
3830,0.859972
3831,0.859972
3832,0.859972
3833,0.859972
3834,0.859972
3835,0.859972
3836,0.859972
3837,0.860559
3838,0.860559
3839,0.860559
3840,0.860559
3841,0.860559
3842,0.860559
3843,0.860559
3844,0.860559
3845,0.860559
3846,0.860559
3847,0.860559
3848,0.860559
3849,0.860559
3850,0.860559
3851,0.859721
3852,0.859721
3853,0.859721
3854,0.859721
3855,0.859721
3856,0.859721
3857,0.859721
3858,0.859721
3859,0.859721
3860,0.859721
3861,0.859721
3862,0.859721
3863,0.859721
3864,0.859721
3865,0.858898
3866,0.858898
3867,0.858898
3868,0.858898
3869,0.858898
3870,0.858898
3871,0.858898
3872,0.858898
3873,0.858898
3874,0.858898
3875,0.858898
3876,0.858898
3877,0.858898
3878,0.858898
3879,0.861547
3880,0.861547
3881,0.861547
3882,0.861547
3883,0.861547
3884,0.861547
3885,0.861547
3886,0.861547
3887,0.861547
3888,0.861547
3889,0.861547
3890,0.861547
3891,0.861547
3892,0.861547
3893,0.860168
3894,0.860168
3895,0.860168
3896,0.860168
3897,0.860168
3898,0.860168
3899,0.860168
3900,0.860168
3901,0.860168
3902,0.860168
3903,0.860168
3904,0.860168
3905,0.860168
3906,0.860168
3907,0.860144
3908,0.860144
3909,0.860144
3910,0.860144
3911,0.860144
3912,0.860144
3913,0.860144
3914,0.860144
3915,0.860144
3916,0.860144
3917,0.860144
3918,0.860144
3919,0.860144
3920,0.860144
3921,0.859717
3922,0.859717
3923,0.859717
3924,0.859717
3925,0.859717
3926,0.859717
3927,0.859717
3928,0.859717
3929,0.859717
3930,0.859717
3931,0.859717
3932,0.859717
3933,0.859717
3934,0.859717
3935,0.859513
3936,0.859513
3937,0.859513
3938,0.859513
3939,0.859513
3940,0.859513
3941,0.859513
3942,0.859513
3943,0.859513
3944,0.859513
3945,0.859513
3946,0.859513
3947,0.859513
3948,0.859513
3949,0.861324
3950,0.861324
3951,0.861324
3952,0.861324
3953,0.861324
3954,0.861324
3955,0.861324
3956,0.861324
3957,0.861324
3958,0.861324
3959,0.861324
3960,0.861324
3961,0.861324
3962,0.861324
3963,0.859266
3964,0.859266
3965,0.859266
3966,0.859266
3967,0.859266
3968,0.859266
3969,0.859266
3970,0.859266
3971,0.859266
3972,0.859266
3973,0.859266
3974,0.859266
3975,0.859266
3976,0.859266
3977,0.86157
3978,0.86157
3979,0.86157
3980,0.86157
3981,0.86157
3982,0.86157
3983,0.86157
3984,0.86157
3985,0.86157
3986,0.86157
3987,0.86157
3988,0.86157
3989,0.86157
3990,0.86157
3991,0.860638
3992,0.860638
3993,0.860638
3994,0.860638
3995,0.860638
3996,0.860638
3997,0.860638
3998,0.860638
3999,0.860638
4000,0.860638
4001,0.860638
4002,0.860638
4003,0.860638
4004,0.860638
4005,0.860677
4006,0.860677
4007,0.860677
4008,0.860677
4009,0.860677
4010,0.860677
4011,0.860677
4012,0.860677
4013,0.860677
4014,0.860677
4015,0.860677
4016,0.860677
4017,0.860677
4018,0.860677
4019,0.860591
4020,0.860591
4021,0.860591
4022,0.860591
4023,0.860591
4024,0.860591
4025,0.860591
4026,0.860591
4027,0.860591
4028,0.860591
4029,0.860591
4030,0.860591
4031,0.860591
4032,0.860591
4033,0.857957
4034,0.857957
4035,0.857957
4036,0.857957
4037,0.857957
4038,0.857957
4039,0.857957
4040,0.857957
4041,0.857957
4042,0.857957
4043,0.857957
4044,0.857957
4045,0.857957
4046,0.857957
4047,0.861038
4048,0.861038
4049,0.861038
4050,0.861038
4051,0.861038
4052,0.861038
4053,0.861038
4054,0.861038
4055,0.861038
4056,0.861038
4057,0.861038
4058,0.861038
4059,0.861038
4060,0.861038
4061,0.860136
4062,0.860136
4063,0.860136
4064,0.860136
4065,0.860136
4066,0.860136
4067,0.860136
4068,0.860136
4069,0.860136
4070,0.860136
4071,0.860136
4072,0.860136
4073,0.860136
4074,0.860136
4075,0.860595
4076,0.860595
4077,0.860595
4078,0.860595
4079,0.860595
4080,0.860595
4081,0.860595
4082,0.860595
4083,0.860595
4084,0.860595
4085,0.860595
4086,0.860595
4087,0.860595
4088,0.860595
4089,0.860175
4090,0.860175
4091,0.860175
4092,0.860175
4093,0.860175
4094,0.860175
4095,0.860175
4096,0.860175
4097,0.860175
4098,0.860175
4099,0.860175
4100,0.860175
4101,0.860175
4102,0.860175
4103,0.860657
4104,0.860657
4105,0.860657
4106,0.860657
4107,0.860657
4108,0.860657
4109,0.860657
4110,0.860657
4111,0.860657
4112,0.860657
4113,0.860657
4114,0.860657
4115,0.860657
4116,0.860657
4117,0.858804
4118,0.858804
4119,0.858804
4120,0.858804
4121,0.858804
4122,0.858804
4123,0.858804
4124,0.858804
4125,0.858804
4126,0.858804
4127,0.858804
4128,0.858804
4129,0.858804
4130,0.858804
4131,0.858843
4132,0.858843
4133,0.858843
4134,0.858843
4135,0.858843
4136,0.858843
4137,0.858843
4138,0.858843
4139,0.858843
4140,0.858843
4141,0.858843
4142,0.858843
4143,0.858843
4144,0.858843
4145,0.858753
4146,0.858753
4147,0.858753
4148,0.858753
4149,0.858753
4150,0.858753
4151,0.858753
4152,0.858753
4153,0.858753
4154,0.858753
4155,0.858753
4156,0.858753
4157,0.858753
4158,0.858753
4159,0.855786
4160,0.855786
4161,0.855786
4162,0.855786
4163,0.855786
4164,0.855786
4165,0.855786
4166,0.855786
4167,0.855786
4168,0.855786
4169,0.855786
4170,0.855786
4171,0.855786
4172,0.855786
4173,0.850653
4174,0.850653
4175,0.850653
4176,0.850653
4177,0.850653
4178,0.850653
4179,0.850653
4180,0.850653
4181,0.850653
4182,0.850653
4183,0.850653
4184,0.850653
4185,0.850653
4186,0.850653
4187,0.857765
4188,0.857765
4189,0.857765
4190,0.857765
4191,0.857765
4192,0.857765
4193,0.857765
4194,0.857765
4195,0.857765
4196,0.857765
4197,0.857765
4198,0.857765
4199,0.857765
4200,0.857765
4201,0.872641
4202,0.872641
4203,0.872641
4204,0.872641
4205,0.872641
4206,0.872641
4207,0.872641
4208,0.872641
4209,0.872641
4210,0.872641
4211,0.872641
4212,0.872641
4213,0.872641
4214,0.872641
4215,0.86188
4216,0.86188
4217,0.86188
4218,0.86188
4219,0.86188
4220,0.86188
4221,0.86188
4222,0.86188
4223,0.86188
4224,0.86188
4225,0.86188
4226,0.86188
4227,0.86188
4228,0.86188
4229,0.881568
4230,0.881568
4231,0.881568
4232,0.881568
4233,0.881568
4234,0.881568
4235,0.881568
4236,0.881568
4237,0.881568
4238,0.881568
4239,0.881568
4240,0.881568
4241,0.881568
4242,0.881568
4243,0.899661
4244,0.899661
4245,0.899661
4246,0.899661
4247,0.899661
4248,0.899661
4249,0.899661
4250,0.899661
4251,0.899661
4252,0.899661
4253,0.899661
4254,0.899661
4255,0.899661
4256,0.899661
4257,0.879812
4258,0.879812
4259,0.879812
4260,0.879812
4261,0.879812
4262,0.879812
4263,0.879812
4264,0.879812
4265,0.879812
4266,0.879812
4267,0.879812
4268,0.879812
4269,0.879812
4270,0.879812
4271,0.876748
4272,0.876748
4273,0.876748
4274,0.876748
4275,0.876748
4276,0.876748
4277,0.876748
4278,0.876748
4279,0.876748
4280,0.876748
4281,0.876748
4282,0.876748
4283,0.876748
4284,0.876748
4285,0.903462
4286,0.903462
4287,0.903462
4288,0.903462
4289,0.903462
4290,0.903462
4291,0.903462
4292,0.903462
4293,0.903462
4294,0.903462
4295,0.903462
4296,0.903462
4297,0.903462
4298,0.903462
4299,0.900127
4300,0.900127
4301,0.900127
4302,0.900127
4303,0.900127
4304,0.900127
4305,0.900127
4306,0.900127
4307,0.900127
4308,0.900127
4309,0.900127
4310,0.900127
4311,0.900127
4312,0.900127
4313,0.891169
4314,0.891169
4315,0.891169
4316,0.891169
4317,0.891169
4318,0.891169
4319,0.891169
4320,0.891169
4321,0.891169
4322,0.891169
4323,0.891169
4324,0.891169
4325,0.891169
4326,0.891169
4327,0.863487
4328,0.863487
4329,0.863487
4330,0.863487
4331,0.863487
4332,0.863487
4333,0.863487
4334,0.863487
4335,0.863487
4336,0.863487
4337,0.863487
4338,0.863487
4339,0.863487
4340,0.863487
4341,0.847961
4342,0.847961
4343,0.847961
4344,0.847961
4345,0.847961
4346,0.847961
4347,0.847961
4348,0.847961
4349,0.847961
4350,0.847961
4351,0.847961
4352,0.847961
4353,0.847961
4354,0.847961
4355,0.823163
4356,0.823163
4357,0.823163
4358,0.823163
4359,0.823163
4360,0.823163
4361,0.823163
4362,0.823163
4363,0.823163
4364,0.823163
4365,0.823163
4366,0.823163
4367,0.823163
4368,0.823163
4369,0.843403
4370,0.843403
4371,0.843403
4372,0.843403
4373,0.843403
4374,0.843403
4375,0.843403
4376,0.843403
4377,0.843403
4378,0.843403
4379,0.843403
4380,0.843403
4381,0.843403
4382,0.843403
4383,0.859019
4384,0.859019
4385,0.859019
4386,0.859019
4387,0.859019
4388,0.859019
4389,0.859019
4390,0.859019
4391,0.859019
4392,0.859019
4393,0.859019
4394,0.859019
4395,0.859019
4396,0.859019
4397,0.854497
4398,0.854497
4399,0.854497
4400,0.854497
4401,0.854497
4402,0.854497
4403,0.854497
4404,0.854497
4405,0.854497
4406,0.854497
4407,0.854497
4408,0.854497
4409,0.854497
4410,0.854497
4411,0.78262
4412,0.78262
4413,0.78262
4414,0.78262
4415,0.78262
4416,0.78262
4417,0.78262
4418,0.78262
4419,0.78262
4420,0.78262
4421,0.78262
4422,0.78262
4423,0.78262
4424,0.78262
4425,0.847941
4426,0.847941
4427,0.847941
4428,0.847941
4429,0.847941
4430,0.847941
4431,0.847941
4432,0.847941
4433,0.847941
4434,0.847941
4435,0.847941
4436,0.847941
4437,0.847941
4438,0.847941
4439,0.810933
4440,0.810933
4441,0.810933
4442,0.810933
4443,0.810933
4444,0.810933
4445,0.810933
4446,0.810933
4447,0.810933
4448,0.810933
4449,0.810933
4450,0.810933
4451,0.810933
4452,0.810933
4453,0.777274
4454,0.777274
4455,0.777274
4456,0.777274
4457,0.777274
4458,0.777274
4459,0.777274
4460,0.777274
4461,0.777274
4462,0.777274
4463,0.777274
4464,0.777274
4465,0.777274
4466,0.777274
4467,0.72849
4468,0.72849
4469,0.72849
4470,0.72849
4471,0.72849
4472,0.72849
4473,0.72849
4474,0.72849
4475,0.72849
4476,0.72849
4477,0.72849
4478,0.72849
4479,0.72849
4480,0.72849
4481,0.736484
4482,0.736484
4483,0.736484
4484,0.736484
4485,0.736484
4486,0.736484
4487,0.736484
4488,0.736484
4489,0.736484
4490,0.736484
4491,0.736484
4492,0.736484
4493,0.736484
4494,0.736484
4495,0.750008
4496,0.750008
4497,0.750008
4498,0.750008
4499,0.750008
4500,0.750008
4501,0.750008
4502,0.750008
4503,0.750008
4504,0.750008
4505,0.750008
4506,0.750008
4507,0.750008
4508,0.750008
4509,0.845982
4510,0.845982
4511,0.845982
4512,0.845982
4513,0.845982
4514,0.845982
4515,0.845982
4516,0.845982
4517,0.845982
4518,0.845982
4519,0.845982
4520,0.845982
4521,0.845982
4522,0.845982
4523,0.900821
4524,0.900821
4525,0.900821
4526,0.900821
4527,0.900821
4528,0.900821
4529,0.900821
4530,0.900821
4531,0.900821
4532,0.900821
4533,0.900821
4534,0.900821
4535,0.900821
4536,0.900821
4537,0.896729
4538,0.896729
4539,0.896729
4540,0.896729
4541,0.896729
4542,0.896729
4543,0.896729
4544,0.896729
4545,0.896729
4546,0.896729
4547,0.896729
4548,0.896729
4549,0.896729
4550,0.896729
4551,0.881145
4552,0.881145
4553,0.881145
4554,0.881145
4555,0.881145
4556,0.881145
4557,0.881145
4558,0.881145
4559,0.881145
4560,0.881145
4561,0.881145
4562,0.881145
4563,0.881145
4564,0.881145
4565,0.835095
4566,0.835095
4567,0.835095
4568,0.835095
4569,0.835095
4570,0.835095
4571,0.835095
4572,0.835095
4573,0.835095
4574,0.835095
4575,0.835095
4576,0.835095
4577,0.835095
4578,0.835095
4579,0.82506
4580,0.82506
4581,0.82506
4582,0.82506
4583,0.82506
4584,0.82506
4585,0.82506
4586,0.82506
4587,0.82506
4588,0.82506
4589,0.82506
4590,0.82506
4591,0.82506
4592,0.82506
4593,0.822798
4594,0.822798
4595,0.822798
4596,0.822798
4597,0.822798
4598,0.822798
4599,0.822798
4600,0.822798
4601,0.822798
4602,0.822798
4603,0.822798
4604,0.822798
4605,0.822798
4606,0.822798
4607,0.814177
4608,0.814177
4609,0.814177
4610,0.814177
4611,0.814177
4612,0.814177
4613,0.814177
4614,0.814177
4615,0.814177
4616,0.814177
4617,0.814177
4618,0.814177
4619,0.814177
4620,0.814177
4621,0.83265
4622,0.83265
4623,0.83265
4624,0.83265
4625,0.83265
4626,0.83265
4627,0.83265
4628,0.83265
4629,0.83265
4630,0.83265
4631,0.83265
4632,0.83265
4633,0.83265
4634,0.83265
4635,0.775723
4636,0.775723
4637,0.775723
4638,0.775723
4639,0.775723
4640,0.775723
4641,0.775723
4642,0.775723
4643,0.775723
4644,0.775723
4645,0.775723
4646,0.775723
4647,0.775723
4648,0.775723
4649,0.802119
4650,0.802119
4651,0.802119
4652,0.802119
4653,0.802119
4654,0.802119
4655,0.802119
4656,0.802119
4657,0.802119
4658,0.802119
4659,0.802119
4660,0.802119
4661,0.802119
4662,0.802119
4663,0.839849
4664,0.839849
4665,0.839849
4666,0.839849
4667,0.839849
4668,0.839849
4669,0.839849
4670,0.839849
4671,0.839849
4672,0.839849
4673,0.839849
4674,0.839849
4675,0.839849
4676,0.839849
4677,0.80413
4678,0.80413
4679,0.80413
4680,0.80413
4681,0.80413
4682,0.80413
4683,0.80413
4684,0.80413
4685,0.80413
4686,0.80413
4687,0.80413
4688,0.80413
4689,0.80413
4690,0.80413
4691,0.685004
4692,0.685004
4693,0.685004
4694,0.685004
4695,0.685004
4696,0.685004
4697,0.685004
4698,0.685004
4699,0.685004
4700,0.685004
4701,0.685004
4702,0.685004
4703,0.685004
4704,0.685004
4705,0.712792
4706,0.712792
4707,0.712792
4708,0.712792
4709,0.712792
4710,0.712792
4711,0.712792
4712,0.712792
4713,0.712792
4714,0.712792
4715,0.712792
4716,0.712792
4717,0.712792
4718,0.712792
4719,0.789705
4720,0.789705
4721,0.789705
4722,0.789705
4723,0.789705
4724,0.789705
4725,0.789705
4726,0.789705
4727,0.789705
4728,0.789705
4729,0.789705
4730,0.789705
4731,0.789705
4732,0.789705
4733,0.836918
4734,0.836918
4735,0.836918
4736,0.836918
4737,0.836918
4738,0.836918
4739,0.836918
4740,0.836918
4741,0.836918
4742,0.836918
4743,0.836918
4744,0.836918
4745,0.836918
4746,0.836918
4747,0.822164
4748,0.822164
4749,0.822164
4750,0.822164
4751,0.822164
4752,0.822164
4753,0.822164
4754,0.822164
4755,0.822164
4756,0.822164
4757,0.822164
4758,0.822164
4759,0.822164
4760,0.822164
4761,0.457548
4762,0.457548
4763,0.457548
4764,0.457548
4765,0.457548
4766,0.457548
4767,0.457548
4768,0.457548
4769,0.457548
4770,0.457548
4771,0.457548
4772,0.457548
4773,0.457548
4774,0.457548
4775,0.328226
4776,0.328226
4777,0.328226
4778,0.328226
4779,0.328226
4780,0.328226
4781,0.328226
4782,0.328226
4783,0.328226
4784,0.328226
4785,0.328226
4786,0.328226
4787,0.328226
4788,0.328226
4789,0.252242
4790,0.252242
4791,0.252242
4792,0.252242
4793,0.252242
4794,0.252242
4795,0.252242
4796,0.252242
4797,0.252242
4798,0.252242
4799,0.252242
4800,0.252242
4801,0.252242
4802,0.252242
4803,0.186959
4804,0.186959
4805,0.186959
4806,0.186959
4807,0.186959
4808,0.186959
4809,0.186959
4810,0.186959
4811,0.186959
4812,0.186959
4813,0.186959
4814,0.186959
4815,0.186959
4816,0.186959
4817,0.172585
4818,0.172585
4819,0.172585
4820,0.172585
4821,0.172585
4822,0.172585
4823,0.172585
4824,0.172585
4825,0.172585
4826,0.172585
4827,0.172585
4828,0.172585
4829,0.172585
4830,0.172585
4831,0.157663
4832,0.157663
4833,0.157663
4834,0.157663
4835,0.157663
4836,0.157663
4837,0.157663
4838,0.157663
4839,0.157663
4840,0.157663
4841,0.157663
4842,0.157663
4843,0.157663
4844,0.157663
4845,0.156401
4846,0.156401
4847,0.156401
4848,0.156401
4849,0.156401
4850,0.156401
4851,0.156401
4852,0.156401
4853,0.156401
4854,0.156401
4855,0.156401
4856,0.156401
4857,0.156401
4858,0.156401
4859,0.156342
4860,0.156342
4861,0.156342
4862,0.156342
4863,0.156342
4864,0.156342
4865,0.156342
4866,0.156342
4867,0.156342
4868,0.156342
4869,0.156342
4870,0.156342
4871,0.156342
4872,0.156342
4873,0.156221
4874,0.156221
4875,0.156221
4876,0.156221
4877,0.156221
4878,0.156221
4879,0.156221
4880,0.156221
4881,0.156221
4882,0.156221
4883,0.156221
4884,0.156221
4885,0.156221
4886,0.156221
4887,0.153666
4888,0.153666
4889,0.153666
4890,0.153666
4891,0.153666
4892,0.153666
4893,0.153666
4894,0.153666
4895,0.153666
4896,0.153666
4897,0.153666
4898,0.153666
4899,0.153666
4900,0.153666
4901,0.153203
4902,0.153203
4903,0.153203
4904,0.153203
4905,0.153203
4906,0.153203
4907,0.153203
4908,0.153203
4909,0.153203
4910,0.153203
4911,0.153203
4912,0.153203
4913,0.153203
4914,0.153203
4915,0.154218
4916,0.154218
4917,0.154218
4918,0.154218
4919,0.154218
4920,0.154218
4921,0.154218
4922,0.154218
4923,0.154218
4924,0.154218
4925,0.154218
4926,0.154218
4927,0.154218
4928,0.154218
4929,0.26573
4930,0.26573
4931,0.26573
4932,0.26573
4933,0.26573
4934,0.26573
4935,0.26573
4936,0.26573
4937,0.26573
4938,0.26573
4939,0.26573
4940,0.26573
4941,0.26573
4942,0.26573
4943,0.456153
4944,0.456153
4945,0.456153
4946,0.456153
4947,0.456153
4948,0.456153
4949,0.456153
4950,0.456153
4951,0.456153
4952,0.456153
4953,0.456153
4954,0.456153
4955,0.456153
4956,0.456153
4957,0.404908
4958,0.404908
4959,0.404908
4960,0.404908
4961,0.404908
4962,0.404908
4963,0.404908
4964,0.404908
4965,0.404908
4966,0.404908
4967,0.404908
4968,0.404908
4969,0.404908
4970,0.404908
4971,0.251172
4972,0.251172
4973,0.251172
4974,0.251172
4975,0.251172
4976,0.251172
4977,0.251172
4978,0.251172
4979,0.251172
4980,0.251172
4981,0.251172
4982,0.251172
4983,0.251172
4984,0.251172
4985,0.311074
4986,0.311074
4987,0.311074
4988,0.311074
4989,0.311074
4990,0.311074
4991,0.311074
4992,0.311074
4993,0.311074
4994,0.311074
4995,0.311074
4996,0.311074
4997,0.311074
4998,0.311074
4999,0.247073
5000,0.247073
5001,0.247073
5002,0.247073
5003,0.247073
5004,0.247073
5005,0.247073
5006,0.247073
5007,0.247073
5008,0.247073
5009,0.247073
5010,0.247073
5011,0.247073
5012,0.247073
5013,0.225861
5014,0.225861
5015,0.225861
5016,0.225861
5017,0.225861
5018,0.225861
5019,0.225861
5020,0.225861
5021,0.225861
5022,0.225861
5023,0.225861
5024,0.225861
5025,0.225861
5026,0.225861
5027,0.209233
5028,0.209233
5029,0.209233
5030,0.209233
5031,0.209233
5032,0.209233
5033,0.209233
5034,0.209233
5035,0.209233
5036,0.209233
5037,0.209233
5038,0.209233
5039,0.209233
5040,0.209233
5041,0.177225
5042,0.177225
5043,0.177225
5044,0.177225
5045,0.177225
5046,0.177225
5047,0.177225
5048,0.177225
5049,0.177225
5050,0.177225
5051,0.177225
5052,0.177225
5053,0.177225
5054,0.177225
5055,0.219065
5056,0.219065
5057,0.219065
5058,0.219065
5059,0.219065
5060,0.219065
5061,0.219065
5062,0.219065
5063,0.219065
5064,0.219065
5065,0.219065
5066,0.219065
5067,0.219065
5068,0.219065
5069,0.397979
5070,0.397979
5071,0.397979
5072,0.397979
5073,0.397979
5074,0.397979
5075,0.397979
5076,0.397979
5077,0.397979
5078,0.397979
5079,0.397979
5080,0.397979
5081,0.397979
5082,0.397979
5083,0.562096
5084,0.562096
5085,0.562096
5086,0.562096
5087,0.562096
5088,0.562096
5089,0.562096
5090,0.562096
5091,0.562096
5092,0.562096
5093,0.562096
5094,0.562096
5095,0.562096
5096,0.562096
5097,0.330804
5098,0.330804
5099,0.330804
5100,0.330804
5101,0.330804
5102,0.330804
5103,0.330804
5104,0.330804
5105,0.330804
5106,0.330804
5107,0.330804
5108,0.330804
5109,0.330804
5110,0.330804
5111,0.19292
5112,0.19292
5113,0.19292
5114,0.19292
5115,0.19292
5116,0.19292
5117,0.19292
5118,0.19292
5119,0.19292
5120,0.19292
5121,0.19292
5122,0.19292
5123,0.19292
5124,0.19292
5125,0.166688
5126,0.166688
5127,0.166688
5128,0.166688
5129,0.166688
5130,0.166688
5131,0.166688
5132,0.166688
5133,0.166688
5134,0.166688
5135,0.166688
5136,0.166688
5137,0.166688
5138,0.166688
5139,0.131536
5140,0.131536
5141,0.131536
5142,0.131536
5143,0.131536
5144,0.131536
5145,0.131536
5146,0.131536
5147,0.131536
5148,0.131536
5149,0.131536
5150,0.131536
5151,0.131536
5152,0.131536
5153,0.132422
5154,0.132422
5155,0.132422
5156,0.132422
5157,0.132422
5158,0.132422
5159,0.132422
5160,0.132422
5161,0.132422
5162,0.132422
5163,0.132422
5164,0.132422
5165,0.132422
5166,0.132422
5167,0.13281
5168,0.13281
5169,0.13281
5170,0.13281
5171,0.13281
5172,0.13281
5173,0.13281
5174,0.13281
5175,0.13281
5176,0.13281
5177,0.13281
5178,0.13281
5179,0.13281
5180,0.13281
5181,0.133159
5182,0.133159
5183,0.133159
5184,0.133159
5185,0.133159
5186,0.133159
5187,0.133159
5188,0.133159
5189,0.133159
5190,0.133159
5191,0.133159
5192,0.133159
5193,0.133159
5194,0.133159
5195,0.132324
5196,0.132324
5197,0.132324
5198,0.132324
5199,0.132324
5200,0.132324
5201,0.132324
5202,0.132324
5203,0.132324
5204,0.132324
5205,0.132324
5206,0.132324
5207,0.132324
5208,0.132324
5209,0.133163
5210,0.133163
5211,0.133163
5212,0.133163
5213,0.133163
5214,0.133163
5215,0.133163
5216,0.133163
5217,0.133163
5218,0.133163
5219,0.133163
5220,0.133163
5221,0.133163
5222,0.133163
5223,0.132328
5224,0.132328
5225,0.132328
5226,0.132328
5227,0.132328
5228,0.132328
5229,0.132328
5230,0.132328
5231,0.132328
5232,0.132328
5233,0.132328
5234,0.132328
5235,0.132328
5236,0.132328
5237,0.132888
5238,0.132888
5239,0.132888
5240,0.132888
5241,0.132888
5242,0.132888
5243,0.132888
5244,0.132888
5245,0.132888
5246,0.132888
5247,0.132888
5248,0.132888
5249,0.132888
5250,0.132888
5251,0.130784
5252,0.130784
5253,0.130784
5254,0.130784
5255,0.130784
5256,0.130784
5257,0.130784
5258,0.130784
5259,0.130784
5260,0.130784
5261,0.130784
5262,0.130784
5263,0.130784
5264,0.130784
5265,0.190086
5266,0.190086
5267,0.190086
5268,0.190086
5269,0.190086
5270,0.190086
5271,0.190086
5272,0.190086
5273,0.190086
5274,0.190086
5275,0.190086
5276,0.190086
5277,0.190086
5278,0.190086
5279,0.306159
5280,0.306159
5281,0.306159
5282,0.306159
5283,0.306159
5284,0.306159
5285,0.306159
5286,0.306159
5287,0.306159
5288,0.306159
5289,0.306159
5290,0.306159
5291,0.306159
5292,0.306159
5293,0.3077
5294,0.3077
5295,0.3077
5296,0.3077
5297,0.3077
5298,0.3077
5299,0.3077
5300,0.3077
5301,0.3077
5302,0.3077
5303,0.3077
5304,0.3077
5305,0.3077
5306,0.3077
5307,0.496732
5308,0.496732
5309,0.496732
5310,0.496732
5311,0.496732
5312,0.496732
5313,0.496732
5314,0.496732
5315,0.496732
5316,0.496732
5317,0.496732
5318,0.496732
5319,0.496732
5320,0.496732
5321,0.616794
5322,0.616794
5323,0.616794
5324,0.616794
5325,0.616794
5326,0.616794
5327,0.616794
5328,0.616794
5329,0.616794
5330,0.616794
5331,0.616794
5332,0.616794
5333,0.616794
5334,0.616794
5335,0.588822
5336,0.588822
5337,0.588822
5338,0.588822
5339,0.588822
5340,0.588822
5341,0.588822
5342,0.588822
5343,0.588822
5344,0.588822
5345,0.588822
5346,0.588822
5347,0.588822
5348,0.588822
5349,0.552158
5350,0.552158
5351,0.552158
5352,0.552158
5353,0.552158
5354,0.552158
5355,0.552158
5356,0.552158
5357,0.552158
5358,0.552158
5359,0.552158
5360,0.552158
5361,0.552158
5362,0.552158
5363,0.541284
5364,0.541284
5365,0.541284
5366,0.541284
5367,0.541284
5368,0.541284
5369,0.541284
5370,0.541284
5371,0.541284
5372,0.541284
5373,0.541284
5374,0.541284
5375,0.541284
5376,0.541284
5377,0.492351
5378,0.492351
5379,0.492351
5380,0.492351
5381,0.492351
5382,0.492351
5383,0.492351
5384,0.492351
5385,0.492351
5386,0.492351
5387,0.492351
5388,0.492351
5389,0.492351
5390,0.492351
5391,0.446729
5392,0.446729
5393,0.446729
5394,0.446729
5395,0.446729
5396,0.446729
5397,0.446729
5398,0.446729
5399,0.446729
5400,0.446729
5401,0.446729
5402,0.446729
5403,0.446729
5404,0.446729
5405,0.475637
5406,0.475637
5407,0.475637
5408,0.475637
5409,0.475637
5410,0.475637
5411,0.475637
5412,0.475637
5413,0.475637
5414,0.475637
5415,0.475637
5416,0.475637
5417,0.475637
5418,0.475637
5419,0.508033
5420,0.508033
5421,0.508033
5422,0.508033
5423,0.508033
5424,0.508033
5425,0.508033
5426,0.508033
5427,0.508033
5428,0.508033
5429,0.508033
5430,0.508033
5431,0.508033
5432,0.508033
5433,0.54436
5434,0.54436
5435,0.54436
5436,0.54436
5437,0.54436
5438,0.54436
5439,0.54436
5440,0.54436
5441,0.54436
5442,0.54436
5443,0.54436
5444,0.54436
5445,0.54436
5446,0.54436
5447,0.569938
5448,0.569938
5449,0.569938
5450,0.569938
5451,0.569938
5452,0.569938
5453,0.569938
5454,0.569938
5455,0.569938
5456,0.569938
5457,0.569938
5458,0.569938
5459,0.569938
5460,0.569938
5461,0.595625
5462,0.595625
5463,0.595625
5464,0.595625
5465,0.595625
5466,0.595625
5467,0.595625
5468,0.595625
5469,0.595625
5470,0.595625
5471,0.595625
5472,0.595625
5473,0.595625
5474,0.595625
5475,0.64238
5476,0.64238
5477,0.64238
5478,0.64238
5479,0.64238
5480,0.64238
5481,0.64238
5482,0.64238
5483,0.64238
5484,0.64238
5485,0.64238
5486,0.64238
5487,0.64238
5488,0.64238
5489,0.650178
5490,0.650178
5491,0.650178
5492,0.650178
5493,0.650178
5494,0.650178
5495,0.650178
5496,0.650178
5497,0.650178
5498,0.650178
5499,0.650178
5500,0.650178
5501,0.650178
5502,0.650178
5503,0.733604
5504,0.733604
5505,0.733604
5506,0.733604
5507,0.733604
5508,0.733604
5509,0.733604
5510,0.733604
5511,0.733604
5512,0.733604
5513,0.733604
5514,0.733604
5515,0.733604
5516,0.733604
5517,0.802738
5518,0.802738
5519,0.802738
5520,0.802738
5521,0.802738
5522,0.802738
5523,0.802738
5524,0.802738
5525,0.802738
5526,0.802738
5527,0.802738
5528,0.802738
5529,0.802738
5530,0.802738
5531,0.825318
5532,0.825318
5533,0.825318
5534,0.825318
5535,0.825318
5536,0.825318
5537,0.825318
5538,0.825318
5539,0.825318
5540,0.825318
5541,0.825318
5542,0.825318
5543,0.825318
5544,0.825318
5545,0.831745
5546,0.831745
5547,0.831745
5548,0.831745
5549,0.831745
5550,0.831745
5551,0.831745
5552,0.831745
5553,0.831745
5554,0.831745
5555,0.831745
5556,0.831745
5557,0.831745
5558,0.831745
5559,0.830295
5560,0.830295
5561,0.830295
5562,0.830295
5563,0.830295
5564,0.830295
5565,0.830295
5566,0.830295
5567,0.830295
5568,0.830295
5569,0.830295
5570,0.830295
5571,0.830295
5572,0.830295
5573,0.819381
5574,0.819381
5575,0.819381
5576,0.819381
5577,0.819381
5578,0.819381
5579,0.819381
5580,0.819381
5581,0.819381
5582,0.819381
5583,0.819381
5584,0.819381
5585,0.819381
5586,0.819381
5587,0.817986
5588,0.817986
5589,0.817986
5590,0.817986
5591,0.817986
5592,0.817986
5593,0.817986
5594,0.817986
5595,0.817986
5596,0.817986
5597,0.817986
5598,0.817986
5599,0.817986
5600,0.817986
5601,0.821948
5602,0.821948
5603,0.821948
5604,0.821948
5605,0.821948
5606,0.821948
5607,0.821948
5608,0.821948
5609,0.821948
5610,0.821948
5611,0.821948
5612,0.821948
5613,0.821948
5614,0.821948
5615,0.818496
5616,0.818496
5617,0.818496
5618,0.818496
5619,0.818496
5620,0.818496
5621,0.818496
5622,0.818496
5623,0.818496
5624,0.818496
5625,0.818496
5626,0.818496
5627,0.818496
5628,0.818496
5629,0.80931
5630,0.80931
5631,0.80931
5632,0.80931
5633,0.80931
5634,0.80931
5635,0.80931
5636,0.80931
5637,0.80931
5638,0.80931
5639,0.80931
5640,0.80931
5641,0.80931
5642,0.80931
5643,0.813299
5644,0.813299
5645,0.813299
5646,0.813299
5647,0.813299
5648,0.813299
5649,0.813299
5650,0.813299
5651,0.813299
5652,0.813299
5653,0.813299
5654,0.813299
5655,0.813299
5656,0.813299
5657,0.808323
5658,0.808323
5659,0.808323
5660,0.808323
5661,0.808323
5662,0.808323
5663,0.808323
5664,0.808323
5665,0.808323
5666,0.808323
5667,0.808323
5668,0.808323
5669,0.808323
5670,0.808323
5671,0.804655
5672,0.804655
5673,0.804655
5674,0.804655
5675,0.804655
5676,0.804655
5677,0.804655
5678,0.804655
5679,0.804655
5680,0.804655
5681,0.804655
5682,0.804655
5683,0.804655
5684,0.804655
5685,0.805485
5686,0.805485
5687,0.805485
5688,0.805485
5689,0.805485
5690,0.805485
5691,0.805485
5692,0.805485
5693,0.805485
5694,0.805485
5695,0.805485
5696,0.805485
5697,0.805485
5698,0.805485
5699,0.810768
5700,0.810768
5701,0.810768
5702,0.810768
5703,0.810768
5704,0.810768
5705,0.810768
5706,0.810768
5707,0.810768
5708,0.810768
5709,0.810768
5710,0.810768
5711,0.810768
5712,0.810768
5713,0.805129
5714,0.805129
5715,0.805129
5716,0.805129
5717,0.805129
5718,0.805129
5719,0.805129
5720,0.805129
5721,0.805129
5722,0.805129
