framenum,queue density
1,0.260933
2,0.260933
3,0.260933
4,0.260933
5,0.260933
6,0.260933
7,0.260933
8,0.260933
9,0.260933
10,0.260933
11,0.260933
12,0.260933
13,0.283842
14,0.283842
15,0.283842
16,0.283842
17,0.283842
18,0.283842
19,0.283842
20,0.283842
21,0.283842
22,0.283842
23,0.283842
24,0.283842
25,0.330942
26,0.330942
27,0.330942
28,0.330942
29,0.330942
30,0.330942
31,0.330942
32,0.330942
33,0.330942
34,0.330942
35,0.330942
36,0.330942
37,0.322301
38,0.322301
39,0.322301
40,0.322301
41,0.322301
42,0.322301
43,0.322301
44,0.322301
45,0.322301
46,0.322301
47,0.322301
48,0.322301
49,0.306026
50,0.306026
51,0.306026
52,0.306026
53,0.306026
54,0.306026
55,0.306026
56,0.306026
57,0.306026
58,0.306026
59,0.306026
60,0.306026
61,0.299427
62,0.299427
63,0.299427
64,0.299427
65,0.299427
66,0.299427
67,0.299427
68,0.299427
69,0.299427
70,0.299427
71,0.299427
72,0.299427
73,0.294309
74,0.294309
75,0.294309
76,0.294309
77,0.294309
78,0.294309
79,0.294309
80,0.294309
81,0.294309
82,0.294309
83,0.294309
84,0.294309
85,0.30978
86,0.30978
87,0.30978
88,0.30978
89,0.30978
90,0.30978
91,0.30978
92,0.30978
93,0.30978
94,0.30978
95,0.30978
96,0.30978
97,0.379926
98,0.379926
99,0.379926
100,0.379926
101,0.379926
102,0.379926
103,0.379926
104,0.379926
105,0.379926
106,0.379926
107,0.379926
108,0.379926
109,0.40769
110,0.40769
111,0.40769
112,0.40769
113,0.40769
114,0.40769
115,0.40769
116,0.40769
117,0.40769
118,0.40769
119,0.40769
120,0.40769
121,0.386611
122,0.386611
123,0.386611
124,0.386611
125,0.386611
126,0.386611
127,0.386611
128,0.386611
129,0.386611
130,0.386611
131,0.386611
132,0.386611
133,0.426461
134,0.426461
135,0.426461
136,0.426461
137,0.426461
138,0.426461
139,0.426461
140,0.426461
141,0.426461
142,0.426461
143,0.426461
144,0.426461
145,0.419874
146,0.419874
147,0.419874
148,0.419874
149,0.419874
150,0.419874
151,0.419874
152,0.419874
153,0.419874
154,0.419874
155,0.419874
156,0.419874
157,0.397603
158,0.397603
159,0.397603
160,0.397603
161,0.397603
162,0.397603
163,0.397603
164,0.397603
165,0.397603
166,0.397603
167,0.397603
168,0.397603
169,0.377292
170,0.377292
171,0.377292
172,0.377292
173,0.377292
174,0.377292
175,0.377292
176,0.377292
177,0.377292
178,0.377292
179,0.377292
180,0.377292
181,0.362002
182,0.362002
183,0.362002
184,0.362002
185,0.362002
186,0.362002
187,0.362002
188,0.362002
189,0.362002
190,0.362002
191,0.362002
192,0.362002
193,0.354458
194,0.354458
195,0.354458
196,0.354458
197,0.354458
198,0.354458
199,0.354458
200,0.354458
201,0.354458
202,0.354458
203,0.354458
204,0.354458
205,0.349567
206,0.349567
207,0.349567
208,0.349567
209,0.349567
210,0.349567
211,0.349567
212,0.349567
213,0.349567
214,0.349567
215,0.349567
216,0.349567
217,0.349583
218,0.349583
219,0.349583
220,0.349583
221,0.349583
222,0.349583
223,0.349583
224,0.349583
225,0.349583
226,0.349583
227,0.349583
228,0.349583
229,0.349947
230,0.349947
231,0.349947
232,0.349947
233,0.349947
234,0.349947
235,0.349947
236,0.349947
237,0.349947
238,0.349947
239,0.349947
240,0.349947
241,0.347702
242,0.347702
243,0.347702
244,0.347702
245,0.347702
246,0.347702
247,0.347702
248,0.347702
249,0.347702
250,0.347702
251,0.347702
252,0.347702
253,0.349148
254,0.349148
255,0.349148
256,0.349148
257,0.349148
258,0.349148
259,0.349148
260,0.349148
261,0.349148
262,0.349148
263,0.349148
264,0.349148
265,0.34778
266,0.34778
267,0.34778
268,0.34778
269,0.34778
270,0.34778
271,0.34778
272,0.34778
273,0.34778
274,0.34778
275,0.34778
276,0.34778
277,0.340903
278,0.340903
279,0.340903
280,0.340903
281,0.340903
282,0.340903
283,0.340903
284,0.340903
285,0.340903
286,0.340903
287,0.340903
288,0.340903
289,0.34664
290,0.34664
291,0.34664
292,0.34664
293,0.34664
294,0.34664
295,0.34664
296,0.34664
297,0.34664
298,0.34664
299,0.34664
300,0.34664
301,0.336232
302,0.336232
303,0.336232
304,0.336232
305,0.336232
306,0.336232
307,0.336232
308,0.336232
309,0.336232
310,0.336232
311,0.336232
312,0.336232
313,0.336843
314,0.336843
315,0.336843
316,0.336843
317,0.336843
318,0.336843
319,0.336843
320,0.336843
321,0.336843
322,0.336843
323,0.336843
324,0.336843
325,0.341177
326,0.341177
327,0.341177
328,0.341177
329,0.341177
330,0.341177
331,0.341177
332,0.341177
333,0.341177
334,0.341177
335,0.341177
336,0.341177
337,0.342666
338,0.342666
339,0.342666
340,0.342666
341,0.342666
342,0.342666
343,0.342666
344,0.342666
345,0.342666
346,0.342666
347,0.342666
348,0.342666
349,0.359686
350,0.359686
351,0.359686
352,0.359686
353,0.359686
354,0.359686
355,0.359686
356,0.359686
357,0.359686
358,0.359686
359,0.359686
360,0.359686
361,0.377406
362,0.377406
363,0.377406
364,0.377406
365,0.377406
366,0.377406
367,0.377406
368,0.377406
369,0.377406
370,0.377406
371,0.377406
372,0.377406
373,0.368573
374,0.368573
375,0.368573
376,0.368573
377,0.368573
378,0.368573
379,0.368573
380,0.368573
381,0.368573
382,0.368573
383,0.368573
384,0.368573
385,0.361284
386,0.361284
387,0.361284
388,0.361284
389,0.361284
390,0.361284
391,0.361284
392,0.361284
393,0.361284
394,0.361284
395,0.361284
396,0.361284
397,0.38428
398,0.38428
399,0.38428
400,0.38428
401,0.38428
402,0.38428
403,0.38428
404,0.38428
405,0.38428
406,0.38428
407,0.38428
408,0.38428
409,0.406264
410,0.406264
411,0.406264
412,0.406264
413,0.406264
414,0.406264
415,0.406264
416,0.406264
417,0.406264
418,0.406264
419,0.406264
420,0.406264
421,0.437966
422,0.437966
423,0.437966
424,0.437966
425,0.437966
426,0.437966
427,0.437966
428,0.437966
429,0.437966
430,0.437966
431,0.437966
432,0.437966
433,0.489972
434,0.489972
435,0.489972
436,0.489972
437,0.489972
438,0.489972
439,0.489972
440,0.489972
441,0.489972
442,0.489972
443,0.489972
444,0.489972
445,0.538541
446,0.538541
447,0.538541
448,0.538541
449,0.538541
450,0.538541
451,0.538541
452,0.538541
453,0.538541
454,0.538541
455,0.538541
456,0.538541
457,0.560991
458,0.560991
459,0.560991
460,0.560991
461,0.560991
462,0.560991
463,0.560991
464,0.560991
465,0.560991
466,0.560991
467,0.560991
468,0.560991
469,0.58122
470,0.58122
471,0.58122
472,0.58122
473,0.58122
474,0.58122
475,0.58122
476,0.58122
477,0.58122
478,0.58122
479,0.58122
480,0.58122
481,0.602342
482,0.602342
483,0.602342
484,0.602342
485,0.602342
486,0.602342
487,0.602342
488,0.602342
489,0.602342
490,0.602342
491,0.602342
492,0.602342
493,0.6034
494,0.6034
495,0.6034
496,0.6034
497,0.6034
498,0.6034
499,0.6034
500,0.6034
501,0.6034
502,0.6034
503,0.6034
504,0.6034
505,0.602781
506,0.602781
507,0.602781
508,0.602781
509,0.602781
510,0.602781
511,0.602781
512,0.602781
513,0.602781
514,0.602781
515,0.602781
516,0.602781
517,0.614408
518,0.614408
519,0.614408
520,0.614408
521,0.614408
522,0.614408
523,0.614408
524,0.614408
525,0.614408
526,0.614408
527,0.614408
528,0.614408
529,0.682782
530,0.682782
531,0.682782
532,0.682782
533,0.682782
534,0.682782
535,0.682782
536,0.682782
537,0.682782
538,0.682782
539,0.682782
540,0.682782
541,0.693531
542,0.693531
543,0.693531
544,0.693531
545,0.693531
546,0.693531
547,0.693531
548,0.693531
549,0.693531
550,0.693531
551,0.693531
552,0.693531
553,0.70591
554,0.70591
555,0.70591
556,0.70591
557,0.70591
558,0.70591
559,0.70591
560,0.70591
561,0.70591
562,0.70591
563,0.70591
564,0.70591
565,0.700232
566,0.700232
567,0.700232
568,0.700232
569,0.700232
570,0.700232
571,0.700232
572,0.700232
573,0.700232
574,0.700232
575,0.700232
576,0.700232
577,0.694256
578,0.694256
579,0.694256
580,0.694256
581,0.694256
582,0.694256
583,0.694256
584,0.694256
585,0.694256
586,0.694256
587,0.694256
588,0.694256
589,0.693166
590,0.693166
591,0.693166
592,0.693166
593,0.693166
594,0.693166
595,0.693166
596,0.693166
597,0.693166
598,0.693166
599,0.693166
600,0.693166
601,0.736206
602,0.736206
603,0.736206
604,0.736206
605,0.736206
606,0.736206
607,0.736206
608,0.736206
609,0.736206
610,0.736206
611,0.736206
612,0.736206
613,0.760181
614,0.760181
615,0.760181
616,0.760181
617,0.760181
618,0.760181
619,0.760181
620,0.760181
621,0.760181
622,0.760181
623,0.760181
624,0.760181
625,0.783431
626,0.783431
627,0.783431
628,0.783431
629,0.783431
630,0.783431
631,0.783431
632,0.783431
633,0.783431
634,0.783431
635,0.783431
636,0.783431
637,0.801339
638,0.801339
639,0.801339
640,0.801339
641,0.801339
642,0.801339
643,0.801339
644,0.801339
645,0.801339
646,0.801339
647,0.801339
648,0.801339
649,0.817351
650,0.817351
651,0.817351
652,0.817351
653,0.817351
654,0.817351
655,0.817351
656,0.817351
657,0.817351
658,0.817351
659,0.817351
660,0.817351
661,0.823065
662,0.823065
663,0.823065
664,0.823065
665,0.823065
666,0.823065
667,0.823065
668,0.823065
669,0.823065
670,0.823065
671,0.823065
672,0.823065
673,0.819366
674,0.819366
675,0.819366
676,0.819366
677,0.819366
678,0.819366
679,0.819366
680,0.819366
681,0.819366
682,0.819366
683,0.819366
684,0.819366
685,0.815647
686,0.815647
687,0.815647
688,0.815647
689,0.815647
690,0.815647
691,0.815647
692,0.815647
693,0.815647
694,0.815647
695,0.815647
696,0.815647
697,0.813127
698,0.813127
699,0.813127
700,0.813127
701,0.813127
702,0.813127
703,0.813127
704,0.813127
705,0.813127
706,0.813127
707,0.813127
708,0.813127
709,0.82205
710,0.82205
711,0.82205
712,0.82205
713,0.82205
714,0.82205
715,0.82205
716,0.82205
717,0.82205
718,0.82205
719,0.82205
720,0.82205
721,0.837795
722,0.837795
723,0.837795
724,0.837795
725,0.837795
726,0.837795
727,0.837795
728,0.837795
729,0.837795
730,0.837795
731,0.837795
732,0.837795
733,0.839198
734,0.839198
735,0.839198
736,0.839198
737,0.839198
738,0.839198
739,0.839198
740,0.839198
741,0.839198
742,0.839198
743,0.839198
744,0.839198
745,0.8399
746,0.8399
747,0.8399
748,0.8399
749,0.8399
750,0.8399
751,0.8399
752,0.8399
753,0.8399
754,0.8399
755,0.8399
756,0.8399
757,0.840601
758,0.840601
759,0.840601
760,0.840601
761,0.840601
762,0.840601
763,0.840601
764,0.840601
765,0.840601
766,0.840601
767,0.840601
768,0.840601
769,0.84229
770,0.84229
771,0.84229
772,0.84229
773,0.84229
774,0.84229
775,0.84229
776,0.84229
777,0.84229
778,0.84229
779,0.84229
780,0.84229
781,0.846307
782,0.846307
783,0.846307
784,0.846307
785,0.846307
786,0.846307
787,0.846307
788,0.846307
789,0.846307
790,0.846307
791,0.846307
792,0.846307
793,0.844908
794,0.844908
795,0.844908
796,0.844908
797,0.844908
798,0.844908
799,0.844908
800,0.844908
801,0.844908
802,0.844908
803,0.844908
804,0.844908
805,0.841887
806,0.841887
807,0.841887
808,0.841887
809,0.841887
810,0.841887
811,0.841887
812,0.841887
813,0.841887
814,0.841887
815,0.841887
816,0.841887
817,0.843678
818,0.843678
819,0.843678
820,0.843678
821,0.843678
822,0.843678
823,0.843678
824,0.843678
825,0.843678
826,0.843678
827,0.843678
828,0.843678
829,0.847643
830,0.847643
831,0.847643
832,0.847643
833,0.847643
834,0.847643
835,0.847643
836,0.847643
837,0.847643
838,0.847643
839,0.847643
840,0.847643
841,0.849277
842,0.849277
843,0.849277
844,0.849277
845,0.849277
846,0.849277
847,0.849277
848,0.849277
849,0.849277
850,0.849277
851,0.849277
852,0.849277
853,0.850919
854,0.850919
855,0.850919
856,0.850919
857,0.850919
858,0.850919
859,0.850919
860,0.850919
861,0.850919
862,0.850919
863,0.850919
864,0.850919
865,0.850089
866,0.850089
867,0.850089
868,0.850089
869,0.850089
870,0.850089
871,0.850089
872,0.850089
873,0.850089
874,0.850089
875,0.850089
876,0.850089
877,0.848513
878,0.848513
879,0.848513
880,0.848513
881,0.848513
882,0.848513
883,0.848513
884,0.848513
885,0.848513
886,0.848513
887,0.848513
888,0.848513
889,0.850265
890,0.850265
891,0.850265
892,0.850265
893,0.850265
894,0.850265
895,0.850265
896,0.850265
897,0.850265
898,0.850265
899,0.850265
900,0.850265
901,0.850821
902,0.850821
903,0.850821
904,0.850821
905,0.850821
906,0.850821
907,0.850821
908,0.850821
909,0.850821
910,0.850821
911,0.850821
912,0.850821
913,0.852314
914,0.852314
915,0.852314
916,0.852314
917,0.852314
918,0.852314
919,0.852314
920,0.852314
921,0.852314
922,0.852314
923,0.852314
924,0.852314
925,0.851895
926,0.851895
927,0.851895
928,0.851895
929,0.851895
930,0.851895
931,0.851895
932,0.851895
933,0.851895
934,0.851895
935,0.851895
936,0.851895
937,0.850045
938,0.850045
939,0.850045
940,0.850045
941,0.850045
942,0.850045
943,0.850045
944,0.850045
945,0.850045
946,0.850045
947,0.850045
948,0.850045
949,0.848968
950,0.848968
951,0.848968
952,0.848968
953,0.848968
954,0.848968
955,0.848968
956,0.848968
957,0.848968
958,0.848968
959,0.848968
960,0.848968
961,0.850006
962,0.850006
963,0.850006
964,0.850006
965,0.850006
966,0.850006
967,0.850006
968,0.850006
969,0.850006
970,0.850006
971,0.850006
972,0.850006
973,0.849755
974,0.849755
975,0.849755
976,0.849755
977,0.849755
978,0.849755
979,0.849755
980,0.849755
981,0.849755
982,0.849755
983,0.849755
984,0.849755
985,0.848368
986,0.848368
987,0.848368
988,0.848368
989,0.848368
990,0.848368
991,0.848368
992,0.848368
993,0.848368
994,0.848368
995,0.848368
996,0.848368
997,0.848682
998,0.848682
999,0.848682
1000,0.848682
1001,0.848682
1002,0.848682
1003,0.848682
1004,0.848682
1005,0.848682
1006,0.848682
1007,0.848682
1008,0.848682
1009,0.849591
1010,0.849591
1011,0.849591
1012,0.849591
1013,0.849591
1014,0.849591
1015,0.849591
1016,0.849591
1017,0.849591
1018,0.849591
1019,0.849591
1020,0.849591
1021,0.848055
1022,0.848055
1023,0.848055
1024,0.848055
1025,0.848055
1026,0.848055
1027,0.848055
1028,0.848055
1029,0.848055
1030,0.848055
1031,0.848055
1032,0.848055
1033,0.846773
1034,0.846773
1035,0.846773
1036,0.846773
1037,0.846773
1038,0.846773
1039,0.846773
1040,0.846773
1041,0.846773
1042,0.846773
1043,0.846773
1044,0.846773
1045,0.848106
1046,0.848106
1047,0.848106
1048,0.848106
1049,0.848106
1050,0.848106
1051,0.848106
1052,0.848106
1053,0.848106
1054,0.848106
1055,0.848106
1056,0.848106
1057,0.847871
1058,0.847871
1059,0.847871
1060,0.847871
1061,0.847871
1062,0.847871
1063,0.847871
1064,0.847871
1065,0.847871
1066,0.847871
1067,0.847871
1068,0.847871
1069,0.846989
1070,0.846989
1071,0.846989
1072,0.846989
1073,0.846989
1074,0.846989
1075,0.846989
1076,0.846989
1077,0.846989
1078,0.846989
1079,0.846989
1080,0.846989
1081,0.847506
1082,0.847506
1083,0.847506
1084,0.847506
1085,0.847506
1086,0.847506
1087,0.847506
1088,0.847506
1089,0.847506
1090,0.847506
1091,0.847506
1092,0.847506
1093,0.846491
1094,0.846491
1095,0.846491
1096,0.846491
1097,0.846491
1098,0.846491
1099,0.846491
1100,0.846491
1101,0.846491
1102,0.846491
1103,0.846491
1104,0.846491
1105,0.846189
1106,0.846189
1107,0.846189
1108,0.846189
1109,0.846189
1110,0.846189
1111,0.846189
1112,0.846189
1113,0.846189
1114,0.846189
1115,0.846189
1116,0.846189
1117,0.846523
1118,0.846523
1119,0.846523
1120,0.846523
1121,0.846523
1122,0.846523
1123,0.846523
1124,0.846523
1125,0.846523
1126,0.846523
1127,0.846523
1128,0.846523
1129,0.845606
1130,0.845606
1131,0.845606
1132,0.845606
1133,0.845606
1134,0.845606
1135,0.845606
1136,0.845606
1137,0.845606
1138,0.845606
1139,0.845606
1140,0.845606
1141,0.845801
1142,0.845801
1143,0.845801
1144,0.845801
1145,0.845801
1146,0.845801
1147,0.845801
1148,0.845801
1149,0.845801
1150,0.845801
1151,0.845801
1152,0.845801
1153,0.847055
1154,0.847055
1155,0.847055
1156,0.847055
1157,0.847055
1158,0.847055
1159,0.847055
1160,0.847055
1161,0.847055
1162,0.847055
1163,0.847055
1164,0.847055
1165,0.844489
1166,0.844489
1167,0.844489
1168,0.844489
1169,0.844489
1170,0.844489
1171,0.844489
1172,0.844489
1173,0.844489
1174,0.844489
1175,0.844489
1176,0.844489
1177,0.847773
1178,0.847773
1179,0.847773
1180,0.847773
1181,0.847773
1182,0.847773
1183,0.847773
1184,0.847773
1185,0.847773
1186,0.847773
1187,0.847773
1188,0.847773
1189,0.846981
1190,0.846981
1191,0.846981
1192,0.846981
1193,0.846981
1194,0.846981
1195,0.846981
1196,0.846981
1197,0.846981
1198,0.846981
1199,0.846981
1200,0.846981
1201,0.846577
1202,0.846577
1203,0.846577
1204,0.846577
1205,0.846577
1206,0.846577
1207,0.846577
1208,0.846577
1209,0.846577
1210,0.846577
1211,0.846577
1212,0.846577
1213,0.848537
1214,0.848537
1215,0.848537
1216,0.848537
1217,0.848537
1218,0.848537
1219,0.848537
1220,0.848537
1221,0.848537
1222,0.848537
1223,0.848537
1224,0.848537
1225,0.847592
1226,0.847592
1227,0.847592
1228,0.847592
1229,0.847592
1230,0.847592
1231,0.847592
1232,0.847592
1233,0.847592
1234,0.847592
1235,0.847592
1236,0.847592
1237,0.844955
1238,0.844955
1239,0.844955
1240,0.844955
1241,0.844955
1242,0.844955
1243,0.844955
1244,0.844955
1245,0.844955
1246,0.844955
1247,0.844955
1248,0.844955
1249,0.84588
1250,0.84588
1251,0.84588
1252,0.84588
1253,0.84588
1254,0.84588
1255,0.84588
1256,0.84588
1257,0.84588
1258,0.84588
1259,0.84588
1260,0.84588
1261,0.846217
1262,0.846217
1263,0.846217
1264,0.846217
1265,0.846217
1266,0.846217
1267,0.846217
1268,0.846217
1269,0.846217
1270,0.846217
1271,0.846217
1272,0.846217
1273,0.846041
1274,0.846041
1275,0.846041
1276,0.846041
1277,0.846041
1278,0.846041
1279,0.846041
1280,0.846041
1281,0.846041
1282,0.846041
1283,0.846041
1284,0.846041
1285,0.847287
1286,0.847287
1287,0.847287
1288,0.847287
1289,0.847287
1290,0.847287
1291,0.847287
1292,0.847287
1293,0.847287
1294,0.847287
1295,0.847287
1296,0.847287
1297,0.845045
1298,0.845045
1299,0.845045
1300,0.845045
1301,0.845045
1302,0.845045
1303,0.845045
1304,0.845045
1305,0.845045
1306,0.845045
1307,0.845045
1308,0.845045
1309,0.84662
1310,0.84662
1311,0.84662
1312,0.84662
1313,0.84662
1314,0.84662
1315,0.84662
1316,0.84662
1317,0.84662
1318,0.84662
1319,0.84662
1320,0.84662
1321,0.846064
1322,0.846064
1323,0.846064
1324,0.846064
1325,0.846064
1326,0.846064
1327,0.846064
1328,0.846064
1329,0.846064
1330,0.846064
1331,0.846064
1332,0.846064
1333,0.846495
1334,0.846495
1335,0.846495
1336,0.846495
1337,0.846495
1338,0.846495
1339,0.846495
1340,0.846495
1341,0.846495
1342,0.846495
1343,0.846495
1344,0.846495
1345,0.847032
1346,0.847032
1347,0.847032
1348,0.847032
1349,0.847032
1350,0.847032
1351,0.847032
1352,0.847032
1353,0.847032
1354,0.847032
1355,0.847032
1356,0.847032
1357,0.846358
1358,0.846358
1359,0.846358
1360,0.846358
1361,0.846358
1362,0.846358
1363,0.846358
1364,0.846358
1365,0.846358
1366,0.846358
1367,0.846358
1368,0.846358
1369,0.84461
1370,0.84461
1371,0.84461
1372,0.84461
1373,0.84461
1374,0.84461
1375,0.84461
1376,0.84461
1377,0.84461
1378,0.84461
1379,0.84461
1380,0.84461
1381,0.846452
1382,0.846452
1383,0.846452
1384,0.846452
1385,0.846452
1386,0.846452
1387,0.846452
1388,0.846452
1389,0.846452
1390,0.846452
1391,0.846452
1392,0.846452
1393,0.847357
1394,0.847357
1395,0.847357
1396,0.847357
1397,0.847357
1398,0.847357
1399,0.847357
1400,0.847357
1401,0.847357
1402,0.847357
1403,0.847357
1404,0.847357
1405,0.84974
1406,0.84974
1407,0.84974
1408,0.84974
1409,0.84974
1410,0.84974
1411,0.84974
1412,0.84974
1413,0.84974
1414,0.84974
1415,0.84974
1416,0.84974
1417,0.850445
1418,0.850445
1419,0.850445
1420,0.850445
1421,0.850445
1422,0.850445
1423,0.850445
1424,0.850445
1425,0.850445
1426,0.850445
1427,0.850445
1428,0.850445
1429,0.852146
1430,0.852146
1431,0.852146
1432,0.852146
1433,0.852146
1434,0.852146
1435,0.852146
1436,0.852146
1437,0.852146
1438,0.852146
1439,0.852146
1440,0.852146
1441,0.853525
1442,0.853525
1443,0.853525
1444,0.853525
1445,0.853525
1446,0.853525
1447,0.853525
1448,0.853525
1449,0.853525
1450,0.853525
1451,0.853525
1452,0.853525
1453,0.856668
1454,0.856668
1455,0.856668
1456,0.856668
1457,0.856668
1458,0.856668
1459,0.856668
1460,0.856668
1461,0.856668
1462,0.856668
1463,0.856668
1464,0.856668
1465,0.857867
1466,0.857867
1467,0.857867
1468,0.857867
1469,0.857867
1470,0.857867
1471,0.857867
1472,0.857867
1473,0.857867
1474,0.857867
1475,0.857867
1476,0.857867
1477,0.862754
1478,0.862754
1479,0.862754
1480,0.862754
1481,0.862754
1482,0.862754
1483,0.862754
1484,0.862754
1485,0.862754
1486,0.862754
1487,0.862754
1488,0.862754
1489,0.868707
1490,0.868707
1491,0.868707
1492,0.868707
1493,0.868707
1494,0.868707
1495,0.868707
1496,0.868707
1497,0.868707
1498,0.868707
1499,0.868707
1500,0.868707
1501,0.871928
1502,0.871928
1503,0.871928
1504,0.871928
1505,0.871928
1506,0.871928
1507,0.871928
1508,0.871928
1509,0.871928
1510,0.871928
1511,0.871928
1512,0.871928
1513,0.871599
1514,0.871599
1515,0.871599
1516,0.871599
1517,0.871599
1518,0.871599
1519,0.871599
1520,0.871599
1521,0.871599
1522,0.871599
1523,0.871599
1524,0.871599
1525,0.873856
1526,0.873856
1527,0.873856
1528,0.873856
1529,0.873856
1530,0.873856
1531,0.873856
1532,0.873856
1533,0.873856
1534,0.873856
1535,0.873856
1536,0.873856
1537,0.878006
1538,0.878006
1539,0.878006
1540,0.878006
1541,0.878006
1542,0.878006
1543,0.878006
1544,0.878006
1545,0.878006
1546,0.878006
1547,0.878006
1548,0.878006
1549,0.876767
1550,0.876767
1551,0.876767
1552,0.876767
1553,0.876767
1554,0.876767
1555,0.876767
1556,0.876767
1557,0.876767
1558,0.876767
1559,0.876767
1560,0.876767
1561,0.882516
1562,0.882516
1563,0.882516
1564,0.882516
1565,0.882516
1566,0.882516
1567,0.882516
1568,0.882516
1569,0.882516
1570,0.882516
1571,0.882516
1572,0.882516
1573,0.876771
1574,0.876771
1575,0.876771
1576,0.876771
1577,0.876771
1578,0.876771
1579,0.876771
1580,0.876771
1581,0.876771
1582,0.876771
1583,0.876771
1584,0.876771
1585,0.884276
1586,0.884276
1587,0.884276
1588,0.884276
1589,0.884276
1590,0.884276
1591,0.884276
1592,0.884276
1593,0.884276
1594,0.884276
1595,0.884276
1596,0.884276
1597,0.86601
1598,0.86601
1599,0.86601
1600,0.86601
1601,0.86601
1602,0.86601
1603,0.86601
1604,0.86601
1605,0.86601
1606,0.86601
1607,0.86601
1608,0.86601
1609,0.858851
1610,0.858851
1611,0.858851
1612,0.858851
1613,0.858851
1614,0.858851
1615,0.858851
1616,0.858851
1617,0.858851
1618,0.858851
1619,0.858851
1620,0.858851
1621,0.860787
1622,0.860787
1623,0.860787
1624,0.860787
1625,0.860787
1626,0.860787
1627,0.860787
1628,0.860787
1629,0.860787
1630,0.860787
1631,0.860787
1632,0.860787
1633,0.863177
1634,0.863177
1635,0.863177
1636,0.863177
1637,0.863177
1638,0.863177
1639,0.863177
1640,0.863177
1641,0.863177
1642,0.863177
1643,0.863177
1644,0.863177
1645,0.866379
1646,0.866379
1647,0.866379
1648,0.866379
1649,0.866379
1650,0.866379
1651,0.866379
1652,0.866379
1653,0.866379
1654,0.866379
1655,0.866379
1656,0.866379
1657,0.852169
1658,0.852169
1659,0.852169
1660,0.852169
1661,0.852169
1662,0.852169
1663,0.852169
1664,0.852169
1665,0.852169
1666,0.852169
1667,0.852169
1668,0.852169
1669,0.85918
1670,0.85918
1671,0.85918
1672,0.85918
1673,0.85918
1674,0.85918
1675,0.85918
1676,0.85918
1677,0.85918
1678,0.85918
1679,0.85918
1680,0.85918
1681,0.850061
1682,0.850061
1683,0.850061
1684,0.850061
1685,0.850061
1686,0.850061
1687,0.850061
1688,0.850061
1689,0.850061
1690,0.850061
1691,0.850061
1692,0.850061
1693,0.84307
1694,0.84307
1695,0.84307
1696,0.84307
1697,0.84307
1698,0.84307
1699,0.84307
1700,0.84307
1701,0.84307
1702,0.84307
1703,0.84307
1704,0.84307
1705,0.832787
1706,0.832787
1707,0.832787
1708,0.832787
1709,0.832787
1710,0.832787
1711,0.832787
1712,0.832787
1713,0.832787
1714,0.832787
1715,0.832787
1716,0.832787
1717,0.834241
1718,0.834241
1719,0.834241
1720,0.834241
1721,0.834241
1722,0.834241
1723,0.834241
1724,0.834241
1725,0.834241
1726,0.834241
1727,0.834241
1728,0.834241
1729,0.855986
1730,0.855986
1731,0.855986
1732,0.855986
1733,0.855986
1734,0.855986
1735,0.855986
1736,0.855986
1737,0.855986
1738,0.855986
1739,0.855986
1740,0.855986
1741,0.780362
1742,0.780362
1743,0.780362
1744,0.780362
1745,0.780362
1746,0.780362
1747,0.780362
1748,0.780362
1749,0.780362
1750,0.780362
1751,0.780362
1752,0.780362
1753,0.668181
1754,0.668181
1755,0.668181
1756,0.668181
1757,0.668181
1758,0.668181
1759,0.668181
1760,0.668181
1761,0.668181
1762,0.668181
1763,0.668181
1764,0.668181
1765,0.589896
1766,0.589896
1767,0.589896
1768,0.589896
1769,0.589896
1770,0.589896
1771,0.589896
1772,0.589896
1773,0.589896
1774,0.589896
1775,0.589896
1776,0.589896
1777,0.689287
1778,0.689287
1779,0.689287
1780,0.689287
1781,0.689287
1782,0.689287
1783,0.689287
1784,0.689287
1785,0.689287
1786,0.689287
1787,0.689287
1788,0.689287
1789,0.684173
1790,0.684173
1791,0.684173
1792,0.684173
1793,0.684173
1794,0.684173
1795,0.684173
1796,0.684173
1797,0.684173
1798,0.684173
1799,0.684173
1800,0.684173
1801,0.624075
1802,0.624075
1803,0.624075
1804,0.624075
1805,0.624075
1806,0.624075
1807,0.624075
1808,0.624075
1809,0.624075
1810,0.624075
1811,0.624075
1812,0.624075
1813,0.623789
1814,0.623789
1815,0.623789
1816,0.623789
1817,0.623789
1818,0.623789
1819,0.623789
1820,0.623789
1821,0.623789
1822,0.623789
1823,0.623789
1824,0.623789
1825,0.578539
1826,0.578539
1827,0.578539
1828,0.578539
1829,0.578539
1830,0.578539
1831,0.578539
1832,0.578539
1833,0.578539
1834,0.578539
1835,0.578539
1836,0.578539
1837,0.518316
1838,0.518316
1839,0.518316
1840,0.518316
1841,0.518316
1842,0.518316
1843,0.518316
1844,0.518316
1845,0.518316
1846,0.518316
1847,0.518316
1848,0.518316
1849,0.541108
1850,0.541108
1851,0.541108
1852,0.541108
1853,0.541108
1854,0.541108
1855,0.541108
1856,0.541108
1857,0.541108
1858,0.541108
1859,0.541108
1860,0.541108
1861,0.491222
1862,0.491222
1863,0.491222
1864,0.491222
1865,0.491222
1866,0.491222
1867,0.491222
1868,0.491222
1869,0.491222
1870,0.491222
1871,0.491222
1872,0.491222
1873,0.459014
1874,0.459014
1875,0.459014
1876,0.459014
1877,0.459014
1878,0.459014
1879,0.459014
1880,0.459014
1881,0.459014
1882,0.459014
1883,0.459014
1884,0.459014
1885,0.494655
1886,0.494655
1887,0.494655
1888,0.494655
1889,0.494655
1890,0.494655
1891,0.494655
1892,0.494655
1893,0.494655
1894,0.494655
1895,0.494655
1896,0.494655
1897,0.539046
1898,0.539046
1899,0.539046
1900,0.539046
1901,0.539046
1902,0.539046
1903,0.539046
1904,0.539046
1905,0.539046
1906,0.539046
1907,0.539046
1908,0.539046
1909,0.671931
1910,0.671931
1911,0.671931
1912,0.671931
1913,0.671931
1914,0.671931
1915,0.671931
1916,0.671931
1917,0.671931
1918,0.671931
1919,0.671931
1920,0.671931
1921,0.7533
1922,0.7533
1923,0.7533
1924,0.7533
1925,0.7533
1926,0.7533
1927,0.7533
1928,0.7533
1929,0.7533
1930,0.7533
1931,0.7533
1932,0.7533
1933,0.544333
1934,0.544333
1935,0.544333
1936,0.544333
1937,0.544333
1938,0.544333
1939,0.544333
1940,0.544333
1941,0.544333
1942,0.544333
1943,0.544333
1944,0.544333
1945,0.420007
1946,0.420007
1947,0.420007
1948,0.420007
1949,0.420007
1950,0.420007
1951,0.420007
1952,0.420007
1953,0.420007
1954,0.420007
1955,0.420007
1956,0.420007
1957,0.349881
1958,0.349881
1959,0.349881
1960,0.349881
1961,0.349881
1962,0.349881
1963,0.349881
1964,0.349881
1965,0.349881
1966,0.349881
1967,0.349881
1968,0.349881
1969,0.303514
1970,0.303514
1971,0.303514
1972,0.303514
1973,0.303514
1974,0.303514
1975,0.303514
1976,0.303514
1977,0.303514
1978,0.303514
1979,0.303514
1980,0.303514
1981,0.21144
1982,0.21144
1983,0.21144
1984,0.21144
1985,0.21144
1986,0.21144
1987,0.21144
1988,0.21144
1989,0.21144
1990,0.21144
1991,0.21144
1992,0.21144
1993,0.174909
1994,0.174909
1995,0.174909
1996,0.174909
1997,0.174909
1998,0.174909
1999,0.174909
2000,0.174909
2001,0.174909
2002,0.174909
2003,0.174909
2004,0.174909
2005,0.195263
2006,0.195263
2007,0.195263
2008,0.195263
2009,0.195263
2010,0.195263
2011,0.195263
2012,0.195263
2013,0.195263
2014,0.195263
2015,0.195263
2016,0.195263
2017,0.403779
2018,0.403779
2019,0.403779
2020,0.403779
2021,0.403779
2022,0.403779
2023,0.403779
2024,0.403779
2025,0.403779
2026,0.403779
2027,0.403779
2028,0.403779
2029,0.652894
2030,0.652894
2031,0.652894
2032,0.652894
2033,0.652894
2034,0.652894
2035,0.652894
2036,0.652894
2037,0.652894
2038,0.652894
2039,0.652894
2040,0.652894
2041,0.697183
2042,0.697183
2043,0.697183
2044,0.697183
2045,0.697183
2046,0.697183
2047,0.697183
2048,0.697183
2049,0.697183
2050,0.697183
2051,0.697183
2052,0.697183
2053,0.410856
2054,0.410856
2055,0.410856
2056,0.410856
2057,0.410856
2058,0.410856
2059,0.410856
2060,0.410856
2061,0.410856
2062,0.410856
2063,0.410856
2064,0.410856
2065,0.278971
2066,0.278971
2067,0.278971
2068,0.278971
2069,0.278971
2070,0.278971
2071,0.278971
2072,0.278971
2073,0.278971
2074,0.278971
2075,0.278971
2076,0.278971
2077,0.247053
2078,0.247053
2079,0.247053
2080,0.247053
2081,0.247053
2082,0.247053
2083,0.247053
2084,0.247053
2085,0.247053
2086,0.247053
2087,0.247053
2088,0.247053
2089,0.168859
2090,0.168859
2091,0.168859
2092,0.168859
2093,0.168859
2094,0.168859
2095,0.168859
2096,0.168859
2097,0.168859
2098,0.168859
2099,0.168859
2100,0.168859
2101,0.174235
2102,0.174235
2103,0.174235
2104,0.174235
2105,0.174235
2106,0.174235
2107,0.174235
2108,0.174235
2109,0.174235
2110,0.174235
2111,0.174235
2112,0.174235
2113,0.292322
2114,0.292322
2115,0.292322
2116,0.292322
2117,0.292322
2118,0.292322
2119,0.292322
2120,0.292322
2121,0.292322
2122,0.292322
2123,0.292322
2124,0.292322
2125,0.678816
2126,0.678816
2127,0.678816
2128,0.678816
2129,0.678816
2130,0.678816
2131,0.678816
2132,0.678816
2133,0.678816
2134,0.678816
2135,0.678816
2136,0.678816
2137,0.891612
2138,0.891612
2139,0.891612
2140,0.891612
2141,0.891612
2142,0.891612
2143,0.891612
2144,0.891612
2145,0.891612
2146,0.891612
2147,0.891612
2148,0.891612
2149,0.891008
2150,0.891008
2151,0.891008
2152,0.891008
2153,0.891008
2154,0.891008
2155,0.891008
2156,0.891008
2157,0.891008
2158,0.891008
2159,0.891008
2160,0.891008
2161,0.647243
2162,0.647243
2163,0.647243
2164,0.647243
2165,0.647243
2166,0.647243
2167,0.647243
2168,0.647243
2169,0.647243
2170,0.647243
2171,0.647243
2172,0.647243
2173,0.638093
2174,0.638093
2175,0.638093
2176,0.638093
2177,0.638093
2178,0.638093
2179,0.638093
2180,0.638093
2181,0.638093
2182,0.638093
2183,0.638093
2184,0.638093
2185,0.363256
2186,0.363256
2187,0.363256
2188,0.363256
2189,0.363256
2190,0.363256
2191,0.363256
2192,0.363256
2193,0.363256
2194,0.363256
2195,0.363256
2196,0.363256
2197,0.235826
2198,0.235826
2199,0.235826
2200,0.235826
2201,0.235826
2202,0.235826
2203,0.235826
2204,0.235826
2205,0.235826
2206,0.235826
2207,0.235826
2208,0.235826
2209,0.19105
2210,0.19105
2211,0.19105
2212,0.19105
2213,0.19105
2214,0.19105
2215,0.19105
2216,0.19105
2217,0.19105
2218,0.19105
2219,0.19105
2220,0.19105
2221,0.163118
2222,0.163118
2223,0.163118
2224,0.163118
2225,0.163118
2226,0.163118
2227,0.163118
2228,0.163118
2229,0.163118
2230,0.163118
2231,0.163118
2232,0.163118
2233,0.162941
2234,0.162941
2235,0.162941
2236,0.162941
2237,0.162941
2238,0.162941
2239,0.162941
2240,0.162941
2241,0.162941
2242,0.162941
2243,0.162941
2244,0.162941
2245,0.165222
2246,0.165222
2247,0.165222
2248,0.165222
2249,0.165222
2250,0.165222
2251,0.165222
2252,0.165222
2253,0.165222
2254,0.165222
2255,0.165222
2256,0.165222
2257,0.166801
2258,0.166801
2259,0.166801
2260,0.166801
2261,0.166801
2262,0.166801
2263,0.166801
2264,0.166801
2265,0.166801
2266,0.166801
2267,0.166801
2268,0.166801
2269,0.183758
2270,0.183758
2271,0.183758
2272,0.183758
2273,0.183758
2274,0.183758
2275,0.183758
2276,0.183758
2277,0.183758
2278,0.183758
2279,0.183758
2280,0.183758
2281,0.280453
2282,0.280453
2283,0.280453
2284,0.280453
2285,0.280453
2286,0.280453
2287,0.280453
2288,0.280453
2289,0.280453
2290,0.280453
2291,0.280453
2292,0.280453
2293,0.300963
2294,0.300963
2295,0.300963
2296,0.300963
2297,0.300963
2298,0.300963
2299,0.300963
2300,0.300963
2301,0.300963
2302,0.300963
2303,0.300963
2304,0.300963
2305,0.288078
2306,0.288078
2307,0.288078
2308,0.288078
2309,0.288078
2310,0.288078
2311,0.288078
2312,0.288078
2313,0.288078
2314,0.288078
2315,0.288078
2316,0.288078
2317,0.270801
2318,0.270801
2319,0.270801
2320,0.270801
2321,0.270801
2322,0.270801
2323,0.270801
2324,0.270801
2325,0.270801
2326,0.270801
2327,0.270801
2328,0.270801
2329,0.238044
2330,0.238044
2331,0.238044
2332,0.238044
2333,0.238044
2334,0.238044
2335,0.238044
2336,0.238044
2337,0.238044
2338,0.238044
2339,0.238044
2340,0.238044
2341,0.183534
2342,0.183534
2343,0.183534
2344,0.183534
2345,0.183534
2346,0.183534
2347,0.183534
2348,0.183534
2349,0.183534
2350,0.183534
2351,0.183534
2352,0.183534
2353,0.188429
2354,0.188429
2355,0.188429
2356,0.188429
2357,0.188429
2358,0.188429
2359,0.188429
2360,0.188429
2361,0.188429
2362,0.188429
2363,0.188429
2364,0.188429
2365,0.184545
2366,0.184545
2367,0.184545
2368,0.184545
2369,0.184545
2370,0.184545
2371,0.184545
2372,0.184545
2373,0.184545
2374,0.184545
2375,0.184545
2376,0.184545
2377,0.166445
2378,0.166445
2379,0.166445
2380,0.166445
2381,0.166445
2382,0.166445
2383,0.166445
2384,0.166445
2385,0.166445
2386,0.166445
2387,0.166445
2388,0.166445
2389,0.224234
2390,0.224234
2391,0.224234
2392,0.224234
2393,0.224234
2394,0.224234
2395,0.224234
2396,0.224234
2397,0.224234
2398,0.224234
2399,0.224234
2400,0.224234
2401,0.436783
2402,0.436783
2403,0.436783
2404,0.436783
2405,0.436783
2406,0.436783
2407,0.436783
2408,0.436783
2409,0.436783
2410,0.436783
2411,0.436783
2412,0.436783
2413,0.360293
2414,0.360293
2415,0.360293
2416,0.360293
2417,0.360293
2418,0.360293
2419,0.360293
2420,0.360293
2421,0.360293
2422,0.360293
2423,0.360293
2424,0.360293
2425,0.20294
2426,0.20294
2427,0.20294
2428,0.20294
2429,0.20294
2430,0.20294
2431,0.20294
2432,0.20294
2433,0.20294
2434,0.20294
2435,0.20294
2436,0.20294
2437,0.191148
2438,0.191148
2439,0.191148
2440,0.191148
2441,0.191148
2442,0.191148
2443,0.191148
2444,0.191148
2445,0.191148
2446,0.191148
2447,0.191148
2448,0.191148
2449,0.226527
2450,0.226527
2451,0.226527
2452,0.226527
2453,0.226527
2454,0.226527
2455,0.226527
2456,0.226527
2457,0.226527
2458,0.226527
2459,0.226527
2460,0.226527
2461,0.194656
2462,0.194656
2463,0.194656
2464,0.194656
2465,0.194656
2466,0.194656
2467,0.194656
2468,0.194656
2469,0.194656
2470,0.194656
2471,0.194656
2472,0.194656
2473,0.173428
2474,0.173428
2475,0.173428
2476,0.173428
2477,0.173428
2478,0.173428
2479,0.173428
2480,0.173428
2481,0.173428
2482,0.173428
2483,0.173428
2484,0.173428
2485,0.193331
2486,0.193331
2487,0.193331
2488,0.193331
2489,0.193331
2490,0.193331
2491,0.193331
2492,0.193331
2493,0.193331
2494,0.193331
2495,0.193331
2496,0.193331
2497,0.174043
2498,0.174043
2499,0.174043
2500,0.174043
2501,0.174043
2502,0.174043
2503,0.174043
2504,0.174043
2505,0.174043
2506,0.174043
2507,0.174043
2508,0.174043
2509,0.173675
2510,0.173675
2511,0.173675
2512,0.173675
2513,0.173675
2514,0.173675
2515,0.173675
2516,0.173675
2517,0.173675
2518,0.173675
2519,0.173675
2520,0.173675
2521,0.285461
2522,0.285461
2523,0.285461
2524,0.285461
2525,0.285461
2526,0.285461
2527,0.285461
2528,0.285461
2529,0.285461
2530,0.285461
2531,0.285461
2532,0.285461
2533,0.353898
2534,0.353898
2535,0.353898
2536,0.353898
2537,0.353898
2538,0.353898
2539,0.353898
2540,0.353898
2541,0.353898
2542,0.353898
2543,0.353898
2544,0.353898
2545,0.275284
2546,0.275284
2547,0.275284
2548,0.275284
2549,0.275284
2550,0.275284
2551,0.275284
2552,0.275284
2553,0.275284
2554,0.275284
2555,0.275284
2556,0.275284
2557,0.230692
2558,0.230692
2559,0.230692
2560,0.230692
2561,0.230692
2562,0.230692
2563,0.230692
2564,0.230692
2565,0.230692
2566,0.230692
2567,0.230692
2568,0.230692
2569,0.153717
2570,0.153717
2571,0.153717
2572,0.153717
2573,0.153717
2574,0.153717
2575,0.153717
2576,0.153717
2577,0.153717
2578,0.153717
2579,0.153717
2580,0.153717
2581,0.144613
2582,0.144613
2583,0.144613
2584,0.144613
2585,0.144613
2586,0.144613
2587,0.144613
2588,0.144613
2589,0.144613
2590,0.144613
2591,0.144613
2592,0.144613
2593,0.144284
2594,0.144284
2595,0.144284
2596,0.144284
2597,0.144284
2598,0.144284
2599,0.144284
2600,0.144284
2601,0.144284
2602,0.144284
2603,0.144284
2604,0.144284
2605,0.144527
2606,0.144527
2607,0.144527
2608,0.144527
2609,0.144527
2610,0.144527
2611,0.144527
2612,0.144527
2613,0.144527
2614,0.144527
2615,0.144527
2616,0.144527
2617,0.143206
2618,0.143206
2619,0.143206
2620,0.143206
2621,0.143206
2622,0.143206
2623,0.143206
2624,0.143206
2625,0.143206
2626,0.143206
2627,0.143206
2628,0.143206
2629,0.177872
2630,0.177872
2631,0.177872
2632,0.177872
2633,0.177872
2634,0.177872
2635,0.177872
2636,0.177872
2637,0.177872
2638,0.177872
2639,0.177872
2640,0.177872
2641,0.240764
2642,0.240764
2643,0.240764
2644,0.240764
2645,0.240764
2646,0.240764
2647,0.240764
2648,0.240764
2649,0.240764
2650,0.240764
2651,0.240764
2652,0.240764
2653,0.437939
2654,0.437939
2655,0.437939
2656,0.437939
2657,0.437939
2658,0.437939
2659,0.437939
2660,0.437939
2661,0.437939
2662,0.437939
2663,0.437939
2664,0.437939
2665,0.517117
2666,0.517117
2667,0.517117
2668,0.517117
2669,0.517117
2670,0.517117
2671,0.517117
2672,0.517117
2673,0.517117
2674,0.517117
2675,0.517117
2676,0.517117
2677,0.449064
2678,0.449064
2679,0.449064
2680,0.449064
2681,0.449064
2682,0.449064
2683,0.449064
2684,0.449064
2685,0.449064
2686,0.449064
2687,0.449064
2688,0.449064
2689,0.365842
2690,0.365842
2691,0.365842
2692,0.365842
2693,0.365842
2694,0.365842
2695,0.365842
2696,0.365842
2697,0.365842
2698,0.365842
2699,0.365842
2700,0.365842
2701,0.345433
2702,0.345433
2703,0.345433
2704,0.345433
2705,0.345433
2706,0.345433
2707,0.345433
2708,0.345433
2709,0.345433
2710,0.345433
2711,0.345433
2712,0.345433
2713,0.274817
2714,0.274817
2715,0.274817
2716,0.274817
2717,0.274817
2718,0.274817
2719,0.274817
2720,0.274817
2721,0.274817
2722,0.274817
2723,0.274817
2724,0.274817
2725,0.249099
2726,0.249099
2727,0.249099
2728,0.249099
2729,0.249099
2730,0.249099
2731,0.249099
2732,0.249099
2733,0.249099
2734,0.249099
2735,0.249099
2736,0.249099
2737,0.253166
2738,0.253166
2739,0.253166
2740,0.253166
2741,0.253166
2742,0.253166
2743,0.253166
2744,0.253166
2745,0.253166
2746,0.253166
2747,0.253166
2748,0.253166
2749,0.278493
2750,0.278493
2751,0.278493
2752,0.278493
2753,0.278493
2754,0.278493
2755,0.278493
2756,0.278493
2757,0.278493
2758,0.278493
2759,0.278493
2760,0.278493
2761,0.271302
2762,0.271302
2763,0.271302
2764,0.271302
2765,0.271302
2766,0.271302
2767,0.271302
2768,0.271302
2769,0.271302
2770,0.271302
2771,0.271302
2772,0.271302
2773,0.267822
2774,0.267822
2775,0.267822
2776,0.267822
2777,0.267822
2778,0.267822
2779,0.267822
2780,0.267822
2781,0.267822
2782,0.267822
2783,0.267822
2784,0.267822
2785,0.257497
2786,0.257497
2787,0.257497
2788,0.257497
2789,0.257497
2790,0.257497
2791,0.257497
2792,0.257497
2793,0.257497
2794,0.257497
2795,0.257497
2796,0.257497
2797,0.2448
2798,0.2448
2799,0.2448
2800,0.2448
2801,0.2448
2802,0.2448
2803,0.2448
2804,0.2448
2805,0.2448
2806,0.2448
2807,0.2448
2808,0.2448
2809,0.241104
2810,0.241104
2811,0.241104
2812,0.241104
2813,0.241104
2814,0.241104
2815,0.241104
2816,0.241104
2817,0.241104
2818,0.241104
2819,0.241104
2820,0.241104
2821,0.240572
2822,0.240572
2823,0.240572
2824,0.240572
2825,0.240572
2826,0.240572
2827,0.240572
2828,0.240572
2829,0.240572
2830,0.240572
2831,0.240572
2832,0.240572
2833,0.237766
2834,0.237766
2835,0.237766
2836,0.237766
2837,0.237766
2838,0.237766
2839,0.237766
2840,0.237766
2841,0.237766
2842,0.237766
2843,0.237766
2844,0.237766
2845,0.238557
2846,0.238557
2847,0.238557
2848,0.238557
2849,0.238557
2850,0.238557
2851,0.238557
2852,0.238557
2853,0.238557
2854,0.238557
2855,0.238557
2856,0.238557
2857,0.238687
2858,0.238687
2859,0.238687
2860,0.238687
2861,0.238687
2862,0.238687
2863,0.238687
2864,0.238687
2865,0.238687
2866,0.238687
2867,0.238687
2868,0.238687
2869,0.24018
2870,0.24018
2871,0.24018
2872,0.24018
2873,0.24018
2874,0.24018
2875,0.24018
2876,0.24018
2877,0.24018
2878,0.24018
2879,0.24018
2880,0.24018
2881,0.246117
2882,0.246117
2883,0.246117
2884,0.246117
2885,0.246117
2886,0.246117
2887,0.246117
2888,0.246117
2889,0.246117
2890,0.246117
2891,0.246117
2892,0.246117
2893,0.266913
2894,0.266913
2895,0.266913
2896,0.266913
2897,0.266913
2898,0.266913
2899,0.266913
2900,0.266913
2901,0.266913
2902,0.266913
2903,0.266913
2904,0.266913
2905,0.254001
2906,0.254001
2907,0.254001
2908,0.254001
2909,0.254001
2910,0.254001
2911,0.254001
2912,0.254001
2913,0.254001
2914,0.254001
2915,0.254001
2916,0.254001
2917,0.252532
2918,0.252532
2919,0.252532
2920,0.252532
2921,0.252532
2922,0.252532
2923,0.252532
2924,0.252532
2925,0.252532
2926,0.252532
2927,0.252532
2928,0.252532
2929,0.252778
2930,0.252778
2931,0.252778
2932,0.252778
2933,0.252778
2934,0.252778
2935,0.252778
2936,0.252778
2937,0.252778
2938,0.252778
2939,0.252778
2940,0.252778
2941,0.253566
2942,0.253566
2943,0.253566
2944,0.253566
2945,0.253566
2946,0.253566
2947,0.253566
2948,0.253566
2949,0.253566
2950,0.253566
2951,0.253566
2952,0.253566
2953,0.280711
2954,0.280711
2955,0.280711
2956,0.280711
2957,0.280711
2958,0.280711
2959,0.280711
2960,0.280711
2961,0.280711
2962,0.280711
2963,0.280711
2964,0.280711
2965,0.472345
2966,0.472345
2967,0.472345
2968,0.472345
2969,0.472345
2970,0.472345
2971,0.472345
2972,0.472345
2973,0.472345
2974,0.472345
2975,0.472345
2976,0.472345
2977,0.681532
2978,0.681532
2979,0.681532
2980,0.681532
2981,0.681532
2982,0.681532
2983,0.681532
2984,0.681532
2985,0.681532
2986,0.681532
2987,0.681532
2988,0.681532
2989,0.810129
2990,0.810129
2991,0.810129
2992,0.810129
2993,0.810129
2994,0.810129
2995,0.810129
2996,0.810129
2997,0.810129
2998,0.810129
2999,0.810129
3000,0.810129
3001,0.863855
3002,0.863855
3003,0.863855
3004,0.863855
3005,0.863855
3006,0.863855
3007,0.863855
3008,0.863855
3009,0.863855
3010,0.863855
3011,0.863855
3012,0.863855
3013,0.874753
3014,0.874753
3015,0.874753
3016,0.874753
3017,0.874753
3018,0.874753
3019,0.874753
3020,0.874753
3021,0.874753
3022,0.874753
3023,0.874753
3024,0.874753
3025,0.875803
3026,0.875803
3027,0.875803
3028,0.875803
3029,0.875803
3030,0.875803
3031,0.875803
3032,0.875803
3033,0.875803
3034,0.875803
3035,0.875803
3036,0.875803
3037,0.890793
3038,0.890793
3039,0.890793
3040,0.890793
3041,0.890793
3042,0.890793
3043,0.890793
3044,0.890793
3045,0.890793
3046,0.890793
3047,0.890793
3048,0.890793
3049,0.890389
3050,0.890389
3051,0.890389
3052,0.890389
3053,0.890389
3054,0.890389
3055,0.890389
3056,0.890389
3057,0.890389
3058,0.890389
3059,0.890389
3060,0.890389
3061,0.889315
3062,0.889315
3063,0.889315
3064,0.889315
3065,0.889315
3066,0.889315
3067,0.889315
3068,0.889315
3069,0.889315
3070,0.889315
3071,0.889315
3072,0.889315
3073,0.877641
3074,0.877641
3075,0.877641
3076,0.877641
3077,0.877641
3078,0.877641
3079,0.877641
3080,0.877641
3081,0.877641
3082,0.877641
3083,0.877641
3084,0.877641
3085,0.873507
3086,0.873507
3087,0.873507
3088,0.873507
3089,0.873507
3090,0.873507
3091,0.873507
3092,0.873507
3093,0.873507
3094,0.873507
3095,0.873507
3096,0.873507
3097,0.874608
3098,0.874608
3099,0.874608
3100,0.874608
3101,0.874608
3102,0.874608
3103,0.874608
3104,0.874608
3105,0.874608
3106,0.874608
3107,0.874608
3108,0.874608
3109,0.872343
3110,0.872343
3111,0.872343
3112,0.872343
3113,0.872343
3114,0.872343
3115,0.872343
3116,0.872343
3117,0.872343
3118,0.872343
3119,0.872343
3120,0.872343
3121,0.869749
3122,0.869749
3123,0.869749
3124,0.869749
3125,0.869749
3126,0.869749
3127,0.869749
3128,0.869749
3129,0.869749
3130,0.869749
3131,0.869749
3132,0.869749
3133,0.871281
3134,0.871281
3135,0.871281
3136,0.871281
3137,0.871281
3138,0.871281
3139,0.871281
3140,0.871281
3141,0.871281
3142,0.871281
3143,0.871281
3144,0.871281
3145,0.864882
3146,0.864882
3147,0.864882
3148,0.864882
3149,0.864882
3150,0.864882
3151,0.864882
3152,0.864882
3153,0.864882
3154,0.864882
3155,0.864882
3156,0.864882
3157,0.859164
3158,0.859164
3159,0.859164
3160,0.859164
3161,0.859164
3162,0.859164
3163,0.859164
3164,0.859164
3165,0.859164
3166,0.859164
3167,0.859164
3168,0.859164
3169,0.859031
3170,0.859031
3171,0.859031
3172,0.859031
3173,0.859031
3174,0.859031
3175,0.859031
3176,0.859031
3177,0.859031
3178,0.859031
3179,0.859031
3180,0.859031
3181,0.858181
3182,0.858181
3183,0.858181
3184,0.858181
3185,0.858181
3186,0.858181
3187,0.858181
3188,0.858181
3189,0.858181
3190,0.858181
3191,0.858181
3192,0.858181
3193,0.852365
3194,0.852365
3195,0.852365
3196,0.852365
3197,0.852365
3198,0.852365
3199,0.852365
3200,0.852365
3201,0.852365
3202,0.852365
3203,0.852365
3204,0.852365
3205,0.850167
3206,0.850167
3207,0.850167
3208,0.850167
3209,0.850167
3210,0.850167
3211,0.850167
3212,0.850167
3213,0.850167
3214,0.850167
3215,0.850167
3216,0.850167
3217,0.848858
3218,0.848858
3219,0.848858
3220,0.848858
3221,0.848858
3222,0.848858
3223,0.848858
3224,0.848858
3225,0.848858
3226,0.848858
3227,0.848858
3228,0.848858
3229,0.847443
3230,0.847443
3231,0.847443
3232,0.847443
3233,0.847443
3234,0.847443
3235,0.847443
3236,0.847443
3237,0.847443
3238,0.847443
3239,0.847443
3240,0.847443
3241,0.846534
3242,0.846534
3243,0.846534
3244,0.846534
3245,0.846534
3246,0.846534
3247,0.846534
3248,0.846534
3249,0.846534
3250,0.846534
3251,0.846534
3252,0.846534
3253,0.845374
3254,0.845374
3255,0.845374
3256,0.845374
3257,0.845374
3258,0.845374
3259,0.845374
3260,0.845374
3261,0.845374
3262,0.845374
3263,0.845374
3264,0.845374
3265,0.847287
3266,0.847287
3267,0.847287
3268,0.847287
3269,0.847287
3270,0.847287
3271,0.847287
3272,0.847287
3273,0.847287
3274,0.847287
3275,0.847287
3276,0.847287
3277,0.846926
3278,0.846926
3279,0.846926
3280,0.846926
3281,0.846926
3282,0.846926
3283,0.846926
3284,0.846926
3285,0.846926
3286,0.846926
3287,0.846926
3288,0.846926
3289,0.851973
3290,0.851973
3291,0.851973
3292,0.851973
3293,0.851973
3294,0.851973
3295,0.851973
3296,0.851973
3297,0.851973
3298,0.851973
3299,0.851973
3300,0.851973
3301,0.850414
3302,0.850414
3303,0.850414
3304,0.850414
3305,0.850414
3306,0.850414
3307,0.850414
3308,0.850414
3309,0.850414
3310,0.850414
3311,0.850414
3312,0.850414
3313,0.849418
3314,0.849418
3315,0.849418
3316,0.849418
3317,0.849418
3318,0.849418
3319,0.849418
3320,0.849418
3321,0.849418
3322,0.849418
3323,0.849418
3324,0.849418
3325,0.850782
3326,0.850782
3327,0.850782
3328,0.850782
3329,0.850782
3330,0.850782
3331,0.850782
3332,0.850782
3333,0.850782
3334,0.850782
3335,0.850782
3336,0.850782
3337,0.853666
3338,0.853666
3339,0.853666
3340,0.853666
3341,0.853666
3342,0.853666
3343,0.853666
3344,0.853666
3345,0.853666
3346,0.853666
3347,0.853666
3348,0.853666
3349,0.851535
3350,0.851535
3351,0.851535
3352,0.851535
3353,0.851535
3354,0.851535
3355,0.851535
3356,0.851535
3357,0.851535
3358,0.851535
3359,0.851535
3360,0.851535
3361,0.854391
3362,0.854391
3363,0.854391
3364,0.854391
3365,0.854391
3366,0.854391
3367,0.854391
3368,0.854391
3369,0.854391
3370,0.854391
3371,0.854391
3372,0.854391
3373,0.854387
3374,0.854387
3375,0.854387
3376,0.854387
3377,0.854387
3378,0.854387
3379,0.854387
3380,0.854387
3381,0.854387
3382,0.854387
3383,0.854387
3384,0.854387
3385,0.85405
3386,0.85405
3387,0.85405
3388,0.85405
3389,0.85405
3390,0.85405
3391,0.85405
3392,0.85405
3393,0.85405
3394,0.85405
3395,0.85405
3396,0.85405
3397,0.851554
3398,0.851554
3399,0.851554
3400,0.851554
3401,0.851554
3402,0.851554
3403,0.851554
3404,0.851554
3405,0.851554
3406,0.851554
3407,0.851554
3408,0.851554
3409,0.851456
3410,0.851456
3411,0.851456
3412,0.851456
3413,0.851456
3414,0.851456
3415,0.851456
3416,0.851456
3417,0.851456
3418,0.851456
3419,0.851456
3420,0.851456
3421,0.853913
3422,0.853913
3423,0.853913
3424,0.853913
3425,0.853913
3426,0.853913
3427,0.853913
3428,0.853913
3429,0.853913
3430,0.853913
3431,0.853913
3432,0.853913
3433,0.854129
3434,0.854129
3435,0.854129
3436,0.854129
3437,0.854129
3438,0.854129
3439,0.854129
3440,0.854129
3441,0.854129
3442,0.854129
3443,0.854129
3444,0.854129
3445,0.860414
3446,0.860414
3447,0.860414
3448,0.860414
3449,0.860414
3450,0.860414
3451,0.860414
3452,0.860414
3453,0.860414
3454,0.860414
3455,0.860414
3456,0.860414
3457,0.860191
3458,0.860191
3459,0.860191
3460,0.860191
3461,0.860191
3462,0.860191
3463,0.860191
3464,0.860191
3465,0.860191
3466,0.860191
3467,0.860191
3468,0.860191
3469,0.861304
3470,0.861304
3471,0.861304
3472,0.861304
3473,0.861304
3474,0.861304
3475,0.861304
3476,0.861304
3477,0.861304
3478,0.861304
3479,0.861304
3480,0.861304
3481,0.860748
3482,0.860748
3483,0.860748
3484,0.860748
3485,0.860748
3486,0.860748
3487,0.860748
3488,0.860748
3489,0.860748
3490,0.860748
3491,0.860748
3492,0.860748
3493,0.860559
3494,0.860559
3495,0.860559
3496,0.860559
3497,0.860559
3498,0.860559
3499,0.860559
3500,0.860559
3501,0.860559
3502,0.860559
3503,0.860559
3504,0.860559
3505,0.85958
3506,0.85958
3507,0.85958
3508,0.85958
3509,0.85958
3510,0.85958
3511,0.85958
3512,0.85958
3513,0.85958
3514,0.85958
3515,0.85958
3516,0.85958
3517,0.859913
3518,0.859913
3519,0.859913
3520,0.859913
3521,0.859913
3522,0.859913
3523,0.859913
3524,0.859913
3525,0.859913
3526,0.859913
3527,0.859913
3528,0.859913
3529,0.859533
3530,0.859533
3531,0.859533
3532,0.859533
3533,0.859533
3534,0.859533
3535,0.859533
3536,0.859533
3537,0.859533
3538,0.859533
3539,0.859533
3540,0.859533
3541,0.858976
3542,0.858976
3543,0.858976
3544,0.858976
3545,0.858976
3546,0.858976
3547,0.858976
3548,0.858976
3549,0.858976
3550,0.858976
3551,0.858976
3552,0.858976
3553,0.858091
3554,0.858091
3555,0.858091
3556,0.858091
3557,0.858091
3558,0.858091
3559,0.858091
3560,0.858091
3561,0.858091
3562,0.858091
3563,0.858091
3564,0.858091
3565,0.858263
3566,0.858263
3567,0.858263
3568,0.858263
3569,0.858263
3570,0.858263
3571,0.858263
3572,0.858263
3573,0.858263
3574,0.858263
3575,0.858263
3576,0.858263
3577,0.859266
3578,0.859266
3579,0.859266
3580,0.859266
3581,0.859266
3582,0.859266
3583,0.859266
3584,0.859266
3585,0.859266
3586,0.859266
3587,0.859266
3588,0.859266
3589,0.858933
3590,0.858933
3591,0.858933
3592,0.858933
3593,0.858933
3594,0.858933
3595,0.858933
3596,0.858933
3597,0.858933
3598,0.858933
3599,0.858933
3600,0.858933
3601,0.859168
3602,0.859168
3603,0.859168
3604,0.859168
3605,0.859168
3606,0.859168
3607,0.859168
3608,0.859168
3609,0.859168
3610,0.859168
3611,0.859168
3612,0.859168
3613,0.860175
3614,0.860175
3615,0.860175
3616,0.860175
3617,0.860175
3618,0.860175
3619,0.860175
3620,0.860175
3621,0.860175
3622,0.860175
3623,0.860175
3624,0.860175
3625,0.863702
3626,0.863702
3627,0.863702
3628,0.863702
3629,0.863702
3630,0.863702
3631,0.863702
3632,0.863702
3633,0.863702
3634,0.863702
3635,0.863702
3636,0.863702
3637,0.861962
3638,0.861962
3639,0.861962
3640,0.861962
3641,0.861962
3642,0.861962
3643,0.861962
3644,0.861962
3645,0.861962
3646,0.861962
3647,0.861962
3648,0.861962
3649,0.858988
3650,0.858988
3651,0.858988
3652,0.858988
3653,0.858988
3654,0.858988
3655,0.858988
3656,0.858988
3657,0.858988
3658,0.858988
3659,0.858988
3660,0.858988
3661,0.85891
3662,0.85891
3663,0.85891
3664,0.85891
3665,0.85891
3666,0.85891
3667,0.85891
3668,0.85891
3669,0.85891
3670,0.85891
3671,0.85891
3672,0.85891
3673,0.858953
3674,0.858953
3675,0.858953
3676,0.858953
3677,0.858953
3678,0.858953
3679,0.858953
3680,0.858953
3681,0.858953
3682,0.858953
3683,0.858953
3684,0.858953
3685,0.860994
3686,0.860994
3687,0.860994
3688,0.860994
3689,0.860994
3690,0.860994
3691,0.860994
3692,0.860994
3693,0.860994
3694,0.860994
3695,0.860994
3696,0.860994
3697,0.861343
3698,0.861343
3699,0.861343
3700,0.861343
3701,0.861343
3702,0.861343
3703,0.861343
3704,0.861343
3705,0.861343
3706,0.861343
3707,0.861343
3708,0.861343
3709,0.861233
3710,0.861233
3711,0.861233
3712,0.861233
3713,0.861233
3714,0.861233
3715,0.861233
3716,0.861233
3717,0.861233
3718,0.861233
3719,0.861233
3720,0.861233
3721,0.857687
3722,0.857687
3723,0.857687
3724,0.857687
3725,0.857687
3726,0.857687
3727,0.857687
3728,0.857687
3729,0.857687
3730,0.857687
3731,0.857687
3732,0.857687
3733,0.856656
3734,0.856656
3735,0.856656
3736,0.856656
3737,0.856656
3738,0.856656
3739,0.856656
3740,0.856656
3741,0.856656
3742,0.856656
3743,0.856656
3744,0.856656
3745,0.855014
3746,0.855014
3747,0.855014
3748,0.855014
3749,0.855014
3750,0.855014
3751,0.855014
3752,0.855014
3753,0.855014
3754,0.855014
3755,0.855014
3756,0.855014
3757,0.853298
3758,0.853298
3759,0.853298
3760,0.853298
3761,0.853298
3762,0.853298
3763,0.853298
3764,0.853298
3765,0.853298
3766,0.853298
3767,0.853298
3768,0.853298
3769,0.849716
3770,0.849716
3771,0.849716
3772,0.849716
3773,0.849716
3774,0.849716
3775,0.849716
3776,0.849716
3777,0.849716
3778,0.849716
3779,0.849716
3780,0.849716
3781,0.853094
3782,0.853094
3783,0.853094
3784,0.853094
3785,0.853094
3786,0.853094
3787,0.853094
3788,0.853094
3789,0.853094
3790,0.853094
3791,0.853094
3792,0.853094
3793,0.851864
3794,0.851864
3795,0.851864
3796,0.851864
3797,0.851864
3798,0.851864
3799,0.851864
3800,0.851864
3801,0.851864
3802,0.851864
3803,0.851864
3804,0.851864
3805,0.851198
3806,0.851198
3807,0.851198
3808,0.851198
3809,0.851198
3810,0.851198
3811,0.851198
3812,0.851198
3813,0.851198
3814,0.851198
3815,0.851198
3816,0.851198
3817,0.851613
3818,0.851613
3819,0.851613
3820,0.851613
3821,0.851613
3822,0.851613
3823,0.851613
3824,0.851613
3825,0.851613
3826,0.851613
3827,0.851613
3828,0.851613
3829,0.859599
3830,0.859599
3831,0.859599
3832,0.859599
3833,0.859599
3834,0.859599
3835,0.859599
3836,0.859599
3837,0.859599
3838,0.859599
3839,0.859599
3840,0.859599
3841,0.860712
3842,0.860712
3843,0.860712
3844,0.860712
3845,0.860712
3846,0.860712
3847,0.860712
3848,0.860712
3849,0.860712
3850,0.860712
3851,0.860712
3852,0.860712
3853,0.859544
3854,0.859544
3855,0.859544
3856,0.859544
3857,0.859544
3858,0.859544
3859,0.859544
3860,0.859544
3861,0.859544
3862,0.859544
3863,0.859544
3864,0.859544
3865,0.858898
3866,0.858898
3867,0.858898
3868,0.858898
3869,0.858898
3870,0.858898
3871,0.858898
3872,0.858898
3873,0.858898
3874,0.858898
3875,0.858898
3876,0.858898
3877,0.861441
3878,0.861441
3879,0.861441
3880,0.861441
3881,0.861441
3882,0.861441
3883,0.861441
3884,0.861441
3885,0.861441
3886,0.861441
3887,0.861441
3888,0.861441
3889,0.860497
3890,0.860497
3891,0.860497
3892,0.860497
3893,0.860497
3894,0.860497
3895,0.860497
3896,0.860497
3897,0.860497
3898,0.860497
3899,0.860497
3900,0.860497
3901,0.856907
3902,0.856907
3903,0.856907
3904,0.856907
3905,0.856907
3906,0.856907
3907,0.856907
3908,0.856907
3909,0.856907
3910,0.856907
3911,0.856907
3912,0.856907
3913,0.859807
3914,0.859807
3915,0.859807
3916,0.859807
3917,0.859807
3918,0.859807
3919,0.859807
3920,0.859807
3921,0.859807
3922,0.859807
3923,0.859807
3924,0.859807
3925,0.860179
3926,0.860179
3927,0.860179
3928,0.860179
3929,0.860179
3930,0.860179
3931,0.860179
3932,0.860179
3933,0.860179
3934,0.860179
3935,0.860179
3936,0.860179
3937,0.860136
3938,0.860136
3939,0.860136
3940,0.860136
3941,0.860136
3942,0.860136
3943,0.860136
3944,0.860136
3945,0.860136
3946,0.860136
3947,0.860136
3948,0.860136
3949,0.861324
3950,0.861324
3951,0.861324
3952,0.861324
3953,0.861324
3954,0.861324
3955,0.861324
3956,0.861324
3957,0.861324
3958,0.861324
3959,0.861324
3960,0.861324
3961,0.860505
3962,0.860505
3963,0.860505
3964,0.860505
3965,0.860505
3966,0.860505
3967,0.860505
3968,0.860505
3969,0.860505
3970,0.860505
3971,0.860505
3972,0.860505
3973,0.861668
3974,0.861668
3975,0.861668
3976,0.861668
3977,0.861668
3978,0.861668
3979,0.861668
3980,0.861668
3981,0.861668
3982,0.861668
3983,0.861668
3984,0.861668
3985,0.856656
3986,0.856656
3987,0.856656
3988,0.856656
3989,0.856656
3990,0.856656
3991,0.856656
3992,0.856656
3993,0.856656
3994,0.856656
3995,0.856656
3996,0.856656
3997,0.861465
3998,0.861465
3999,0.861465
4000,0.861465
4001,0.861465
4002,0.861465
4003,0.861465
4004,0.861465
4005,0.861465
4006,0.861465
4007,0.861465
4008,0.861465
4009,0.860744
4010,0.860744
4011,0.860744
4012,0.860744
4013,0.860744
4014,0.860744
4015,0.860744
4016,0.860744
4017,0.860744
4018,0.860744
4019,0.860744
4020,0.860744
4021,0.861347
4022,0.861347
4023,0.861347
4024,0.861347
4025,0.861347
4026,0.861347
4027,0.861347
4028,0.861347
4029,0.861347
4030,0.861347
4031,0.861347
4032,0.861347
4033,0.857957
4034,0.857957
4035,0.857957
4036,0.857957
4037,0.857957
4038,0.857957
4039,0.857957
4040,0.857957
4041,0.857957
4042,0.857957
4043,0.857957
4044,0.857957
4045,0.860579
4046,0.860579
4047,0.860579
4048,0.860579
4049,0.860579
4050,0.860579
4051,0.860579
4052,0.860579
4053,0.860579
4054,0.860579
4055,0.860579
4056,0.860579
4057,0.860399
4058,0.860399
4059,0.860399
4060,0.860399
4061,0.860399
4062,0.860399
4063,0.860399
4064,0.860399
4065,0.860399
4066,0.860399
4067,0.860399
4068,0.860399
4069,0.860818
4070,0.860818
4071,0.860818
4072,0.860818
4073,0.860818
4074,0.860818
4075,0.860818
4076,0.860818
4077,0.860818
4078,0.860818
4079,0.860818
4080,0.860818
4081,0.860109
4082,0.860109
4083,0.860109
4084,0.860109
4085,0.860109
4086,0.860109
4087,0.860109
4088,0.860109
4089,0.860109
4090,0.860109
4091,0.860109
4092,0.860109
4093,0.859881
4094,0.859881
4095,0.859881
4096,0.859881
4097,0.859881
4098,0.859881
4099,0.859881
4100,0.859881
4101,0.859881
4102,0.859881
4103,0.859881
4104,0.859881
4105,0.860834
4106,0.860834
4107,0.860834
4108,0.860834
4109,0.860834
4110,0.860834
4111,0.860834
4112,0.860834
4113,0.860834
4114,0.860834
4115,0.860834
4116,0.860834
4117,0.858804
4118,0.858804
4119,0.858804
4120,0.858804
4121,0.858804
4122,0.858804
4123,0.858804
4124,0.858804
4125,0.858804
4126,0.858804
4127,0.858804
4128,0.858804
4129,0.859447
4130,0.859447
4131,0.859447
4132,0.859447
4133,0.859447
4134,0.859447
4135,0.859447
4136,0.859447
4137,0.859447
4138,0.859447
4139,0.859447
4140,0.859447
4141,0.85802
4142,0.85802
4143,0.85802
4144,0.85802
4145,0.85802
4146,0.85802
4147,0.85802
4148,0.85802
4149,0.85802
4150,0.85802
4151,0.85802
4152,0.85802
4153,0.85842
4154,0.85842
4155,0.85842
4156,0.85842
4157,0.85842
4158,0.85842
4159,0.85842
4160,0.85842
4161,0.85842
4162,0.85842
4163,0.85842
4164,0.85842
4165,0.853251
4166,0.853251
4167,0.853251
4168,0.853251
4169,0.853251
4170,0.853251
4171,0.853251
4172,0.853251
4173,0.853251
4174,0.853251
4175,0.853251
4176,0.853251
4177,0.849336
4178,0.849336
4179,0.849336
4180,0.849336
4181,0.849336
4182,0.849336
4183,0.849336
4184,0.849336
4185,0.849336
4186,0.849336
4187,0.849336
4188,0.849336
4189,0.858557
4190,0.858557
4191,0.858557
4192,0.858557
4193,0.858557
4194,0.858557
4195,0.858557
4196,0.858557
4197,0.858557
4198,0.858557
4199,0.858557
4200,0.858557
4201,0.872641
4202,0.872641
4203,0.872641
4204,0.872641
4205,0.872641
4206,0.872641
4207,0.872641
4208,0.872641
4209,0.872641
4210,0.872641
4211,0.872641
4212,0.872641
4213,0.861931
4214,0.861931
4215,0.861931
4216,0.861931
4217,0.861931
4218,0.861931
4219,0.861931
4220,0.861931
4221,0.861931
4222,0.861931
4223,0.861931
4224,0.861931
4225,0.876744
4226,0.876744
4227,0.876744
4228,0.876744
4229,0.876744
4230,0.876744
4231,0.876744
4232,0.876744
4233,0.876744
4234,0.876744
4235,0.876744
4236,0.876744
4237,0.897243
4238,0.897243
4239,0.897243
4240,0.897243
4241,0.897243
4242,0.897243
4243,0.897243
4244,0.897243
4245,0.897243
4246,0.897243
4247,0.897243
4248,0.897243
4249,0.896341
4250,0.896341
4251,0.896341
4252,0.896341
4253,0.896341
4254,0.896341
4255,0.896341
4256,0.896341
4257,0.896341
4258,0.896341
4259,0.896341
4260,0.896341
4261,0.874663
4262,0.874663
4263,0.874663
4264,0.874663
4265,0.874663
4266,0.874663
4267,0.874663
4268,0.874663
4269,0.874663
4270,0.874663
4271,0.874663
4272,0.874663
4273,0.882743
4274,0.882743
4275,0.882743
4276,0.882743
4277,0.882743
4278,0.882743
4279,0.882743
4280,0.882743
4281,0.882743
4282,0.882743
4283,0.882743
4284,0.882743
4285,0.903462
4286,0.903462
4287,0.903462
4288,0.903462
4289,0.903462
4290,0.903462
4291,0.903462
4292,0.903462
4293,0.903462
4294,0.903462
4295,0.903462
4296,0.903462
4297,0.903752
4298,0.903752
4299,0.903752
4300,0.903752
4301,0.903752
4302,0.903752
4303,0.903752
4304,0.903752
4305,0.903752
4306,0.903752
4307,0.903752
4308,0.903752
4309,0.885353
4310,0.885353
4311,0.885353
4312,0.885353
4313,0.885353
4314,0.885353
4315,0.885353
4316,0.885353
4317,0.885353
4318,0.885353
4319,0.885353
4320,0.885353
4321,0.872273
4322,0.872273
4323,0.872273
4324,0.872273
4325,0.872273
4326,0.872273
4327,0.872273
4328,0.872273
4329,0.872273
4330,0.872273
4331,0.872273
4332,0.872273
4333,0.868056
4334,0.868056
4335,0.868056
4336,0.868056
4337,0.868056
4338,0.868056
4339,0.868056
4340,0.868056
4341,0.868056
4342,0.868056
4343,0.868056
4344,0.868056
4345,0.836831
4346,0.836831
4347,0.836831
4348,0.836831
4349,0.836831
4350,0.836831
4351,0.836831
4352,0.836831
4353,0.836831
4354,0.836831
4355,0.836831
4356,0.836831
4357,0.820537
4358,0.820537
4359,0.820537
4360,0.820537
4361,0.820537
4362,0.820537
4363,0.820537
4364,0.820537
4365,0.820537
4366,0.820537
4367,0.820537
4368,0.820537
4369,0.843403
4370,0.843403
4371,0.843403
4372,0.843403
4373,0.843403
4374,0.843403
4375,0.843403
4376,0.843403
4377,0.843403
4378,0.843403
4379,0.843403
4380,0.843403
4381,0.858134
4382,0.858134
4383,0.858134
4384,0.858134
4385,0.858134
4386,0.858134
4387,0.858134
4388,0.858134
4389,0.858134
4390,0.858134
4391,0.858134
4392,0.858134
4393,0.865803
4394,0.865803
4395,0.865803
4396,0.865803
4397,0.865803
4398,0.865803
4399,0.865803
4400,0.865803
4401,0.865803
4402,0.865803
4403,0.865803
4404,0.865803
4405,0.842079
4406,0.842079
4407,0.842079
4408,0.842079
4409,0.842079
4410,0.842079
4411,0.842079
4412,0.842079
4413,0.842079
4414,0.842079
4415,0.842079
4416,0.842079
4417,0.79505
4418,0.79505
4419,0.79505
4420,0.79505
4421,0.79505
4422,0.79505
4423,0.79505
4424,0.79505
4425,0.79505
4426,0.79505
4427,0.79505
4428,0.79505
4429,0.837662
4430,0.837662
4431,0.837662
4432,0.837662
4433,0.837662
4434,0.837662
4435,0.837662
4436,0.837662
4437,0.837662
4438,0.837662
4439,0.837662
4440,0.837662
4441,0.806136
4442,0.806136
4443,0.806136
4444,0.806136
4445,0.806136
4446,0.806136
4447,0.806136
4448,0.806136
4449,0.806136
4450,0.806136
4451,0.806136
4452,0.806136
4453,0.777274
4454,0.777274
4455,0.777274
4456,0.777274
4457,0.777274
4458,0.777274
4459,0.777274
4460,0.777274
4461,0.777274
4462,0.777274
4463,0.777274
4464,0.777274
4465,0.730144
4466,0.730144
4467,0.730144
4468,0.730144
4469,0.730144
4470,0.730144
4471,0.730144
4472,0.730144
4473,0.730144
4474,0.730144
4475,0.730144
4476,0.730144
4477,0.744467
4478,0.744467
4479,0.744467
4480,0.744467
4481,0.744467
4482,0.744467
4483,0.744467
4484,0.744467
4485,0.744467
4486,0.744467
4487,0.744467
4488,0.744467
4489,0.733549
4490,0.733549
4491,0.733549
4492,0.733549
4493,0.733549
4494,0.733549
4495,0.733549
4496,0.733549
4497,0.733549
4498,0.733549
4499,0.733549
4500,0.733549
4501,0.78175
4502,0.78175
4503,0.78175
4504,0.78175
4505,0.78175
4506,0.78175
4507,0.78175
4508,0.78175
4509,0.78175
4510,0.78175
4511,0.78175
4512,0.78175
4513,0.874898
4514,0.874898
4515,0.874898
4516,0.874898
4517,0.874898
4518,0.874898
4519,0.874898
4520,0.874898
4521,0.874898
4522,0.874898
4523,0.874898
4524,0.874898
4525,0.898375
4526,0.898375
4527,0.898375
4528,0.898375
4529,0.898375
4530,0.898375
4531,0.898375
4532,0.898375
4533,0.898375
4534,0.898375
4535,0.898375
4536,0.898375
4537,0.896729
4538,0.896729
4539,0.896729
4540,0.896729
4541,0.896729
4542,0.896729
4543,0.896729
4544,0.896729
4545,0.896729
4546,0.896729
4547,0.896729
4548,0.896729
4549,0.886733
4550,0.886733
4551,0.886733
4552,0.886733
4553,0.886733
4554,0.886733
4555,0.886733
4556,0.886733
4557,0.886733
4558,0.886733
4559,0.886733
4560,0.886733
4561,0.843576
4562,0.843576
4563,0.843576
4564,0.843576
4565,0.843576
4566,0.843576
4567,0.843576
4568,0.843576
4569,0.843576
4570,0.843576
4571,0.843576
4572,0.843576
4573,0.85023
4574,0.85023
4575,0.85023
4576,0.85023
4577,0.85023
4578,0.85023
4579,0.85023
4580,0.85023
4581,0.85023
4582,0.85023
4583,0.85023
4584,0.85023
4585,0.809365
4586,0.809365
4587,0.809365
4588,0.809365
4589,0.809365
4590,0.809365
4591,0.809365
4592,0.809365
4593,0.809365
4594,0.809365
4595,0.809365
4596,0.809365
4597,0.842729
4598,0.842729
4599,0.842729
4600,0.842729
4601,0.842729
4602,0.842729
4603,0.842729
4604,0.842729
4605,0.842729
4606,0.842729
4607,0.842729
4608,0.842729
4609,0.80949
4610,0.80949
4611,0.80949
4612,0.80949
4613,0.80949
4614,0.80949
4615,0.80949
4616,0.80949
4617,0.80949
4618,0.80949
4619,0.80949
4620,0.80949
4621,0.83265
4622,0.83265
4623,0.83265
4624,0.83265
4625,0.83265
4626,0.83265
4627,0.83265
4628,0.83265
4629,0.83265
4630,0.83265
4631,0.83265
4632,0.83265
4633,0.785508
4634,0.785508
4635,0.785508
4636,0.785508
4637,0.785508
4638,0.785508
4639,0.785508
4640,0.785508
4641,0.785508
4642,0.785508
4643,0.785508
4644,0.785508
4645,0.791786
4646,0.791786
4647,0.791786
4648,0.791786
4649,0.791786
4650,0.791786
4651,0.791786
4652,0.791786
4653,0.791786
4654,0.791786
4655,0.791786
4656,0.791786
4657,0.818989
4658,0.818989
4659,0.818989
4660,0.818989
4661,0.818989
4662,0.818989
4663,0.818989
4664,0.818989
4665,0.818989
4666,0.818989
4667,0.818989
4668,0.818989
4669,0.84673
4670,0.84673
4671,0.84673
4672,0.84673
4673,0.84673
4674,0.84673
4675,0.84673
4676,0.84673
4677,0.84673
4678,0.84673
4679,0.84673
4680,0.84673
4681,0.763931
4682,0.763931
4683,0.763931
4684,0.763931
4685,0.763931
4686,0.763931
4687,0.763931
4688,0.763931
4689,0.763931
4690,0.763931
4691,0.763931
4692,0.763931
4693,0.683385
4694,0.683385
4695,0.683385
4696,0.683385
4697,0.683385
4698,0.683385
4699,0.683385
4700,0.683385
4701,0.683385
4702,0.683385
4703,0.683385
4704,0.683385
4705,0.712792
4706,0.712792
4707,0.712792
4708,0.712792
4709,0.712792
4710,0.712792
4711,0.712792
4712,0.712792
4713,0.712792
4714,0.712792
4715,0.712792
4716,0.712792
4717,0.780519
4718,0.780519
4719,0.780519
4720,0.780519
4721,0.780519
4722,0.780519
4723,0.780519
4724,0.780519
4725,0.780519
4726,0.780519
4727,0.780519
4728,0.780519
4729,0.827231
4730,0.827231
4731,0.827231
4732,0.827231
4733,0.827231
4734,0.827231
4735,0.827231
4736,0.827231
4737,0.827231
4738,0.827231
4739,0.827231
4740,0.827231
4741,0.859388
4742,0.859388
4743,0.859388
4744,0.859388
4745,0.859388
4746,0.859388
4747,0.859388
4748,0.859388
4749,0.859388
4750,0.859388
4751,0.859388
4752,0.859388
4753,0.691987
4754,0.691987
4755,0.691987
4756,0.691987
4757,0.691987
4758,0.691987
4759,0.691987
4760,0.691987
4761,0.691987
4762,0.691987
4763,0.691987
4764,0.691987
4765,0.409407
4766,0.409407
4767,0.409407
4768,0.409407
4769,0.409407
4770,0.409407
4771,0.409407
4772,0.409407
4773,0.409407
4774,0.409407
4775,0.409407
4776,0.409407
4777,0.316795
4778,0.316795
4779,0.316795
4780,0.316795
4781,0.316795
4782,0.316795
4783,0.316795
4784,0.316795
4785,0.316795
4786,0.316795
4787,0.316795
4788,0.316795
4789,0.252242
4790,0.252242
4791,0.252242
4792,0.252242
4793,0.252242
4794,0.252242
4795,0.252242
4796,0.252242
4797,0.252242
4798,0.252242
4799,0.252242
4800,0.252242
4801,0.188256
4802,0.188256
4803,0.188256
4804,0.188256
4805,0.188256
4806,0.188256
4807,0.188256
4808,0.188256
4809,0.188256
4810,0.188256
4811,0.188256
4812,0.188256
4813,0.179502
4814,0.179502
4815,0.179502
4816,0.179502
4817,0.179502
4818,0.179502
4819,0.179502
4820,0.179502
4821,0.179502
4822,0.179502
4823,0.179502
4824,0.179502
4825,0.157667
4826,0.157667
4827,0.157667
4828,0.157667
4829,0.157667
4830,0.157667
4831,0.157667
4832,0.157667
4833,0.157667
4834,0.157667
4835,0.157667
4836,0.157667
4837,0.15617
4838,0.15617
4839,0.15617
4840,0.15617
4841,0.15617
4842,0.15617
4843,0.15617
4844,0.15617
4845,0.15617
4846,0.15617
4847,0.15617
4848,0.15617
4849,0.155872
4850,0.155872
4851,0.155872
4852,0.155872
4853,0.155872
4854,0.155872
4855,0.155872
4856,0.155872
4857,0.155872
4858,0.155872
4859,0.155872
4860,0.155872
4861,0.156577
4862,0.156577
4863,0.156577
4864,0.156577
4865,0.156577
4866,0.156577
4867,0.156577
4868,0.156577
4869,0.156577
4870,0.156577
4871,0.156577
4872,0.156577
4873,0.156221
4874,0.156221
4875,0.156221
4876,0.156221
4877,0.156221
4878,0.156221
4879,0.156221
4880,0.156221
4881,0.156221
4882,0.156221
4883,0.156221
4884,0.156221
4885,0.153458
4886,0.153458
4887,0.153458
4888,0.153458
4889,0.153458
4890,0.153458
4891,0.153458
4892,0.153458
4893,0.153458
4894,0.153458
4895,0.153458
4896,0.153458
4897,0.153356
4898,0.153356
4899,0.153356
4900,0.153356
4901,0.153356
4902,0.153356
4903,0.153356
4904,0.153356
4905,0.153356
4906,0.153356
4907,0.153356
4908,0.153356
4909,0.153767
4910,0.153767
4911,0.153767
4912,0.153767
4913,0.153767
4914,0.153767
4915,0.153767
4916,0.153767
4917,0.153767
4918,0.153767
4919,0.153767
4920,0.153767
4921,0.198037
4922,0.198037
4923,0.198037
4924,0.198037
4925,0.198037
4926,0.198037
4927,0.198037
4928,0.198037
4929,0.198037
4930,0.198037
4931,0.198037
4932,0.198037
4933,0.290872
4934,0.290872
4935,0.290872
4936,0.290872
4937,0.290872
4938,0.290872
4939,0.290872
4940,0.290872
4941,0.290872
4942,0.290872
4943,0.290872
4944,0.290872
4945,0.470958
4946,0.470958
4947,0.470958
4948,0.470958
4949,0.470958
4950,0.470958
4951,0.470958
4952,0.470958
4953,0.470958
4954,0.470958
4955,0.470958
4956,0.470958
4957,0.404908
4958,0.404908
4959,0.404908
4960,0.404908
4961,0.404908
4962,0.404908
4963,0.404908
4964,0.404908
4965,0.404908
4966,0.404908
4967,0.404908
4968,0.404908
4969,0.248103
4970,0.248103
4971,0.248103
4972,0.248103
4973,0.248103
4974,0.248103
4975,0.248103
4976,0.248103
4977,0.248103
4978,0.248103
4979,0.248103
4980,0.248103
4981,0.318441
4982,0.318441
4983,0.318441
4984,0.318441
4985,0.318441
4986,0.318441
4987,0.318441
4988,0.318441
4989,0.318441
4990,0.318441
4991,0.318441
4992,0.318441
4993,0.275005
4994,0.275005
4995,0.275005
4996,0.275005
4997,0.275005
4998,0.275005
4999,0.275005
5000,0.275005
5001,0.275005
5002,0.275005
5003,0.275005
5004,0.275005
5005,0.241042
5006,0.241042
5007,0.241042
5008,0.241042
5009,0.241042
5010,0.241042
5011,0.241042
5012,0.241042
5013,0.241042
5014,0.241042
5015,0.241042
5016,0.241042
5017,0.214849
5018,0.214849
5019,0.214849
5020,0.214849
5021,0.214849
5022,0.214849
5023,0.214849
5024,0.214849
5025,0.214849
5026,0.214849
5027,0.214849
5028,0.214849
5029,0.208261
5030,0.208261
5031,0.208261
5032,0.208261
5033,0.208261
5034,0.208261
5035,0.208261
5036,0.208261
5037,0.208261
5038,0.208261
5039,0.208261
5040,0.208261
5041,0.177225
5042,0.177225
5043,0.177225
5044,0.177225
5045,0.177225
5046,0.177225
5047,0.177225
5048,0.177225
5049,0.177225
5050,0.177225
5051,0.177225
5052,0.177225
5053,0.204139
5054,0.204139
5055,0.204139
5056,0.204139
5057,0.204139
5058,0.204139
5059,0.204139
5060,0.204139
5061,0.204139
5062,0.204139
5063,0.204139
5064,0.204139
5065,0.364521
5066,0.364521
5067,0.364521
5068,0.364521
5069,0.364521
5070,0.364521
5071,0.364521
5072,0.364521
5073,0.364521
5074,0.364521
5075,0.364521
5076,0.364521
5077,0.515769
5078,0.515769
5079,0.515769
5080,0.515769
5081,0.515769
5082,0.515769
5083,0.515769
5084,0.515769
5085,0.515769
5086,0.515769
5087,0.515769
5088,0.515769
5089,0.498977
5090,0.498977
5091,0.498977
5092,0.498977
5093,0.498977
5094,0.498977
5095,0.498977
5096,0.498977
5097,0.498977
5098,0.498977
5099,0.498977
5100,0.498977
5101,0.296982
5102,0.296982
5103,0.296982
5104,0.296982
5105,0.296982
5106,0.296982
5107,0.296982
5108,0.296982
5109,0.296982
5110,0.296982
5111,0.296982
5112,0.296982
5113,0.198147
5114,0.198147
5115,0.198147
5116,0.198147
5117,0.198147
5118,0.198147
5119,0.198147
5120,0.198147
5121,0.198147
5122,0.198147
5123,0.198147
5124,0.198147
5125,0.166688
5126,0.166688
5127,0.166688
5128,0.166688
5129,0.166688
5130,0.166688
5131,0.166688
5132,0.166688
5133,0.166688
5134,0.166688
5135,0.166688
5136,0.166688
5137,0.131305
5138,0.131305
5139,0.131305
5140,0.131305
5141,0.131305
5142,0.131305
5143,0.131305
5144,0.131305
5145,0.131305
5146,0.131305
5147,0.131305
5148,0.131305
5149,0.132261
5150,0.132261
5151,0.132261
5152,0.132261
5153,0.132261
5154,0.132261
5155,0.132261
5156,0.132261
5157,0.132261
5158,0.132261
5159,0.132261
5160,0.132261
5161,0.132414
5162,0.132414
5163,0.132414
5164,0.132414
5165,0.132414
5166,0.132414
5167,0.132414
5168,0.132414
5169,0.132414
5170,0.132414
5171,0.132414
5172,0.132414
5173,0.133045
5174,0.133045
5175,0.133045
5176,0.133045
5177,0.133045
5178,0.133045
5179,0.133045
5180,0.133045
5181,0.133045
5182,0.133045
5183,0.133045
5184,0.133045
5185,0.132199
5186,0.132199
5187,0.132199
5188,0.132199
5189,0.132199
5190,0.132199
5191,0.132199
5192,0.132199
5193,0.132199
5194,0.132199
5195,0.132199
5196,0.132199
5197,0.132857
5198,0.132857
5199,0.132857
5200,0.132857
5201,0.132857
5202,0.132857
5203,0.132857
5204,0.132857
5205,0.132857
5206,0.132857
5207,0.132857
5208,0.132857
5209,0.133163
5210,0.133163
5211,0.133163
5212,0.133163
5213,0.133163
5214,0.133163
5215,0.133163
5216,0.133163
5217,0.133163
5218,0.133163
5219,0.133163
5220,0.133163
5221,0.132183
5222,0.132183
5223,0.132183
5224,0.132183
5225,0.132183
5226,0.132183
5227,0.132183
5228,0.132183
5229,0.132183
5230,0.132183
5231,0.132183
5232,0.132183
5233,0.132818
5234,0.132818
5235,0.132818
5236,0.132818
5237,0.132818
5238,0.132818
5239,0.132818
5240,0.132818
5241,0.132818
5242,0.132818
5243,0.132818
5244,0.132818
5245,0.130565
5246,0.130565
5247,0.130565
5248,0.130565
5249,0.130565
5250,0.130565
5251,0.130565
5252,0.130565
5253,0.130565
5254,0.130565
5255,0.130565
5256,0.130565
5257,0.131274
5258,0.131274
5259,0.131274
5260,0.131274
5261,0.131274
5262,0.131274
5263,0.131274
5264,0.131274
5265,0.131274
5266,0.131274
5267,0.131274
5268,0.131274
5269,0.23378
5270,0.23378
5271,0.23378
5272,0.23378
5273,0.23378
5274,0.23378
5275,0.23378
5276,0.23378
5277,0.23378
5278,0.23378
5279,0.23378
5280,0.23378
5281,0.308734
5282,0.308734
5283,0.308734
5284,0.308734
5285,0.308734
5286,0.308734
5287,0.308734
5288,0.308734
5289,0.308734
5290,0.308734
5291,0.308734
5292,0.308734
5293,0.3077
5294,0.3077
5295,0.3077
5296,0.3077
5297,0.3077
5298,0.3077
5299,0.3077
5300,0.3077
5301,0.3077
5302,0.3077
5303,0.3077
5304,0.3077
5305,0.473415
5306,0.473415
5307,0.473415
5308,0.473415
5309,0.473415
5310,0.473415
5311,0.473415
5312,0.473415
5313,0.473415
5314,0.473415
5315,0.473415
5316,0.473415
5317,0.584829
5318,0.584829
5319,0.584829
5320,0.584829
5321,0.584829
5322,0.584829
5323,0.584829
5324,0.584829
5325,0.584829
5326,0.584829
5327,0.584829
5328,0.584829
5329,0.611951
5330,0.611951
5331,0.611951
5332,0.611951
5333,0.611951
5334,0.611951
5335,0.611951
5336,0.611951
5337,0.611951
5338,0.611951
5339,0.611951
5340,0.611951
5341,0.572226
5342,0.572226
5343,0.572226
5344,0.572226
5345,0.572226
5346,0.572226
5347,0.572226
5348,0.572226
5349,0.572226
5350,0.572226
5351,0.572226
5352,0.572226
5353,0.558573
5354,0.558573
5355,0.558573
5356,0.558573
5357,0.558573
5358,0.558573
5359,0.558573
5360,0.558573
5361,0.558573
5362,0.558573
5363,0.558573
5364,0.558573
5365,0.54032
5366,0.54032
5367,0.54032
5368,0.54032
5369,0.54032
5370,0.54032
5371,0.54032
5372,0.54032
5373,0.54032
5374,0.54032
5375,0.54032
5376,0.54032
5377,0.492351
5378,0.492351
5379,0.492351
5380,0.492351
5381,0.492351
5382,0.492351
5383,0.492351
5384,0.492351
5385,0.492351
5386,0.492351
5387,0.492351
5388,0.492351
5389,0.449346
5390,0.449346
5391,0.449346
5392,0.449346
5393,0.449346
5394,0.449346
5395,0.449346
5396,0.449346
5397,0.449346
5398,0.449346
5399,0.449346
5400,0.449346
5401,0.460421
5402,0.460421
5403,0.460421
5404,0.460421
5405,0.460421
5406,0.460421
5407,0.460421
5408,0.460421
5409,0.460421
5410,0.460421
5411,0.460421
5412,0.460421
5413,0.494471
5414,0.494471
5415,0.494471
5416,0.494471
5417,0.494471
5418,0.494471
5419,0.494471
5420,0.494471
5421,0.494471
5422,0.494471
5423,0.494471
5424,0.494471
5425,0.523042
5426,0.523042
5427,0.523042
5428,0.523042
5429,0.523042
5430,0.523042
5431,0.523042
5432,0.523042
5433,0.523042
5434,0.523042
5435,0.523042
5436,0.523042
5437,0.547719
5438,0.547719
5439,0.547719
5440,0.547719
5441,0.547719
5442,0.547719
5443,0.547719
5444,0.547719
5445,0.547719
5446,0.547719
5447,0.547719
5448,0.547719
5449,0.574934
5450,0.574934
5451,0.574934
5452,0.574934
5453,0.574934
5454,0.574934
5455,0.574934
5456,0.574934
5457,0.574934
5458,0.574934
5459,0.574934
5460,0.574934
5461,0.595625
5462,0.595625
5463,0.595625
5464,0.595625
5465,0.595625
5466,0.595625
5467,0.595625
5468,0.595625
5469,0.595625
5470,0.595625
5471,0.595625
5472,0.595625
5473,0.641325
5474,0.641325
5475,0.641325
5476,0.641325
5477,0.641325
5478,0.641325
5479,0.641325
5480,0.641325
5481,0.641325
5482,0.641325
5483,0.641325
5484,0.641325
5485,0.649194
5486,0.649194
5487,0.649194
5488,0.649194
5489,0.649194
5490,0.649194
5491,0.649194
5492,0.649194
5493,0.649194
5494,0.649194
5495,0.649194
5496,0.649194
5497,0.675669
5498,0.675669
5499,0.675669
5500,0.675669
5501,0.675669
5502,0.675669
5503,0.675669
5504,0.675669
5505,0.675669
5506,0.675669
5507,0.675669
5508,0.675669
5509,0.776361
5510,0.776361
5511,0.776361
5512,0.776361
5513,0.776361
5514,0.776361
5515,0.776361
5516,0.776361
5517,0.776361
5518,0.776361
5519,0.776361
5520,0.776361
5521,0.824433
5522,0.824433
5523,0.824433
5524,0.824433
5525,0.824433
5526,0.824433
5527,0.824433
5528,0.824433
5529,0.824433
5530,0.824433
5531,0.824433
5532,0.824433
5533,0.827932
5534,0.827932
5535,0.827932
5536,0.827932
5537,0.827932
5538,0.827932
5539,0.827932
5540,0.827932
5541,0.827932
5542,0.827932
5543,0.827932
5544,0.827932
5545,0.831745
5546,0.831745
5547,0.831745
5548,0.831745
5549,0.831745
5550,0.831745
5551,0.831745
5552,0.831745
5553,0.831745
5554,0.831745
5555,0.831745
5556,0.831745
5557,0.830859
5558,0.830859
5559,0.830859
5560,0.830859
5561,0.830859
5562,0.830859
5563,0.830859
5564,0.830859
5565,0.830859
5566,0.830859
5567,0.830859
5568,0.830859
5569,0.829331
5570,0.829331
5571,0.829331
5572,0.829331
5573,0.829331
5574,0.829331
5575,0.829331
5576,0.829331
5577,0.829331
5578,0.829331
5579,0.829331
5580,0.829331
5581,0.816164
5582,0.816164
5583,0.816164
5584,0.816164
5585,0.816164
5586,0.816164
5587,0.816164
5588,0.816164
5589,0.816164
5590,0.816164
5591,0.816164
5592,0.816164
5593,0.821509
5594,0.821509
5595,0.821509
5596,0.821509
5597,0.821509
5598,0.821509
5599,0.821509
5600,0.821509
5601,0.821509
5602,0.821509
5603,0.821509
5604,0.821509
5605,0.821282
5606,0.821282
5607,0.821282
5608,0.821282
5609,0.821282
5610,0.821282
5611,0.821282
5612,0.821282
5613,0.821282
5614,0.821282
5615,0.821282
5616,0.821282
5617,0.816407
5618,0.816407
5619,0.816407
5620,0.816407
5621,0.816407
5622,0.816407
5623,0.816407
5624,0.816407
5625,0.816407
5626,0.816407
5627,0.816407
5628,0.816407
5629,0.80931
5630,0.80931
5631,0.80931
5632,0.80931
5633,0.80931
5634,0.80931
5635,0.80931
5636,0.80931
5637,0.80931
5638,0.80931
5639,0.80931
5640,0.80931
5641,0.811528
5642,0.811528
5643,0.811528
5644,0.811528
5645,0.811528
5646,0.811528
5647,0.811528
5648,0.811528
5649,0.811528
5650,0.811528
5651,0.811528
5652,0.811528
5653,0.812974
5654,0.812974
5655,0.812974
5656,0.812974
5657,0.812974
5658,0.812974
5659,0.812974
5660,0.812974
5661,0.812974
5662,0.812974
5663,0.812974
5664,0.812974
5665,0.808758
5666,0.808758
5667,0.808758
5668,0.808758
5669,0.808758
5670,0.808758
5671,0.808758
5672,0.808758
5673,0.808758
5674,0.808758
5675,0.808758
5676,0.808758
5677,0.806003
5678,0.806003
5679,0.806003
5680,0.806003
5681,0.806003
5682,0.806003
5683,0.806003
5684,0.806003
5685,0.806003
5686,0.806003
5687,0.806003
5688,0.806003
5689,0.805203
5690,0.805203
5691,0.805203
5692,0.805203
5693,0.805203
5694,0.805203
5695,0.805203
5696,0.805203
5697,0.805203
5698,0.805203
5699,0.805203
5700,0.805203
5701,0.808287
5702,0.808287
5703,0.808287
5704,0.808287
5705,0.808287
5706,0.808287
5707,0.808287
5708,0.808287
5709,0.808287
5710,0.808287
5711,0.808287
5712,0.808287
5713,0.805129
5714,0.805129
5715,0.805129
5716,0.805129
5717,0.805129
5718,0.805129
5719,0.805129
5720,0.805129
5721,0.805129
5722,0.805129
