framenum,queue density
1,0.260933
2,0.260933
3,0.260933
4,0.260933
5,0.260933
6,0.260933
7,0.260933
8,0.260933
9,0.252708
10,0.252708
11,0.252708
12,0.252708
13,0.252708
14,0.252708
15,0.252708
16,0.252708
17,0.309404
18,0.309404
19,0.309404
20,0.309404
21,0.309404
22,0.309404
23,0.309404
24,0.309404
25,0.330942
26,0.330942
27,0.330942
28,0.330942
29,0.330942
30,0.330942
31,0.330942
32,0.330942
33,0.322124
34,0.322124
35,0.322124
36,0.322124
37,0.322124
38,0.322124
39,0.322124
40,0.322124
41,0.326051
42,0.326051
43,0.326051
44,0.326051
45,0.326051
46,0.326051
47,0.326051
48,0.326051
49,0.306026
50,0.306026
51,0.306026
52,0.306026
53,0.306026
54,0.306026
55,0.306026
56,0.306026
57,0.299517
58,0.299517
59,0.299517
60,0.299517
61,0.299517
62,0.299517
63,0.299517
64,0.299517
65,0.297766
66,0.297766
67,0.297766
68,0.297766
69,0.297766
70,0.297766
71,0.297766
72,0.297766
73,0.294309
74,0.294309
75,0.294309
76,0.294309
77,0.294309
78,0.294309
79,0.294309
80,0.294309
81,0.298882
82,0.298882
83,0.298882
84,0.298882
85,0.298882
86,0.298882
87,0.298882
88,0.298882
89,0.335401
90,0.335401
91,0.335401
92,0.335401
93,0.335401
94,0.335401
95,0.335401
96,0.335401
97,0.379926
98,0.379926
99,0.379926
100,0.379926
101,0.379926
102,0.379926
103,0.379926
104,0.379926
105,0.410214
106,0.410214
107,0.410214
108,0.410214
109,0.410214
110,0.410214
111,0.410214
112,0.410214
113,0.402137
114,0.402137
115,0.402137
116,0.402137
117,0.402137
118,0.402137
119,0.402137
120,0.402137
121,0.386611
122,0.386611
123,0.386611
124,0.386611
125,0.386611
126,0.386611
127,0.386611
128,0.386611
129,0.41572
130,0.41572
131,0.41572
132,0.41572
133,0.41572
134,0.41572
135,0.41572
136,0.41572
137,0.433264
138,0.433264
139,0.433264
140,0.433264
141,0.433264
142,0.433264
143,0.433264
144,0.433264
145,0.419874
146,0.419874
147,0.419874
148,0.419874
149,0.419874
150,0.419874
151,0.419874
152,0.419874
153,0.410288
154,0.410288
155,0.410288
156,0.410288
157,0.410288
158,0.410288
159,0.410288
160,0.410288
161,0.388531
162,0.388531
163,0.388531
164,0.388531
165,0.388531
166,0.388531
167,0.388531
168,0.388531
169,0.377292
170,0.377292
171,0.377292
172,0.377292
173,0.377292
174,0.377292
175,0.377292
176,0.377292
177,0.363949
178,0.363949
179,0.363949
180,0.363949
181,0.363949
182,0.363949
183,0.363949
184,0.363949
185,0.360097
186,0.360097
187,0.360097
188,0.360097
189,0.360097
190,0.360097
191,0.360097
192,0.360097
193,0.354458
194,0.354458
195,0.354458
196,0.354458
197,0.354458
198,0.354458
199,0.354458
200,0.354458
201,0.349955
202,0.349955
203,0.349955
204,0.349955
205,0.349955
206,0.349955
207,0.349955
208,0.349955
209,0.349297
210,0.349297
211,0.349297
212,0.349297
213,0.349297
214,0.349297
215,0.349297
216,0.349297
217,0.349583
218,0.349583
219,0.349583
220,0.349583
221,0.349583
222,0.349583
223,0.349583
224,0.349583
225,0.350398
226,0.350398
227,0.350398
228,0.350398
229,0.350398
230,0.350398
231,0.350398
232,0.350398
233,0.34994
234,0.34994
235,0.34994
236,0.34994
237,0.34994
238,0.34994
239,0.34994
240,0.34994
241,0.347702
242,0.347702
243,0.347702
244,0.347702
245,0.347702
246,0.347702
247,0.347702
248,0.347702
249,0.348325
250,0.348325
251,0.348325
252,0.348325
253,0.348325
254,0.348325
255,0.348325
256,0.348325
257,0.349846
258,0.349846
259,0.349846
260,0.349846
261,0.349846
262,0.349846
263,0.349846
264,0.349846
265,0.34778
266,0.34778
267,0.34778
268,0.34778
269,0.34778
270,0.34778
271,0.34778
272,0.34778
273,0.342643
274,0.342643
275,0.342643
276,0.342643
277,0.342643
278,0.342643
279,0.342643
280,0.342643
281,0.341291
282,0.341291
283,0.341291
284,0.341291
285,0.341291
286,0.341291
287,0.341291
288,0.341291
289,0.34664
290,0.34664
291,0.34664
292,0.34664
293,0.34664
294,0.34664
295,0.34664
296,0.34664
297,0.338885
298,0.338885
299,0.338885
300,0.338885
301,0.338885
302,0.338885
303,0.338885
304,0.338885
305,0.336056
306,0.336056
307,0.336056
308,0.336056
309,0.336056
310,0.336056
311,0.336056
312,0.336056
313,0.336843
314,0.336843
315,0.336843
316,0.336843
317,0.336843
318,0.336843
319,0.336843
320,0.336843
321,0.341052
322,0.341052
323,0.341052
324,0.341052
325,0.341052
326,0.341052
327,0.341052
328,0.341052
329,0.341593
330,0.341593
331,0.341593
332,0.341593
333,0.341593
334,0.341593
335,0.341593
336,0.341593
337,0.342666
338,0.342666
339,0.342666
340,0.342666
341,0.342666
342,0.342666
343,0.342666
344,0.342666
345,0.350089
346,0.350089
347,0.350089
348,0.350089
349,0.350089
350,0.350089
351,0.350089
352,0.350089
353,0.366802
354,0.366802
355,0.366802
356,0.366802
357,0.366802
358,0.366802
359,0.366802
360,0.366802
361,0.377406
362,0.377406
363,0.377406
364,0.377406
365,0.377406
366,0.377406
367,0.377406
368,0.377406
369,0.375043
370,0.375043
371,0.375043
372,0.375043
373,0.375043
374,0.375043
375,0.375043
376,0.375043
377,0.366144
378,0.366144
379,0.366144
380,0.366144
381,0.366144
382,0.366144
383,0.366144
384,0.366144
385,0.361284
386,0.361284
387,0.361284
388,0.361284
389,0.361284
390,0.361284
391,0.361284
392,0.361284
393,0.377618
394,0.377618
395,0.377618
396,0.377618
397,0.377618
398,0.377618
399,0.377618
400,0.377618
401,0.39149
402,0.39149
403,0.39149
404,0.39149
405,0.39149
406,0.39149
407,0.39149
408,0.39149
409,0.406264
410,0.406264
411,0.406264
412,0.406264
413,0.406264
414,0.406264
415,0.406264
416,0.406264
417,0.427049
418,0.427049
419,0.427049
420,0.427049
421,0.427049
422,0.427049
423,0.427049
424,0.427049
425,0.453927
426,0.453927
427,0.453927
428,0.453927
429,0.453927
430,0.453927
431,0.453927
432,0.453927
433,0.489972
434,0.489972
435,0.489972
436,0.489972
437,0.489972
438,0.489972
439,0.489972
440,0.489972
441,0.521663
442,0.521663
443,0.521663
444,0.521663
445,0.521663
446,0.521663
447,0.521663
448,0.521663
449,0.547918
450,0.547918
451,0.547918
452,0.547918
453,0.547918
454,0.547918
455,0.547918
456,0.547918
457,0.560991
458,0.560991
459,0.560991
460,0.560991
461,0.560991
462,0.560991
463,0.560991
464,0.560991
465,0.576937
466,0.576937
467,0.576937
468,0.576937
469,0.576937
470,0.576937
471,0.576937
472,0.576937
473,0.597416
474,0.597416
475,0.597416
476,0.597416
477,0.597416
478,0.597416
479,0.597416
480,0.597416
481,0.602342
482,0.602342
483,0.602342
484,0.602342
485,0.602342
486,0.602342
487,0.602342
488,0.602342
489,0.602381
490,0.602381
491,0.602381
492,0.602381
493,0.602381
494,0.602381
495,0.602381
496,0.602381
497,0.603796
498,0.603796
499,0.603796
500,0.603796
501,0.603796
502,0.603796
503,0.603796
504,0.603796
505,0.602781
506,0.602781
507,0.602781
508,0.602781
509,0.602781
510,0.602781
511,0.602781
512,0.602781
513,0.600719
514,0.600719
515,0.600719
516,0.600719
517,0.600719
518,0.600719
519,0.600719
520,0.600719
521,0.646502
522,0.646502
523,0.646502
524,0.646502
525,0.646502
526,0.646502
527,0.646502
528,0.646502
529,0.682782
530,0.682782
531,0.682782
532,0.682782
533,0.682782
534,0.682782
535,0.682782
536,0.682782
537,0.691199
538,0.691199
539,0.691199
540,0.691199
541,0.691199
542,0.691199
543,0.691199
544,0.691199
545,0.70979
546,0.70979
547,0.70979
548,0.70979
549,0.70979
550,0.70979
551,0.70979
552,0.70979
553,0.70591
554,0.70591
555,0.70591
556,0.70591
557,0.70591
558,0.70591
559,0.70591
560,0.70591
561,0.700079
562,0.700079
563,0.700079
564,0.700079
565,0.700079
566,0.700079
567,0.700079
568,0.700079
569,0.701259
570,0.701259
571,0.701259
572,0.701259
573,0.701259
574,0.701259
575,0.701259
576,0.701259
577,0.694256
578,0.694256
579,0.694256
580,0.694256
581,0.694256
582,0.694256
583,0.694256
584,0.694256
585,0.691826
586,0.691826
587,0.691826
588,0.691826
589,0.691826
590,0.691826
591,0.691826
592,0.691826
593,0.696854
594,0.696854
595,0.696854
596,0.696854
597,0.696854
598,0.696854
599,0.696854
600,0.696854
601,0.736206
602,0.736206
603,0.736206
604,0.736206
605,0.736206
606,0.736206
607,0.736206
608,0.736206
609,0.750396
610,0.750396
611,0.750396
612,0.750396
613,0.750396
614,0.750396
615,0.750396
616,0.750396
617,0.764699
618,0.764699
619,0.764699
620,0.764699
621,0.764699
622,0.764699
623,0.764699
624,0.764699
625,0.783431
626,0.783431
627,0.783431
628,0.783431
629,0.783431
630,0.783431
631,0.783431
632,0.783431
633,0.796155
634,0.796155
635,0.796155
636,0.796155
637,0.796155
638,0.796155
639,0.796155
640,0.796155
641,0.805329
642,0.805329
643,0.805329
644,0.805329
645,0.805329
646,0.805329
647,0.805329
648,0.805329
649,0.817351
650,0.817351
651,0.817351
652,0.817351
653,0.817351
654,0.817351
655,0.817351
656,0.817351
657,0.824515
658,0.824515
659,0.824515
660,0.824515
661,0.824515
662,0.824515
663,0.824515
664,0.824515
665,0.821936
666,0.821936
667,0.821936
668,0.821936
669,0.821936
670,0.821936
671,0.821936
672,0.821936
673,0.819366
674,0.819366
675,0.819366
676,0.819366
677,0.819366
678,0.819366
679,0.819366
680,0.819366
681,0.817877
682,0.817877
683,0.817877
684,0.817877
685,0.817877
686,0.817877
687,0.817877
688,0.817877
689,0.812441
690,0.812441
691,0.812441
692,0.812441
693,0.812441
694,0.812441
695,0.812441
696,0.812441
697,0.813127
698,0.813127
699,0.813127
700,0.813127
701,0.813127
702,0.813127
703,0.813127
704,0.813127
705,0.816681
706,0.816681
707,0.816681
708,0.816681
709,0.816681
710,0.816681
711,0.816681
712,0.816681
713,0.826533
714,0.826533
715,0.826533
716,0.826533
717,0.826533
718,0.826533
719,0.826533
720,0.826533
721,0.837795
722,0.837795
723,0.837795
724,0.837795
725,0.837795
726,0.837795
727,0.837795
728,0.837795
729,0.838807
730,0.838807
731,0.838807
732,0.838807
733,0.838807
734,0.838807
735,0.838807
736,0.838807
737,0.838889
738,0.838889
739,0.838889
740,0.838889
741,0.838889
742,0.838889
743,0.838889
744,0.838889
745,0.8399
746,0.8399
747,0.8399
748,0.8399
749,0.8399
750,0.8399
751,0.8399
752,0.8399
753,0.839982
754,0.839982
755,0.839982
756,0.839982
757,0.839982
758,0.839982
759,0.839982
760,0.839982
761,0.841052
762,0.841052
763,0.841052
764,0.841052
765,0.841052
766,0.841052
767,0.841052
768,0.841052
769,0.84229
770,0.84229
771,0.84229
772,0.84229
773,0.84229
774,0.84229
775,0.84229
776,0.84229
777,0.846511
778,0.846511
779,0.846511
780,0.846511
781,0.846511
782,0.846511
783,0.846511
784,0.846511
785,0.845331
786,0.845331
787,0.845331
788,0.845331
789,0.845331
790,0.845331
791,0.845331
792,0.845331
793,0.844908
794,0.844908
795,0.844908
796,0.844908
797,0.844908
798,0.844908
799,0.844908
800,0.844908
801,0.841808
802,0.841808
803,0.841808
804,0.841808
805,0.841808
806,0.841808
807,0.841808
808,0.841808
809,0.840797
810,0.840797
811,0.840797
812,0.840797
813,0.840797
814,0.840797
815,0.840797
816,0.840797
817,0.843678
818,0.843678
819,0.843678
820,0.843678
821,0.843678
822,0.843678
823,0.843678
824,0.843678
825,0.846378
826,0.846378
827,0.846378
828,0.846378
829,0.846378
830,0.846378
831,0.846378
832,0.846378
833,0.848541
834,0.848541
835,0.848541
836,0.848541
837,0.848541
838,0.848541
839,0.848541
840,0.848541
841,0.849277
842,0.849277
843,0.849277
844,0.849277
845,0.849277
846,0.849277
847,0.849277
848,0.849277
849,0.85099
850,0.85099
851,0.85099
852,0.85099
853,0.85099
854,0.85099
855,0.85099
856,0.85099
857,0.850892
858,0.850892
859,0.850892
860,0.850892
861,0.850892
862,0.850892
863,0.850892
864,0.850892
865,0.850089
866,0.850089
867,0.850089
868,0.850089
869,0.850089
870,0.850089
871,0.850089
872,0.850089
873,0.848791
874,0.848791
875,0.848791
876,0.848791
877,0.848791
878,0.848791
879,0.848791
880,0.848791
881,0.84916
882,0.84916
883,0.84916
884,0.84916
885,0.84916
886,0.84916
887,0.84916
888,0.84916
889,0.850265
890,0.850265
891,0.850265
892,0.850265
893,0.850265
894,0.850265
895,0.850265
896,0.850265
897,0.850759
898,0.850759
899,0.850759
900,0.850759
901,0.850759
902,0.850759
903,0.850759
904,0.850759
905,0.851809
906,0.851809
907,0.851809
908,0.851809
909,0.851809
910,0.851809
911,0.851809
912,0.851809
913,0.852314
914,0.852314
915,0.852314
916,0.852314
917,0.852314
918,0.852314
919,0.852314
920,0.852314
921,0.85146
922,0.85146
923,0.85146
924,0.85146
925,0.85146
926,0.85146
927,0.85146
928,0.85146
929,0.851746
930,0.851746
931,0.851746
932,0.851746
933,0.851746
934,0.851746
935,0.851746
936,0.851746
937,0.850045
938,0.850045
939,0.850045
940,0.850045
941,0.850045
942,0.850045
943,0.850045
944,0.850045
945,0.848748
946,0.848748
947,0.848748
948,0.848748
949,0.848748
950,0.848748
951,0.848748
952,0.848748
953,0.848878
954,0.848878
955,0.848878
956,0.848878
957,0.848878
958,0.848878
959,0.848878
960,0.848878
961,0.850006
962,0.850006
963,0.850006
964,0.850006
965,0.850006
966,0.850006
967,0.850006
968,0.850006
969,0.850527
970,0.850527
971,0.850527
972,0.850527
973,0.850527
974,0.850527
975,0.850527
976,0.850527
977,0.848737
978,0.848737
979,0.848737
980,0.848737
981,0.848737
982,0.848737
983,0.848737
984,0.848737
985,0.848368
986,0.848368
987,0.848368
988,0.848368
989,0.848368
990,0.848368
991,0.848368
992,0.848368
993,0.848893
994,0.848893
995,0.848893
996,0.848893
997,0.848893
998,0.848893
999,0.848893
1000,0.848893
1001,0.849426
1002,0.849426
1003,0.849426
1004,0.849426
1005,0.849426
1006,0.849426
1007,0.849426
1008,0.849426
1009,0.849591
1010,0.849591
1011,0.849591
1012,0.849591
1013,0.849591
1014,0.849591
1015,0.849591
1016,0.849591
1017,0.847244
1018,0.847244
1019,0.847244
1020,0.847244
1021,0.847244
1022,0.847244
1023,0.847244
1024,0.847244
1025,0.846879
1026,0.846879
1027,0.846879
1028,0.846879
1029,0.846879
1030,0.846879
1031,0.846879
1032,0.846879
1033,0.846773
1034,0.846773
1035,0.846773
1036,0.846773
1037,0.846773
1038,0.846773
1039,0.846773
1040,0.846773
1041,0.847855
1042,0.847855
1043,0.847855
1044,0.847855
1045,0.847855
1046,0.847855
1047,0.847855
1048,0.847855
1049,0.847694
1050,0.847694
1051,0.847694
1052,0.847694
1053,0.847694
1054,0.847694
1055,0.847694
1056,0.847694
1057,0.847871
1058,0.847871
1059,0.847871
1060,0.847871
1061,0.847871
1062,0.847871
1063,0.847871
1064,0.847871
1065,0.846812
1066,0.846812
1067,0.846812
1068,0.846812
1069,0.846812
1070,0.846812
1071,0.846812
1072,0.846812
1073,0.847381
1074,0.847381
1075,0.847381
1076,0.847381
1077,0.847381
1078,0.847381
1079,0.847381
1080,0.847381
1081,0.847506
1082,0.847506
1083,0.847506
1084,0.847506
1085,0.847506
1086,0.847506
1087,0.847506
1088,0.847506
1089,0.846213
1090,0.846213
1091,0.846213
1092,0.846213
1093,0.846213
1094,0.846213
1095,0.846213
1096,0.846213
1097,0.84664
1098,0.84664
1099,0.84664
1100,0.84664
1101,0.84664
1102,0.84664
1103,0.84664
1104,0.84664
1105,0.846189
1106,0.846189
1107,0.846189
1108,0.846189
1109,0.846189
1110,0.846189
1111,0.846189
1112,0.846189
1113,0.846479
1114,0.846479
1115,0.846479
1116,0.846479
1117,0.846479
1118,0.846479
1119,0.846479
1120,0.846479
1121,0.847224
1122,0.847224
1123,0.847224
1124,0.847224
1125,0.847224
1126,0.847224
1127,0.847224
1128,0.847224
1129,0.845606
1130,0.845606
1131,0.845606
1132,0.845606
1133,0.845606
1134,0.845606
1135,0.845606
1136,0.845606
1137,0.845751
1138,0.845751
1139,0.845751
1140,0.845751
1141,0.845751
1142,0.845751
1143,0.845751
1144,0.845751
1145,0.845351
1146,0.845351
1147,0.845351
1148,0.845351
1149,0.845351
1150,0.845351
1151,0.845351
1152,0.845351
1153,0.847055
1154,0.847055
1155,0.847055
1156,0.847055
1157,0.847055
1158,0.847055
1159,0.847055
1160,0.847055
1161,0.845316
1162,0.845316
1163,0.845316
1164,0.845316
1165,0.845316
1166,0.845316
1167,0.845316
1168,0.845316
1169,0.845562
1170,0.845562
1171,0.845562
1172,0.845562
1173,0.845562
1174,0.845562
1175,0.845562
1176,0.845562
1177,0.847773
1178,0.847773
1179,0.847773
1180,0.847773
1181,0.847773
1182,0.847773
1183,0.847773
1184,0.847773
1185,0.847314
1186,0.847314
1187,0.847314
1188,0.847314
1189,0.847314
1190,0.847314
1191,0.847314
1192,0.847314
1193,0.846867
1194,0.846867
1195,0.846867
1196,0.846867
1197,0.846867
1198,0.846867
1199,0.846867
1200,0.846867
1201,0.846577
1202,0.846577
1203,0.846577
1204,0.846577
1205,0.846577
1206,0.846577
1207,0.846577
1208,0.846577
1209,0.84657
1210,0.84657
1211,0.84657
1212,0.84657
1213,0.84657
1214,0.84657
1215,0.84657
1216,0.84657
1217,0.847961
1218,0.847961
1219,0.847961
1220,0.847961
1221,0.847961
1222,0.847961
1223,0.847961
1224,0.847961
1225,0.847592
1226,0.847592
1227,0.847592
1228,0.847592
1229,0.847592
1230,0.847592
1231,0.847592
1232,0.847592
1233,0.847197
1234,0.847197
1235,0.847197
1236,0.847197
1237,0.847197
1238,0.847197
1239,0.847197
1240,0.847197
1241,0.844896
1242,0.844896
1243,0.844896
1244,0.844896
1245,0.844896
1246,0.844896
1247,0.844896
1248,0.844896
1249,0.84588
1250,0.84588
1251,0.84588
1252,0.84588
1253,0.84588
1254,0.84588
1255,0.84588
1256,0.84588
1257,0.846268
1258,0.846268
1259,0.846268
1260,0.846268
1261,0.846268
1262,0.846268
1263,0.846268
1264,0.846268
1265,0.845903
1266,0.845903
1267,0.845903
1268,0.845903
1269,0.845903
1270,0.845903
1271,0.845903
1272,0.845903
1273,0.846041
1274,0.846041
1275,0.846041
1276,0.846041
1277,0.846041
1278,0.846041
1279,0.846041
1280,0.846041
1281,0.84724
1282,0.84724
1283,0.84724
1284,0.84724
1285,0.84724
1286,0.84724
1287,0.84724
1288,0.84724
1289,0.845684
1290,0.845684
1291,0.845684
1292,0.845684
1293,0.845684
1294,0.845684
1295,0.845684
1296,0.845684
1297,0.845045
1298,0.845045
1299,0.845045
1300,0.845045
1301,0.845045
1302,0.845045
1303,0.845045
1304,0.845045
1305,0.846867
1306,0.846867
1307,0.846867
1308,0.846867
1309,0.846867
1310,0.846867
1311,0.846867
1312,0.846867
1313,0.84624
1314,0.84624
1315,0.84624
1316,0.84624
1317,0.84624
1318,0.84624
1319,0.84624
1320,0.84624
1321,0.846064
1322,0.846064
1323,0.846064
1324,0.846064
1325,0.846064
1326,0.846064
1327,0.846064
1328,0.846064
1329,0.846511
1330,0.846511
1331,0.846511
1332,0.846511
1333,0.846511
1334,0.846511
1335,0.846511
1336,0.846511
1337,0.846852
1338,0.846852
1339,0.846852
1340,0.846852
1341,0.846852
1342,0.846852
1343,0.846852
1344,0.846852
1345,0.847032
1346,0.847032
1347,0.847032
1348,0.847032
1349,0.847032
1350,0.847032
1351,0.847032
1352,0.847032
1353,0.846456
1354,0.846456
1355,0.846456
1356,0.846456
1357,0.846456
1358,0.846456
1359,0.846456
1360,0.846456
1361,0.846276
1362,0.846276
1363,0.846276
1364,0.846276
1365,0.846276
1366,0.846276
1367,0.846276
1368,0.846276
1369,0.84461
1370,0.84461
1371,0.84461
1372,0.84461
1373,0.84461
1374,0.84461
1375,0.84461
1376,0.84461
1377,0.845731
1378,0.845731
1379,0.845731
1380,0.845731
1381,0.845731
1382,0.845731
1383,0.845731
1384,0.845731
1385,0.846762
1386,0.846762
1387,0.846762
1388,0.846762
1389,0.846762
1390,0.846762
1391,0.846762
1392,0.846762
1393,0.847357
1394,0.847357
1395,0.847357
1396,0.847357
1397,0.847357
1398,0.847357
1399,0.847357
1400,0.847357
1401,0.84914
1402,0.84914
1403,0.84914
1404,0.84914
1405,0.84914
1406,0.84914
1407,0.84914
1408,0.84914
1409,0.850155
1410,0.850155
1411,0.850155
1412,0.850155
1413,0.850155
1414,0.850155
1415,0.850155
1416,0.850155
1417,0.850445
1418,0.850445
1419,0.850445
1420,0.850445
1421,0.850445
1422,0.850445
1423,0.850445
1424,0.850445
1425,0.85186
1426,0.85186
1427,0.85186
1428,0.85186
1429,0.85186
1430,0.85186
1431,0.85186
1432,0.85186
1433,0.850915
1434,0.850915
1435,0.850915
1436,0.850915
1437,0.850915
1438,0.850915
1439,0.850915
1440,0.850915
1441,0.853525
1442,0.853525
1443,0.853525
1444,0.853525
1445,0.853525
1446,0.853525
1447,0.853525
1448,0.853525
1449,0.856672
1450,0.856672
1451,0.856672
1452,0.856672
1453,0.856672
1454,0.856672
1455,0.856672
1456,0.856672
1457,0.856304
1458,0.856304
1459,0.856304
1460,0.856304
1461,0.856304
1462,0.856304
1463,0.856304
1464,0.856304
1465,0.857867
1466,0.857867
1467,0.857867
1468,0.857867
1469,0.857867
1470,0.857867
1471,0.857867
1472,0.857867
1473,0.860873
1474,0.860873
1475,0.860873
1476,0.860873
1477,0.860873
1478,0.860873
1479,0.860873
1480,0.860873
1481,0.863001
1482,0.863001
1483,0.863001
1484,0.863001
1485,0.863001
1486,0.863001
1487,0.863001
1488,0.863001
1489,0.868707
1490,0.868707
1491,0.868707
1492,0.868707
1493,0.868707
1494,0.868707
1495,0.868707
1496,0.868707
1497,0.880537
1498,0.880537
1499,0.880537
1500,0.880537
1501,0.880537
1502,0.880537
1503,0.880537
1504,0.880537
1505,0.867594
1506,0.867594
1507,0.867594
1508,0.867594
1509,0.867594
1510,0.867594
1511,0.867594
1512,0.867594
1513,0.871599
1514,0.871599
1515,0.871599
1516,0.871599
1517,0.871599
1518,0.871599
1519,0.871599
1520,0.871599
1521,0.874847
1522,0.874847
1523,0.874847
1524,0.874847
1525,0.874847
1526,0.874847
1527,0.874847
1528,0.874847
1529,0.879032
1530,0.879032
1531,0.879032
1532,0.879032
1533,0.879032
1534,0.879032
1535,0.879032
1536,0.879032
1537,0.878006
1538,0.878006
1539,0.878006
1540,0.878006
1541,0.878006
1542,0.878006
1543,0.878006
1544,0.878006
1545,0.873918
1546,0.873918
1547,0.873918
1548,0.873918
1549,0.873918
1550,0.873918
1551,0.873918
1552,0.873918
1553,0.878092
1554,0.878092
1555,0.878092
1556,0.878092
1557,0.878092
1558,0.878092
1559,0.878092
1560,0.878092
1561,0.882516
1562,0.882516
1563,0.882516
1564,0.882516
1565,0.882516
1566,0.882516
1567,0.882516
1568,0.882516
1569,0.876211
1570,0.876211
1571,0.876211
1572,0.876211
1573,0.876211
1574,0.876211
1575,0.876211
1576,0.876211
1577,0.877935
1578,0.877935
1579,0.877935
1580,0.877935
1581,0.877935
1582,0.877935
1583,0.877935
1584,0.877935
1585,0.884276
1586,0.884276
1587,0.884276
1588,0.884276
1589,0.884276
1590,0.884276
1591,0.884276
1592,0.884276
1593,0.878413
1594,0.878413
1595,0.878413
1596,0.878413
1597,0.878413
1598,0.878413
1599,0.878413
1600,0.878413
1601,0.857562
1602,0.857562
1603,0.857562
1604,0.857562
1605,0.857562
1606,0.857562
1607,0.857562
1608,0.857562
1609,0.858851
1610,0.858851
1611,0.858851
1612,0.858851
1613,0.858851
1614,0.858851
1615,0.858851
1616,0.858851
1617,0.867786
1618,0.867786
1619,0.867786
1620,0.867786
1621,0.867786
1622,0.867786
1623,0.867786
1624,0.867786
1625,0.867621
1626,0.867621
1627,0.867621
1628,0.867621
1629,0.867621
1630,0.867621
1631,0.867621
1632,0.867621
1633,0.863177
1634,0.863177
1635,0.863177
1636,0.863177
1637,0.863177
1638,0.863177
1639,0.863177
1640,0.863177
1641,0.868444
1642,0.868444
1643,0.868444
1644,0.868444
1645,0.868444
1646,0.868444
1647,0.868444
1648,0.868444
1649,0.863201
1650,0.863201
1651,0.863201
1652,0.863201
1653,0.863201
1654,0.863201
1655,0.863201
1656,0.863201
1657,0.852169
1658,0.852169
1659,0.852169
1660,0.852169
1661,0.852169
1662,0.852169
1663,0.852169
1664,0.852169
1665,0.854427
1666,0.854427
1667,0.854427
1668,0.854427
1669,0.854427
1670,0.854427
1671,0.854427
1672,0.854427
1673,0.863209
1674,0.863209
1675,0.863209
1676,0.863209
1677,0.863209
1678,0.863209
1679,0.863209
1680,0.863209
1681,0.850061
1682,0.850061
1683,0.850061
1684,0.850061
1685,0.850061
1686,0.850061
1687,0.850061
1688,0.850061
1689,0.837709
1690,0.837709
1691,0.837709
1692,0.837709
1693,0.837709
1694,0.837709
1695,0.837709
1696,0.837709
1697,0.836071
1698,0.836071
1699,0.836071
1700,0.836071
1701,0.836071
1702,0.836071
1703,0.836071
1704,0.836071
1705,0.832787
1706,0.832787
1707,0.832787
1708,0.832787
1709,0.832787
1710,0.832787
1711,0.832787
1712,0.832787
1713,0.846091
1714,0.846091
1715,0.846091
1716,0.846091
1717,0.846091
1718,0.846091
1719,0.846091
1720,0.846091
1721,0.835421
1722,0.835421
1723,0.835421
1724,0.835421
1725,0.835421
1726,0.835421
1727,0.835421
1728,0.835421
1729,0.855986
1730,0.855986
1731,0.855986
1732,0.855986
1733,0.855986
1734,0.855986
1735,0.855986
1736,0.855986
1737,0.8013
1738,0.8013
1739,0.8013
1740,0.8013
1741,0.8013
1742,0.8013
1743,0.8013
1744,0.8013
1745,0.761737
1746,0.761737
1747,0.761737
1748,0.761737
1749,0.761737
1750,0.761737
1751,0.761737
1752,0.761737
1753,0.668181
1754,0.668181
1755,0.668181
1756,0.668181
1757,0.668181
1758,0.668181
1759,0.668181
1760,0.668181
1761,0.620133
1762,0.620133
1763,0.620133
1764,0.620133
1765,0.620133
1766,0.620133
1767,0.620133
1768,0.620133
1769,0.617974
1770,0.617974
1771,0.617974
1772,0.617974
1773,0.617974
1774,0.617974
1775,0.617974
1776,0.617974
1777,0.689287
1778,0.689287
1779,0.689287
1780,0.689287
1781,0.689287
1782,0.689287
1783,0.689287
1784,0.689287
1785,0.684984
1786,0.684984
1787,0.684984
1788,0.684984
1789,0.684984
1790,0.684984
1791,0.684984
1792,0.684984
1793,0.661354
1794,0.661354
1795,0.661354
1796,0.661354
1797,0.661354
1798,0.661354
1799,0.661354
1800,0.661354
1801,0.624075
1802,0.624075
1803,0.624075
1804,0.624075
1805,0.624075
1806,0.624075
1807,0.624075
1808,0.624075
1809,0.632587
1810,0.632587
1811,0.632587
1812,0.632587
1813,0.632587
1814,0.632587
1815,0.632587
1816,0.632587
1817,0.619588
1818,0.619588
1819,0.619588
1820,0.619588
1821,0.619588
1822,0.619588
1823,0.619588
1824,0.619588
1825,0.578539
1826,0.578539
1827,0.578539
1828,0.578539
1829,0.578539
1830,0.578539
1831,0.578539
1832,0.578539
1833,0.540508
1834,0.540508
1835,0.540508
1836,0.540508
1837,0.540508
1838,0.540508
1839,0.540508
1840,0.540508
1841,0.526691
1842,0.526691
1843,0.526691
1844,0.526691
1845,0.526691
1846,0.526691
1847,0.526691
1848,0.526691
1849,0.541108
1850,0.541108
1851,0.541108
1852,0.541108
1853,0.541108
1854,0.541108
1855,0.541108
1856,0.541108
1857,0.510165
1858,0.510165
1859,0.510165
1860,0.510165
1861,0.510165
1862,0.510165
1863,0.510165
1864,0.510165
1865,0.479646
1866,0.479646
1867,0.479646
1868,0.479646
1869,0.479646
1870,0.479646
1871,0.479646
1872,0.479646
1873,0.459014
1874,0.459014
1875,0.459014
1876,0.459014
1877,0.459014
1878,0.459014
1879,0.459014
1880,0.459014
1881,0.502743
1882,0.502743
1883,0.502743
1884,0.502743
1885,0.502743
1886,0.502743
1887,0.502743
1888,0.502743
1889,0.502528
1890,0.502528
1891,0.502528
1892,0.502528
1893,0.502528
1894,0.502528
1895,0.502528
1896,0.502528
1897,0.539046
1898,0.539046
1899,0.539046
1900,0.539046
1901,0.539046
1902,0.539046
1903,0.539046
1904,0.539046
1905,0.581698
1906,0.581698
1907,0.581698
1908,0.581698
1909,0.581698
1910,0.581698
1911,0.581698
1912,0.581698
1913,0.696948
1914,0.696948
1915,0.696948
1916,0.696948
1917,0.696948
1918,0.696948
1919,0.696948
1920,0.696948
1921,0.7533
1922,0.7533
1923,0.7533
1924,0.7533
1925,0.7533
1926,0.7533
1927,0.7533
1928,0.7533
1929,0.672946
1930,0.672946
1931,0.672946
1932,0.672946
1933,0.672946
1934,0.672946
1935,0.672946
1936,0.672946
1937,0.470543
1938,0.470543
1939,0.470543
1940,0.470543
1941,0.470543
1942,0.470543
1943,0.470543
1944,0.470543
1945,0.420007
1946,0.420007
1947,0.420007
1948,0.420007
1949,0.420007
1950,0.420007
1951,0.420007
1952,0.420007
1953,0.363538
1954,0.363538
1955,0.363538
1956,0.363538
1957,0.363538
1958,0.363538
1959,0.363538
1960,0.363538
1961,0.335123
1962,0.335123
1963,0.335123
1964,0.335123
1965,0.335123
1966,0.335123
1967,0.335123
1968,0.335123
1969,0.303514
1970,0.303514
1971,0.303514
1972,0.303514
1973,0.303514
1974,0.303514
1975,0.303514
1976,0.303514
1977,0.229395
1978,0.229395
1979,0.229395
1980,0.229395
1981,0.229395
1982,0.229395
1983,0.229395
1984,0.229395
1985,0.199139
1986,0.199139
1987,0.199139
1988,0.199139
1989,0.199139
1990,0.199139
1991,0.199139
1992,0.199139
1993,0.174909
1994,0.174909
1995,0.174909
1996,0.174909
1997,0.174909
1998,0.174909
1999,0.174909
2000,0.174909
2001,0.167205
2002,0.167205
2003,0.167205
2004,0.167205
2005,0.167205
2006,0.167205
2007,0.167205
2008,0.167205
2009,0.236159
2010,0.236159
2011,0.236159
2012,0.236159
2013,0.236159
2014,0.236159
2015,0.236159
2016,0.236159
2017,0.403779
2018,0.403779
2019,0.403779
2020,0.403779
2021,0.403779
2022,0.403779
2023,0.403779
2024,0.403779
2025,0.544752
2026,0.544752
2027,0.544752
2028,0.544752
2029,0.544752
2030,0.544752
2031,0.544752
2032,0.544752
2033,0.682602
2034,0.682602
2035,0.682602
2036,0.682602
2037,0.682602
2038,0.682602
2039,0.682602
2040,0.682602
2041,0.697183
2042,0.697183
2043,0.697183
2044,0.697183
2045,0.697183
2046,0.697183
2047,0.697183
2048,0.697183
2049,0.476613
2050,0.476613
2051,0.476613
2052,0.476613
2053,0.476613
2054,0.476613
2055,0.476613
2056,0.476613
2057,0.36808
2058,0.36808
2059,0.36808
2060,0.36808
2061,0.36808
2062,0.36808
2063,0.36808
2064,0.36808
2065,0.278971
2066,0.278971
2067,0.278971
2068,0.278971
2069,0.278971
2070,0.278971
2071,0.278971
2072,0.278971
2073,0.273497
2074,0.273497
2075,0.273497
2076,0.273497
2077,0.273497
2078,0.273497
2079,0.273497
2080,0.273497
2081,0.209198
2082,0.209198
2083,0.209198
2084,0.209198
2085,0.209198
2086,0.209198
2087,0.209198
2088,0.209198
2089,0.168859
2090,0.168859
2091,0.168859
2092,0.168859
2093,0.168859
2094,0.168859
2095,0.168859
2096,0.168859
2097,0.16927
2098,0.16927
2099,0.16927
2100,0.16927
2101,0.16927
2102,0.16927
2103,0.16927
2104,0.16927
2105,0.19203
2106,0.19203
2107,0.19203
2108,0.19203
2109,0.19203
2110,0.19203
2111,0.19203
2112,0.19203
2113,0.292322
2114,0.292322
2115,0.292322
2116,0.292322
2117,0.292322
2118,0.292322
2119,0.292322
2120,0.292322
2121,0.542483
2122,0.542483
2123,0.542483
2124,0.542483
2125,0.542483
2126,0.542483
2127,0.542483
2128,0.542483
2129,0.796613
2130,0.796613
2131,0.796613
2132,0.796613
2133,0.796613
2134,0.796613
2135,0.796613
2136,0.796613
2137,0.891612
2138,0.891612
2139,0.891612
2140,0.891612
2141,0.891612
2142,0.891612
2143,0.891612
2144,0.891612
2145,0.885961
2146,0.885961
2147,0.885961
2148,0.885961
2149,0.885961
2150,0.885961
2151,0.885961
2152,0.885961
2153,0.855927
2154,0.855927
2155,0.855927
2156,0.855927
2157,0.855927
2158,0.855927
2159,0.855927
2160,0.855927
2161,0.647243
2162,0.647243
2163,0.647243
2164,0.647243
2165,0.647243
2166,0.647243
2167,0.647243
2168,0.647243
2169,0.646059
2170,0.646059
2171,0.646059
2172,0.646059
2173,0.646059
2174,0.646059
2175,0.646059
2176,0.646059
2177,0.571431
2178,0.571431
2179,0.571431
2180,0.571431
2181,0.571431
2182,0.571431
2183,0.571431
2184,0.571431
2185,0.363256
2186,0.363256
2187,0.363256
2188,0.363256
2189,0.363256
2190,0.363256
2191,0.363256
2192,0.363256
2193,0.267438
2194,0.267438
2195,0.267438
2196,0.267438
2197,0.267438
2198,0.267438
2199,0.267438
2200,0.267438
2201,0.216624
2202,0.216624
2203,0.216624
2204,0.216624
2205,0.216624
2206,0.216624
2207,0.216624
2208,0.216624
2209,0.19105
2210,0.19105
2211,0.19105
2212,0.19105
2213,0.19105
2214,0.19105
2215,0.19105
2216,0.19105
2217,0.165387
2218,0.165387
2219,0.165387
2220,0.165387
2221,0.165387
2222,0.165387
2223,0.165387
2224,0.165387
2225,0.162573
2226,0.162573
2227,0.162573
2228,0.162573
2229,0.162573
2230,0.162573
2231,0.162573
2232,0.162573
2233,0.162941
2234,0.162941
2235,0.162941
2236,0.162941
2237,0.162941
2238,0.162941
2239,0.162941
2240,0.162941
2241,0.165155
2242,0.165155
2243,0.165155
2244,0.165155
2245,0.165155
2246,0.165155
2247,0.165155
2248,0.165155
2249,0.165951
2250,0.165951
2251,0.165951
2252,0.165951
2253,0.165951
2254,0.165951
2255,0.165951
2256,0.165951
2257,0.166801
2258,0.166801
2259,0.166801
2260,0.166801
2261,0.166801
2262,0.166801
2263,0.166801
2264,0.166801
2265,0.169634
2266,0.169634
2267,0.169634
2268,0.169634
2269,0.169634
2270,0.169634
2271,0.169634
2272,0.169634
2273,0.210425
2274,0.210425
2275,0.210425
2276,0.210425
2277,0.210425
2278,0.210425
2279,0.210425
2280,0.210425
2281,0.280453
2282,0.280453
2283,0.280453
2284,0.280453
2285,0.280453
2286,0.280453
2287,0.280453
2288,0.280453
2289,0.303291
2290,0.303291
2291,0.303291
2292,0.303291
2293,0.303291
2294,0.303291
2295,0.303291
2296,0.303291
2297,0.279528
2298,0.279528
2299,0.279528
2300,0.279528
2301,0.279528
2302,0.279528
2303,0.279528
2304,0.279528
2305,0.288078
2306,0.288078
2307,0.288078
2308,0.288078
2309,0.288078
2310,0.288078
2311,0.288078
2312,0.288078
2313,0.276083
2314,0.276083
2315,0.276083
2316,0.276083
2317,0.276083
2318,0.276083
2319,0.276083
2320,0.276083
2321,0.268508
2322,0.268508
2323,0.268508
2324,0.268508
2325,0.268508
2326,0.268508
2327,0.268508
2328,0.268508
2329,0.238044
2330,0.238044
2331,0.238044
2332,0.238044
2333,0.238044
2334,0.238044
2335,0.238044
2336,0.238044
2337,0.191137
2338,0.191137
2339,0.191137
2340,0.191137
2341,0.191137
2342,0.191137
2343,0.191137
2344,0.191137
2345,0.179208
2346,0.179208
2347,0.179208
2348,0.179208
2349,0.179208
2350,0.179208
2351,0.179208
2352,0.179208
2353,0.188429
2354,0.188429
2355,0.188429
2356,0.188429
2357,0.188429
2358,0.188429
2359,0.188429
2360,0.188429
2361,0.197171
2362,0.197171
2363,0.197171
2364,0.197171
2365,0.197171
2366,0.197171
2367,0.197171
2368,0.197171
2369,0.176896
2370,0.176896
2371,0.176896
2372,0.176896
2373,0.176896
2374,0.176896
2375,0.176896
2376,0.176896
2377,0.166445
2378,0.166445
2379,0.166445
2380,0.166445
2381,0.166445
2382,0.166445
2383,0.166445
2384,0.166445
2385,0.174713
2386,0.174713
2387,0.174713
2388,0.174713
2389,0.174713
2390,0.174713
2391,0.174713
2392,0.174713
2393,0.298087
2394,0.298087
2395,0.298087
2396,0.298087
2397,0.298087
2398,0.298087
2399,0.298087
2400,0.298087
2401,0.436783
2402,0.436783
2403,0.436783
2404,0.436783
2405,0.436783
2406,0.436783
2407,0.436783
2408,0.436783
2409,0.431242
2410,0.431242
2411,0.431242
2412,0.431242
2413,0.431242
2414,0.431242
2415,0.431242
2416,0.431242
2417,0.297824
2418,0.297824
2419,0.297824
2420,0.297824
2421,0.297824
2422,0.297824
2423,0.297824
2424,0.297824
2425,0.20294
2426,0.20294
2427,0.20294
2428,0.20294
2429,0.20294
2430,0.20294
2431,0.20294
2432,0.20294
2433,0.16012
2434,0.16012
2435,0.16012
2436,0.16012
2437,0.16012
2438,0.16012
2439,0.16012
2440,0.16012
2441,0.225598
2442,0.225598
2443,0.225598
2444,0.225598
2445,0.225598
2446,0.225598
2447,0.225598
2448,0.225598
2449,0.226527
2450,0.226527
2451,0.226527
2452,0.226527
2453,0.226527
2454,0.226527
2455,0.226527
2456,0.226527
2457,0.187578
2458,0.187578
2459,0.187578
2460,0.187578
2461,0.187578
2462,0.187578
2463,0.187578
2464,0.187578
2465,0.190874
2466,0.190874
2467,0.190874
2468,0.190874
2469,0.190874
2470,0.190874
2471,0.190874
2472,0.190874
2473,0.173428
2474,0.173428
2475,0.173428
2476,0.173428
2477,0.173428
2478,0.173428
2479,0.173428
2480,0.173428
2481,0.176641
2482,0.176641
2483,0.176641
2484,0.176641
2485,0.176641
2486,0.176641
2487,0.176641
2488,0.176641
2489,0.185521
2490,0.185521
2491,0.185521
2492,0.185521
2493,0.185521
2494,0.185521
2495,0.185521
2496,0.185521
2497,0.174043
2498,0.174043
2499,0.174043
2500,0.174043
2501,0.174043
2502,0.174043
2503,0.174043
2504,0.174043
2505,0.169274
2506,0.169274
2507,0.169274
2508,0.169274
2509,0.169274
2510,0.169274
2511,0.169274
2512,0.169274
2513,0.196819
2514,0.196819
2515,0.196819
2516,0.196819
2517,0.196819
2518,0.196819
2519,0.196819
2520,0.196819
2521,0.285461
2522,0.285461
2523,0.285461
2524,0.285461
2525,0.285461
2526,0.285461
2527,0.285461
2528,0.285461
2529,0.356841
2530,0.356841
2531,0.356841
2532,0.356841
2533,0.356841
2534,0.356841
2535,0.356841
2536,0.356841
2537,0.329813
2538,0.329813
2539,0.329813
2540,0.329813
2541,0.329813
2542,0.329813
2543,0.329813
2544,0.329813
2545,0.275284
2546,0.275284
2547,0.275284
2548,0.275284
2549,0.275284
2550,0.275284
2551,0.275284
2552,0.275284
2553,0.235653
2554,0.235653
2555,0.235653
2556,0.235653
2557,0.235653
2558,0.235653
2559,0.235653
2560,0.235653
2561,0.194605
2562,0.194605
2563,0.194605
2564,0.194605
2565,0.194605
2566,0.194605
2567,0.194605
2568,0.194605
2569,0.153717
2570,0.153717
2571,0.153717
2572,0.153717
2573,0.153717
2574,0.153717
2575,0.153717
2576,0.153717
2577,0.144555
2578,0.144555
2579,0.144555
2580,0.144555
2581,0.144555
2582,0.144555
2583,0.144555
2584,0.144555
2585,0.144586
2586,0.144586
2587,0.144586
2588,0.144586
2589,0.144586
2590,0.144586
2591,0.144586
2592,0.144586
2593,0.144284
2594,0.144284
2595,0.144284
2596,0.144284
2597,0.144284
2598,0.144284
2599,0.144284
2600,0.144284
2601,0.144135
2602,0.144135
2603,0.144135
2604,0.144135
2605,0.144135
2606,0.144135
2607,0.144135
2608,0.144135
2609,0.144539
2610,0.144539
2611,0.144539
2612,0.144539
2613,0.144539
2614,0.144539
2615,0.144539
2616,0.144539
2617,0.143206
2618,0.143206
2619,0.143206
2620,0.143206
2621,0.143206
2622,0.143206
2623,0.143206
2624,0.143206
2625,0.145099
2626,0.145099
2627,0.145099
2628,0.145099
2629,0.145099
2630,0.145099
2631,0.145099
2632,0.145099
2633,0.206929
2634,0.206929
2635,0.206929
2636,0.206929
2637,0.206929
2638,0.206929
2639,0.206929
2640,0.206929
2641,0.240764
2642,0.240764
2643,0.240764
2644,0.240764
2645,0.240764
2646,0.240764
2647,0.240764
2648,0.240764
2649,0.360124
2650,0.360124
2651,0.360124
2652,0.360124
2653,0.360124
2654,0.360124
2655,0.360124
2656,0.360124
2657,0.486527
2658,0.486527
2659,0.486527
2660,0.486527
2661,0.486527
2662,0.486527
2663,0.486527
2664,0.486527
2665,0.517117
2666,0.517117
2667,0.517117
2668,0.517117
2669,0.517117
2670,0.517117
2671,0.517117
2672,0.517117
2673,0.483322
2674,0.483322
2675,0.483322
2676,0.483322
2677,0.483322
2678,0.483322
2679,0.483322
2680,0.483322
2681,0.417083
2682,0.417083
2683,0.417083
2684,0.417083
2685,0.417083
2686,0.417083
2687,0.417083
2688,0.417083
2689,0.365842
2690,0.365842
2691,0.365842
2692,0.365842
2693,0.365842
2694,0.365842
2695,0.365842
2696,0.365842
2697,0.378213
2698,0.378213
2699,0.378213
2700,0.378213
2701,0.378213
2702,0.378213
2703,0.378213
2704,0.378213
2705,0.315192
2706,0.315192
2707,0.315192
2708,0.315192
2709,0.315192
2710,0.315192
2711,0.315192
2712,0.315192
2713,0.274817
2714,0.274817
2715,0.274817
2716,0.274817
2717,0.274817
2718,0.274817
2719,0.274817
2720,0.274817
2721,0.265565
2722,0.265565
2723,0.265565
2724,0.265565
2725,0.265565
2726,0.265565
2727,0.265565
2728,0.265565
2729,0.245732
2730,0.245732
2731,0.245732
2732,0.245732
2733,0.245732
2734,0.245732
2735,0.245732
2736,0.245732
2737,0.253166
2738,0.253166
2739,0.253166
2740,0.253166
2741,0.253166
2742,0.253166
2743,0.253166
2744,0.253166
2745,0.276886
2746,0.276886
2747,0.276886
2748,0.276886
2749,0.276886
2750,0.276886
2751,0.276886
2752,0.276886
2753,0.280511
2754,0.280511
2755,0.280511
2756,0.280511
2757,0.280511
2758,0.280511
2759,0.280511
2760,0.280511
2761,0.271302
2762,0.271302
2763,0.271302
2764,0.271302
2765,0.271302
2766,0.271302
2767,0.271302
2768,0.271302
2769,0.26812
2770,0.26812
2771,0.26812
2772,0.26812
2773,0.26812
2774,0.26812
2775,0.26812
2776,0.26812
2777,0.263872
2778,0.263872
2779,0.263872
2780,0.263872
2781,0.263872
2782,0.263872
2783,0.263872
2784,0.263872
2785,0.257497
2786,0.257497
2787,0.257497
2788,0.257497
2789,0.257497
2790,0.257497
2791,0.257497
2792,0.257497
2793,0.247327
2794,0.247327
2795,0.247327
2796,0.247327
2797,0.247327
2798,0.247327
2799,0.247327
2800,0.247327
2801,0.242374
2802,0.242374
2803,0.242374
2804,0.242374
2805,0.242374
2806,0.242374
2807,0.242374
2808,0.242374
2809,0.241104
2810,0.241104
2811,0.241104
2812,0.241104
2813,0.241104
2814,0.241104
2815,0.241104
2816,0.241104
2817,0.240701
2818,0.240701
2819,0.240701
2820,0.240701
2821,0.240701
2822,0.240701
2823,0.240701
2824,0.240701
2825,0.240564
2826,0.240564
2827,0.240564
2828,0.240564
2829,0.240564
2830,0.240564
2831,0.240564
2832,0.240564
2833,0.237766
2834,0.237766
2835,0.237766
2836,0.237766
2837,0.237766
2838,0.237766
2839,0.237766
2840,0.237766
2841,0.238095
2842,0.238095
2843,0.238095
2844,0.238095
2845,0.238095
2846,0.238095
2847,0.238095
2848,0.238095
2849,0.238542
2850,0.238542
2851,0.238542
2852,0.238542
2853,0.238542
2854,0.238542
2855,0.238542
2856,0.238542
2857,0.238687
2858,0.238687
2859,0.238687
2860,0.238687
2861,0.238687
2862,0.238687
2863,0.238687
2864,0.238687
2865,0.238992
2866,0.238992
2867,0.238992
2868,0.238992
2869,0.238992
2870,0.238992
2871,0.238992
2872,0.238992
2873,0.240207
2874,0.240207
2875,0.240207
2876,0.240207
2877,0.240207
2878,0.240207
2879,0.240207
2880,0.240207
2881,0.246117
2882,0.246117
2883,0.246117
2884,0.246117
2885,0.246117
2886,0.246117
2887,0.246117
2888,0.246117
2889,0.266733
2890,0.266733
2891,0.266733
2892,0.266733
2893,0.266733
2894,0.266733
2895,0.266733
2896,0.266733
2897,0.262634
2898,0.262634
2899,0.262634
2900,0.262634
2901,0.262634
2902,0.262634
2903,0.262634
2904,0.262634
2905,0.254001
2906,0.254001
2907,0.254001
2908,0.254001
2909,0.254001
2910,0.254001
2911,0.254001
2912,0.254001
2913,0.252461
2914,0.252461
2915,0.252461
2916,0.252461
2917,0.252461
2918,0.252461
2919,0.252461
2920,0.252461
2921,0.251532
2922,0.251532
2923,0.251532
2924,0.251532
2925,0.251532
2926,0.251532
2927,0.251532
2928,0.251532
2929,0.252778
2930,0.252778
2931,0.252778
2932,0.252778
2933,0.252778
2934,0.252778
2935,0.252778
2936,0.252778
2937,0.252861
2938,0.252861
2939,0.252861
2940,0.252861
2941,0.252861
2942,0.252861
2943,0.252861
2944,0.252861
2945,0.25504
2946,0.25504
2947,0.25504
2948,0.25504
2949,0.25504
2950,0.25504
2951,0.25504
2952,0.25504
2953,0.280711
2954,0.280711
2955,0.280711
2956,0.280711
2957,0.280711
2958,0.280711
2959,0.280711
2960,0.280711
2961,0.41166
2962,0.41166
2963,0.41166
2964,0.41166
2965,0.41166
2966,0.41166
2967,0.41166
2968,0.41166
2969,0.55815
2970,0.55815
2971,0.55815
2972,0.55815
2973,0.55815
2974,0.55815
2975,0.55815
2976,0.55815
2977,0.681532
2978,0.681532
2979,0.681532
2980,0.681532
2981,0.681532
2982,0.681532
2983,0.681532
2984,0.681532
2985,0.757775
2986,0.757775
2987,0.757775
2988,0.757775
2989,0.757775
2990,0.757775
2991,0.757775
2992,0.757775
2993,0.843262
2994,0.843262
2995,0.843262
2996,0.843262
2997,0.843262
2998,0.843262
2999,0.843262
3000,0.843262
3001,0.863855
3002,0.863855
3003,0.863855
3004,0.863855
3005,0.863855
3006,0.863855
3007,0.863855
3008,0.863855
3009,0.87344
3010,0.87344
3011,0.87344
3012,0.87344
3013,0.87344
3014,0.87344
3015,0.87344
3016,0.87344
3017,0.874444
3018,0.874444
3019,0.874444
3020,0.874444
3021,0.874444
3022,0.874444
3023,0.874444
3024,0.874444
3025,0.875803
3026,0.875803
3027,0.875803
3028,0.875803
3029,0.875803
3030,0.875803
3031,0.875803
3032,0.875803
3033,0.882293
3034,0.882293
3035,0.882293
3036,0.882293
3037,0.882293
3038,0.882293
3039,0.882293
3040,0.882293
3041,0.890879
3042,0.890879
3043,0.890879
3044,0.890879
3045,0.890879
3046,0.890879
3047,0.890879
3048,0.890879
3049,0.890389
3050,0.890389
3051,0.890389
3052,0.890389
3053,0.890389
3054,0.890389
3055,0.890389
3056,0.890389
3057,0.889033
3058,0.889033
3059,0.889033
3060,0.889033
3061,0.889033
3062,0.889033
3063,0.889033
3064,0.889033
3065,0.888575
3066,0.888575
3067,0.888575
3068,0.888575
3069,0.888575
3070,0.888575
3071,0.888575
3072,0.888575
3073,0.877641
3074,0.877641
3075,0.877641
3076,0.877641
3077,0.877641
3078,0.877641
3079,0.877641
3080,0.877641
3081,0.873621
3082,0.873621
3083,0.873621
3084,0.873621
3085,0.873621
3086,0.873621
3087,0.873621
3088,0.873621
3089,0.874824
3090,0.874824
3091,0.874824
3092,0.874824
3093,0.874824
3094,0.874824
3095,0.874824
3096,0.874824
3097,0.874608
3098,0.874608
3099,0.874608
3100,0.874608
3101,0.874608
3102,0.874608
3103,0.874608
3104,0.874608
3105,0.873801
3106,0.873801
3107,0.873801
3108,0.873801
3109,0.873801
3110,0.873801
3111,0.873801
3112,0.873801
3113,0.871336
3114,0.871336
3115,0.871336
3116,0.871336
3117,0.871336
3118,0.871336
3119,0.871336
3120,0.871336
3121,0.869749
3122,0.869749
3123,0.869749
3124,0.869749
3125,0.869749
3126,0.869749
3127,0.869749
3128,0.869749
3129,0.870783
3130,0.870783
3131,0.870783
3132,0.870783
3133,0.870783
3134,0.870783
3135,0.870783
3136,0.870783
3137,0.869126
3138,0.869126
3139,0.869126
3140,0.869126
3141,0.869126
3142,0.869126
3143,0.869126
3144,0.869126
3145,0.864882
3146,0.864882
3147,0.864882
3148,0.864882
3149,0.864882
3150,0.864882
3151,0.864882
3152,0.864882
3153,0.860614
3154,0.860614
3155,0.860614
3156,0.860614
3157,0.860614
3158,0.860614
3159,0.860614
3160,0.860614
3161,0.858639
3162,0.858639
3163,0.858639
3164,0.858639
3165,0.858639
3166,0.858639
3167,0.858639
3168,0.858639
3169,0.859031
3170,0.859031
3171,0.859031
3172,0.859031
3173,0.859031
3174,0.859031
3175,0.859031
3176,0.859031
3177,0.858063
3178,0.858063
3179,0.858063
3180,0.858063
3181,0.858063
3182,0.858063
3183,0.858063
3184,0.858063
3185,0.854709
3186,0.854709
3187,0.854709
3188,0.854709
3189,0.854709
3190,0.854709
3191,0.854709
3192,0.854709
3193,0.852365
3194,0.852365
3195,0.852365
3196,0.852365
3197,0.852365
3198,0.852365
3199,0.852365
3200,0.852365
3201,0.850061
3202,0.850061
3203,0.850061
3204,0.850061
3205,0.850061
3206,0.850061
3207,0.850061
3208,0.850061
3209,0.848599
3210,0.848599
3211,0.848599
3212,0.848599
3213,0.848599
3214,0.848599
3215,0.848599
3216,0.848599
3217,0.848858
3218,0.848858
3219,0.848858
3220,0.848858
3221,0.848858
3222,0.848858
3223,0.848858
3224,0.848858
3225,0.848325
3226,0.848325
3227,0.848325
3228,0.848325
3229,0.848325
3230,0.848325
3231,0.848325
3232,0.848325
3233,0.84682
3234,0.84682
3235,0.84682
3236,0.84682
3237,0.84682
3238,0.84682
3239,0.84682
3240,0.84682
3241,0.846534
3242,0.846534
3243,0.846534
3244,0.846534
3245,0.846534
3246,0.846534
3247,0.846534
3248,0.846534
3249,0.844892
3250,0.844892
3251,0.844892
3252,0.844892
3253,0.844892
3254,0.844892
3255,0.844892
3256,0.844892
3257,0.845558
3258,0.845558
3259,0.845558
3260,0.845558
3261,0.845558
3262,0.845558
3263,0.845558
3264,0.845558
3265,0.847287
3266,0.847287
3267,0.847287
3268,0.847287
3269,0.847287
3270,0.847287
3271,0.847287
3272,0.847287
3273,0.845903
3274,0.845903
3275,0.845903
3276,0.845903
3277,0.845903
3278,0.845903
3279,0.845903
3280,0.845903
3281,0.84713
3282,0.84713
3283,0.84713
3284,0.84713
3285,0.84713
3286,0.84713
3287,0.84713
3288,0.84713
3289,0.851973
3290,0.851973
3291,0.851973
3292,0.851973
3293,0.851973
3294,0.851973
3295,0.851973
3296,0.851973
3297,0.851041
3298,0.851041
3299,0.851041
3300,0.851041
3301,0.851041
3302,0.851041
3303,0.851041
3304,0.851041
3305,0.850312
3306,0.850312
3307,0.850312
3308,0.850312
3309,0.850312
3310,0.850312
3311,0.850312
3312,0.850312
3313,0.849418
3314,0.849418
3315,0.849418
3316,0.849418
3317,0.849418
3318,0.849418
3319,0.849418
3320,0.849418
3321,0.850657
3322,0.850657
3323,0.850657
3324,0.850657
3325,0.850657
3326,0.850657
3327,0.850657
3328,0.850657
3329,0.852005
3330,0.852005
3331,0.852005
3332,0.852005
3333,0.852005
3334,0.852005
3335,0.852005
3336,0.852005
3337,0.853666
3338,0.853666
3339,0.853666
3340,0.853666
3341,0.853666
3342,0.853666
3343,0.853666
3344,0.853666
3345,0.852847
3346,0.852847
3347,0.852847
3348,0.852847
3349,0.852847
3350,0.852847
3351,0.852847
3352,0.852847
3353,0.851319
3354,0.851319
3355,0.851319
3356,0.851319
3357,0.851319
3358,0.851319
3359,0.851319
3360,0.851319
3361,0.854391
3362,0.854391
3363,0.854391
3364,0.854391
3365,0.854391
3366,0.854391
3367,0.854391
3368,0.854391
3369,0.854532
3370,0.854532
3371,0.854532
3372,0.854532
3373,0.854532
3374,0.854532
3375,0.854532
3376,0.854532
3377,0.854094
3378,0.854094
3379,0.854094
3380,0.854094
3381,0.854094
3382,0.854094
3383,0.854094
3384,0.854094
3385,0.85405
3386,0.85405
3387,0.85405
3388,0.85405
3389,0.85405
3390,0.85405
3391,0.85405
3392,0.85405
3393,0.853274
3394,0.853274
3395,0.853274
3396,0.853274
3397,0.853274
3398,0.853274
3399,0.853274
3400,0.853274
3401,0.85157
3402,0.85157
3403,0.85157
3404,0.85157
3405,0.85157
3406,0.85157
3407,0.85157
3408,0.85157
3409,0.851456
3410,0.851456
3411,0.851456
3412,0.851456
3413,0.851456
3414,0.851456
3415,0.851456
3416,0.851456
3417,0.854101
3418,0.854101
3419,0.854101
3420,0.854101
3421,0.854101
3422,0.854101
3423,0.854101
3424,0.854101
3425,0.853854
3426,0.853854
3427,0.853854
3428,0.853854
3429,0.853854
3430,0.853854
3431,0.853854
3432,0.853854
3433,0.854129
3434,0.854129
3435,0.854129
3436,0.854129
3437,0.854129
3438,0.854129
3439,0.854129
3440,0.854129
3441,0.860034
3442,0.860034
3443,0.860034
3444,0.860034
3445,0.860034
3446,0.860034
3447,0.860034
3448,0.860034
3449,0.860477
3450,0.860477
3451,0.860477
3452,0.860477
3453,0.860477
3454,0.860477
3455,0.860477
3456,0.860477
3457,0.860191
3458,0.860191
3459,0.860191
3460,0.860191
3461,0.860191
3462,0.860191
3463,0.860191
3464,0.860191
3465,0.861911
3466,0.861911
3467,0.861911
3468,0.861911
3469,0.861911
3470,0.861911
3471,0.861911
3472,0.861911
3473,0.860928
3474,0.860928
3475,0.860928
3476,0.860928
3477,0.860928
3478,0.860928
3479,0.860928
3480,0.860928
3481,0.860748
3482,0.860748
3483,0.860748
3484,0.860748
3485,0.860748
3486,0.860748
3487,0.860748
3488,0.860748
3489,0.860865
3490,0.860865
3491,0.860865
3492,0.860865
3493,0.860865
3494,0.860865
3495,0.860865
3496,0.860865
3497,0.860164
3498,0.860164
3499,0.860164
3500,0.860164
3501,0.860164
3502,0.860164
3503,0.860164
3504,0.860164
3505,0.85958
3506,0.85958
3507,0.85958
3508,0.85958
3509,0.85958
3510,0.85958
3511,0.85958
3512,0.85958
3513,0.86061
3514,0.86061
3515,0.86061
3516,0.86061
3517,0.86061
3518,0.86061
3519,0.86061
3520,0.86061
3521,0.85996
3522,0.85996
3523,0.85996
3524,0.85996
3525,0.85996
3526,0.85996
3527,0.85996
3528,0.85996
3529,0.859533
3530,0.859533
3531,0.859533
3532,0.859533
3533,0.859533
3534,0.859533
3535,0.859533
3536,0.859533
3537,0.859137
3538,0.859137
3539,0.859137
3540,0.859137
3541,0.859137
3542,0.859137
3543,0.859137
3544,0.859137
3545,0.858588
3546,0.858588
3547,0.858588
3548,0.858588
3549,0.858588
3550,0.858588
3551,0.858588
3552,0.858588
3553,0.858091
3554,0.858091
3555,0.858091
3556,0.858091
3557,0.858091
3558,0.858091
3559,0.858091
3560,0.858091
3561,0.858561
3562,0.858561
3563,0.858561
3564,0.858561
3565,0.858561
3566,0.858561
3567,0.858561
3568,0.858561
3569,0.858639
3570,0.858639
3571,0.858639
3572,0.858639
3573,0.858639
3574,0.858639
3575,0.858639
3576,0.858639
3577,0.859266
3578,0.859266
3579,0.859266
3580,0.859266
3581,0.859266
3582,0.859266
3583,0.859266
3584,0.859266
3585,0.859411
3586,0.859411
3587,0.859411
3588,0.859411
3589,0.859411
3590,0.859411
3591,0.859411
3592,0.859411
3593,0.858761
3594,0.858761
3595,0.858761
3596,0.858761
3597,0.858761
3598,0.858761
3599,0.858761
3600,0.858761
3601,0.859168
3602,0.859168
3603,0.859168
3604,0.859168
3605,0.859168
3606,0.859168
3607,0.859168
3608,0.859168
3609,0.859219
3610,0.859219
3611,0.859219
3612,0.859219
3613,0.859219
3614,0.859219
3615,0.859219
3616,0.859219
3617,0.862068
3618,0.862068
3619,0.862068
3620,0.862068
3621,0.862068
3622,0.862068
3623,0.862068
3624,0.862068
3625,0.863702
3626,0.863702
3627,0.863702
3628,0.863702
3629,0.863702
3630,0.863702
3631,0.863702
3632,0.863702
3633,0.863381
3634,0.863381
3635,0.863381
3636,0.863381
3637,0.863381
3638,0.863381
3639,0.863381
3640,0.863381
3641,0.860798
3642,0.860798
3643,0.860798
3644,0.860798
3645,0.860798
3646,0.860798
3647,0.860798
3648,0.860798
3649,0.858988
3650,0.858988
3651,0.858988
3652,0.858988
3653,0.858988
3654,0.858988
3655,0.858988
3656,0.858988
3657,0.859125
3658,0.859125
3659,0.859125
3660,0.859125
3661,0.859125
3662,0.859125
3663,0.859125
3664,0.859125
3665,0.858929
3666,0.858929
3667,0.858929
3668,0.858929
3669,0.858929
3670,0.858929
3671,0.858929
3672,0.858929
3673,0.858953
3674,0.858953
3675,0.858953
3676,0.858953
3677,0.858953
3678,0.858953
3679,0.858953
3680,0.858953
3681,0.861335
3682,0.861335
3683,0.861335
3684,0.861335
3685,0.861335
3686,0.861335
3687,0.861335
3688,0.861335
3689,0.861002
3690,0.861002
3691,0.861002
3692,0.861002
3693,0.861002
3694,0.861002
3695,0.861002
3696,0.861002
3697,0.861343
3698,0.861343
3699,0.861343
3700,0.861343
3701,0.861343
3702,0.861343
3703,0.861343
3704,0.861343
3705,0.861755
3706,0.861755
3707,0.861755
3708,0.861755
3709,0.861755
3710,0.861755
3711,0.861755
3712,0.861755
3713,0.859995
3714,0.859995
3715,0.859995
3716,0.859995
3717,0.859995
3718,0.859995
3719,0.859995
3720,0.859995
3721,0.857687
3722,0.857687
3723,0.857687
3724,0.857687
3725,0.857687
3726,0.857687
3727,0.857687
3728,0.857687
3729,0.856692
3730,0.856692
3731,0.856692
3732,0.856692
3733,0.856692
3734,0.856692
3735,0.856692
3736,0.856692
3737,0.85599
3738,0.85599
3739,0.85599
3740,0.85599
3741,0.85599
3742,0.85599
3743,0.85599
3744,0.85599
3745,0.855014
3746,0.855014
3747,0.855014
3748,0.855014
3749,0.855014
3750,0.855014
3751,0.855014
3752,0.855014
3753,0.854395
3754,0.854395
3755,0.854395
3756,0.854395
3757,0.854395
3758,0.854395
3759,0.854395
3760,0.854395
3761,0.852581
3762,0.852581
3763,0.852581
3764,0.852581
3765,0.852581
3766,0.852581
3767,0.852581
3768,0.852581
3769,0.849716
3770,0.849716
3771,0.849716
3772,0.849716
3773,0.849716
3774,0.849716
3775,0.849716
3776,0.849716
3777,0.853098
3778,0.853098
3779,0.853098
3780,0.853098
3781,0.853098
3782,0.853098
3783,0.853098
3784,0.853098
3785,0.852695
3786,0.852695
3787,0.852695
3788,0.852695
3789,0.852695
3790,0.852695
3791,0.852695
3792,0.852695
3793,0.851864
3794,0.851864
3795,0.851864
3796,0.851864
3797,0.851864
3798,0.851864
3799,0.851864
3800,0.851864
3801,0.852115
3802,0.852115
3803,0.852115
3804,0.852115
3805,0.852115
3806,0.852115
3807,0.852115
3808,0.852115
3809,0.850696
3810,0.850696
3811,0.850696
3812,0.850696
3813,0.850696
3814,0.850696
3815,0.850696
3816,0.850696
3817,0.851613
3818,0.851613
3819,0.851613
3820,0.851613
3821,0.851613
3822,0.851613
3823,0.851613
3824,0.851613
3825,0.859435
3826,0.859435
3827,0.859435
3828,0.859435
3829,0.859435
3830,0.859435
3831,0.859435
3832,0.859435
3833,0.860603
3834,0.860603
3835,0.860603
3836,0.860603
3837,0.860603
3838,0.860603
3839,0.860603
3840,0.860603
3841,0.860712
3842,0.860712
3843,0.860712
3844,0.860712
3845,0.860712
3846,0.860712
3847,0.860712
3848,0.860712
3849,0.859556
3850,0.859556
3851,0.859556
3852,0.859556
3853,0.859556
3854,0.859556
3855,0.859556
3856,0.859556
3857,0.859254
3858,0.859254
3859,0.859254
3860,0.859254
3861,0.859254
3862,0.859254
3863,0.859254
3864,0.859254
3865,0.858898
3866,0.858898
3867,0.858898
3868,0.858898
3869,0.858898
3870,0.858898
3871,0.858898
3872,0.858898
3873,0.860779
3874,0.860779
3875,0.860779
3876,0.860779
3877,0.860779
3878,0.860779
3879,0.860779
3880,0.860779
3881,0.861817
3882,0.861817
3883,0.861817
3884,0.861817
3885,0.861817
3886,0.861817
3887,0.861817
3888,0.861817
3889,0.860497
3890,0.860497
3891,0.860497
3892,0.860497
3893,0.860497
3894,0.860497
3895,0.860497
3896,0.860497
3897,0.859815
3898,0.859815
3899,0.859815
3900,0.859815
3901,0.859815
3902,0.859815
3903,0.859815
3904,0.859815
3905,0.859834
3906,0.859834
3907,0.859834
3908,0.859834
3909,0.859834
3910,0.859834
3911,0.859834
3912,0.859834
3913,0.859807
3914,0.859807
3915,0.859807
3916,0.859807
3917,0.859807
3918,0.859807
3919,0.859807
3920,0.859807
3921,0.859717
3922,0.859717
3923,0.859717
3924,0.859717
3925,0.859717
3926,0.859717
3927,0.859717
3928,0.859717
3929,0.860109
3930,0.860109
3931,0.860109
3932,0.860109
3933,0.860109
3934,0.860109
3935,0.860109
3936,0.860109
3937,0.860136
3938,0.860136
3939,0.860136
3940,0.860136
3941,0.860136
3942,0.860136
3943,0.860136
3944,0.860136
3945,0.860814
3946,0.860814
3947,0.860814
3948,0.860814
3949,0.860814
3950,0.860814
3951,0.860814
3952,0.860814
3953,0.860642
3954,0.860642
3955,0.860642
3956,0.860642
3957,0.860642
3958,0.860642
3959,0.860642
3960,0.860642
3961,0.860505
3962,0.860505
3963,0.860505
3964,0.860505
3965,0.860505
3966,0.860505
3967,0.860505
3968,0.860505
3969,0.860003
3970,0.860003
3971,0.860003
3972,0.860003
3973,0.860003
3974,0.860003
3975,0.860003
3976,0.860003
3977,0.86157
3978,0.86157
3979,0.86157
3980,0.86157
3981,0.86157
3982,0.86157
3983,0.86157
3984,0.86157
3985,0.856656
3986,0.856656
3987,0.856656
3988,0.856656
3989,0.856656
3990,0.856656
3991,0.856656
3992,0.856656
3993,0.861049
3994,0.861049
3995,0.861049
3996,0.861049
3997,0.861049
3998,0.861049
3999,0.861049
4000,0.861049
4001,0.861167
4002,0.861167
4003,0.861167
4004,0.861167
4005,0.861167
4006,0.861167
4007,0.861167
4008,0.861167
4009,0.860744
4010,0.860744
4011,0.860744
4012,0.860744
4013,0.860744
4014,0.860744
4015,0.860744
4016,0.860744
4017,0.86072
4018,0.86072
4019,0.86072
4020,0.86072
4021,0.86072
4022,0.86072
4023,0.86072
4024,0.86072
4025,0.859713
4026,0.859713
4027,0.859713
4028,0.859713
4029,0.859713
4030,0.859713
4031,0.859713
4032,0.859713
4033,0.857957
4034,0.857957
4035,0.857957
4036,0.857957
4037,0.857957
4038,0.857957
4039,0.857957
4040,0.857957
4041,0.860254
4042,0.860254
4043,0.860254
4044,0.860254
4045,0.860254
4046,0.860254
4047,0.860254
4048,0.860254
4049,0.860465
4050,0.860465
4051,0.860465
4052,0.860465
4053,0.860465
4054,0.860465
4055,0.860465
4056,0.860465
4057,0.860399
4058,0.860399
4059,0.860399
4060,0.860399
4061,0.860399
4062,0.860399
4063,0.860399
4064,0.860399
4065,0.860548
4066,0.860548
4067,0.860548
4068,0.860548
4069,0.860548
4070,0.860548
4071,0.860548
4072,0.860548
4073,0.860383
4074,0.860383
4075,0.860383
4076,0.860383
4077,0.860383
4078,0.860383
4079,0.860383
4080,0.860383
4081,0.860109
4082,0.860109
4083,0.860109
4084,0.860109
4085,0.860109
4086,0.860109
4087,0.860109
4088,0.860109
4089,0.860175
4090,0.860175
4091,0.860175
4092,0.860175
4093,0.860175
4094,0.860175
4095,0.860175
4096,0.860175
4097,0.862123
4098,0.862123
4099,0.862123
4100,0.862123
4101,0.862123
4102,0.862123
4103,0.862123
4104,0.862123
4105,0.860834
4106,0.860834
4107,0.860834
4108,0.860834
4109,0.860834
4110,0.860834
4111,0.860834
4112,0.860834
4113,0.859729
4114,0.859729
4115,0.859729
4116,0.859729
4117,0.859729
4118,0.859729
4119,0.859729
4120,0.859729
4121,0.859658
4122,0.859658
4123,0.859658
4124,0.859658
4125,0.859658
4126,0.859658
4127,0.859658
4128,0.859658
4129,0.859447
4130,0.859447
4131,0.859447
4132,0.859447
4133,0.859447
4134,0.859447
4135,0.859447
4136,0.859447
4137,0.857824
4138,0.857824
4139,0.857824
4140,0.857824
4141,0.857824
4142,0.857824
4143,0.857824
4144,0.857824
4145,0.858753
4146,0.858753
4147,0.858753
4148,0.858753
4149,0.858753
4150,0.858753
4151,0.858753
4152,0.858753
4153,0.85842
4154,0.85842
4155,0.85842
4156,0.85842
4157,0.85842
4158,0.85842
4159,0.85842
4160,0.85842
4161,0.855395
4162,0.855395
4163,0.855395
4164,0.855395
4165,0.855395
4166,0.855395
4167,0.855395
4168,0.855395
4169,0.852604
4170,0.852604
4171,0.852604
4172,0.852604
4173,0.852604
4174,0.852604
4175,0.852604
4176,0.852604
4177,0.849336
4178,0.849336
4179,0.849336
4180,0.849336
4181,0.849336
4182,0.849336
4183,0.849336
4184,0.849336
4185,0.855822
4186,0.855822
4187,0.855822
4188,0.855822
4189,0.855822
4190,0.855822
4191,0.855822
4192,0.855822
4193,0.865015
4194,0.865015
4195,0.865015
4196,0.865015
4197,0.865015
4198,0.865015
4199,0.865015
4200,0.865015
4201,0.872641
4202,0.872641
4203,0.872641
4204,0.872641
4205,0.872641
4206,0.872641
4207,0.872641
4208,0.872641
4209,0.863338
4210,0.863338
4211,0.863338
4212,0.863338
4213,0.863338
4214,0.863338
4215,0.863338
4216,0.863338
4217,0.862973
4218,0.862973
4219,0.862973
4220,0.862973
4221,0.862973
4222,0.862973
4223,0.862973
4224,0.862973
4225,0.876744
4226,0.876744
4227,0.876744
4228,0.876744
4229,0.876744
4230,0.876744
4231,0.876744
4232,0.876744
4233,0.892654
4234,0.892654
4235,0.892654
4236,0.892654
4237,0.892654
4238,0.892654
4239,0.892654
4240,0.892654
4241,0.898795
4242,0.898795
4243,0.898795
4244,0.898795
4245,0.898795
4246,0.898795
4247,0.898795
4248,0.898795
4249,0.896341
4250,0.896341
4251,0.896341
4252,0.896341
4253,0.896341
4254,0.896341
4255,0.896341
4256,0.896341
4257,0.879812
4258,0.879812
4259,0.879812
4260,0.879812
4261,0.879812
4262,0.879812
4263,0.879812
4264,0.879812
4265,0.87431
4266,0.87431
4267,0.87431
4268,0.87431
4269,0.87431
4270,0.87431
4271,0.87431
4272,0.87431
4273,0.882743
4274,0.882743
4275,0.882743
4276,0.882743
4277,0.882743
4278,0.882743
4279,0.882743
4280,0.882743
4281,0.89131
4282,0.89131
4283,0.89131
4284,0.89131
4285,0.89131
4286,0.89131
4287,0.89131
4288,0.89131
4289,0.910904
4290,0.910904
4291,0.910904
4292,0.910904
4293,0.910904
4294,0.910904
4295,0.910904
4296,0.910904
4297,0.903752
4298,0.903752
4299,0.903752
4300,0.903752
4301,0.903752
4302,0.903752
4303,0.903752
4304,0.903752
4305,0.891952
4306,0.891952
4307,0.891952
4308,0.891952
4309,0.891952
4310,0.891952
4311,0.891952
4312,0.891952
4313,0.891169
4314,0.891169
4315,0.891169
4316,0.891169
4317,0.891169
4318,0.891169
4319,0.891169
4320,0.891169
4321,0.872273
4322,0.872273
4323,0.872273
4324,0.872273
4325,0.872273
4326,0.872273
4327,0.872273
4328,0.872273
4329,0.863299
4330,0.863299
4331,0.863299
4332,0.863299
4333,0.863299
4334,0.863299
4335,0.863299
4336,0.863299
4337,0.858792
4338,0.858792
4339,0.858792
4340,0.858792
4341,0.858792
4342,0.858792
4343,0.858792
4344,0.858792
4345,0.836831
4346,0.836831
4347,0.836831
4348,0.836831
4349,0.836831
4350,0.836831
4351,0.836831
4352,0.836831
4353,0.823304
4354,0.823304
4355,0.823304
4356,0.823304
4357,0.823304
4358,0.823304
4359,0.823304
4360,0.823304
4361,0.824762
4362,0.824762
4363,0.824762
4364,0.824762
4365,0.824762
4366,0.824762
4367,0.824762
4368,0.824762
4369,0.843403
4370,0.843403
4371,0.843403
4372,0.843403
4373,0.843403
4374,0.843403
4375,0.843403
4376,0.843403
4377,0.860352
4378,0.860352
4379,0.860352
4380,0.860352
4381,0.860352
4382,0.860352
4383,0.860352
4384,0.860352
4385,0.861053
4386,0.861053
4387,0.861053
4388,0.861053
4389,0.861053
4390,0.861053
4391,0.861053
4392,0.861053
4393,0.865803
4394,0.865803
4395,0.865803
4396,0.865803
4397,0.865803
4398,0.865803
4399,0.865803
4400,0.865803
4401,0.853161
4402,0.853161
4403,0.853161
4404,0.853161
4405,0.853161
4406,0.853161
4407,0.853161
4408,0.853161
4409,0.799647
4410,0.799647
4411,0.799647
4412,0.799647
4413,0.799647
4414,0.799647
4415,0.799647
4416,0.799647
4417,0.79505
4418,0.79505
4419,0.79505
4420,0.79505
4421,0.79505
4422,0.79505
4423,0.79505
4424,0.79505
4425,0.847941
4426,0.847941
4427,0.847941
4428,0.847941
4429,0.847941
4430,0.847941
4431,0.847941
4432,0.847941
4433,0.826631
4434,0.826631
4435,0.826631
4436,0.826631
4437,0.826631
4438,0.826631
4439,0.826631
4440,0.826631
4441,0.806136
4442,0.806136
4443,0.806136
4444,0.806136
4445,0.806136
4446,0.806136
4447,0.806136
4448,0.806136
4449,0.79088
4450,0.79088
4451,0.79088
4452,0.79088
4453,0.79088
4454,0.79088
4455,0.79088
4456,0.79088
4457,0.755067
4458,0.755067
4459,0.755067
4460,0.755067
4461,0.755067
4462,0.755067
4463,0.755067
4464,0.755067
4465,0.730144
4466,0.730144
4467,0.730144
4468,0.730144
4469,0.730144
4470,0.730144
4471,0.730144
4472,0.730144
4473,0.735465
4474,0.735465
4475,0.735465
4476,0.735465
4477,0.735465
4478,0.735465
4479,0.735465
4480,0.735465
4481,0.736484
4482,0.736484
4483,0.736484
4484,0.736484
4485,0.736484
4486,0.736484
4487,0.736484
4488,0.736484
4489,0.733549
4490,0.733549
4491,0.733549
4492,0.733549
4493,0.733549
4494,0.733549
4495,0.733549
4496,0.733549
4497,0.764707
4498,0.764707
4499,0.764707
4500,0.764707
4501,0.764707
4502,0.764707
4503,0.764707
4504,0.764707
4505,0.815764
4506,0.815764
4507,0.815764
4508,0.815764
4509,0.815764
4510,0.815764
4511,0.815764
4512,0.815764
4513,0.874898
4514,0.874898
4515,0.874898
4516,0.874898
4517,0.874898
4518,0.874898
4519,0.874898
4520,0.874898
4521,0.904688
4522,0.904688
4523,0.904688
4524,0.904688
4525,0.904688
4526,0.904688
4527,0.904688
4528,0.904688
4529,0.898124
4530,0.898124
4531,0.898124
4532,0.898124
4533,0.898124
4534,0.898124
4535,0.898124
4536,0.898124
4537,0.896729
4538,0.896729
4539,0.896729
4540,0.896729
4541,0.896729
4542,0.896729
4543,0.896729
4544,0.896729
4545,0.902788
4546,0.902788
4547,0.902788
4548,0.902788
4549,0.902788
4550,0.902788
4551,0.902788
4552,0.902788
4553,0.871826
4554,0.871826
4555,0.871826
4556,0.871826
4557,0.871826
4558,0.871826
4559,0.871826
4560,0.871826
4561,0.843576
4562,0.843576
4563,0.843576
4564,0.843576
4565,0.843576
4566,0.843576
4567,0.843576
4568,0.843576
4569,0.841691
4570,0.841691
4571,0.841691
4572,0.841691
4573,0.841691
4574,0.841691
4575,0.841691
4576,0.841691
4577,0.837976
4578,0.837976
4579,0.837976
4580,0.837976
4581,0.837976
4582,0.837976
4583,0.837976
4584,0.837976
4585,0.809365
4586,0.809365
4587,0.809365
4588,0.809365
4589,0.809365
4590,0.809365
4591,0.809365
4592,0.809365
4593,0.822798
4594,0.822798
4595,0.822798
4596,0.822798
4597,0.822798
4598,0.822798
4599,0.822798
4600,0.822798
4601,0.839308
4602,0.839308
4603,0.839308
4604,0.839308
4605,0.839308
4606,0.839308
4607,0.839308
4608,0.839308
4609,0.80949
4610,0.80949
4611,0.80949
4612,0.80949
4613,0.80949
4614,0.80949
4615,0.80949
4616,0.80949
4617,0.8341
4618,0.8341
4619,0.8341
4620,0.8341
4621,0.8341
4622,0.8341
4623,0.8341
4624,0.8341
4625,0.820945
4626,0.820945
4627,0.820945
4628,0.820945
4629,0.820945
4630,0.820945
4631,0.820945
4632,0.820945
4633,0.785508
4634,0.785508
4635,0.785508
4636,0.785508
4637,0.785508
4638,0.785508
4639,0.785508
4640,0.785508
4641,0.779312
4642,0.779312
4643,0.779312
4644,0.779312
4645,0.779312
4646,0.779312
4647,0.779312
4648,0.779312
4649,0.802119
4650,0.802119
4651,0.802119
4652,0.802119
4653,0.802119
4654,0.802119
4655,0.802119
4656,0.802119
4657,0.818989
4658,0.818989
4659,0.818989
4660,0.818989
4661,0.818989
4662,0.818989
4663,0.818989
4664,0.818989
4665,0.845194
4666,0.845194
4667,0.845194
4668,0.845194
4669,0.845194
4670,0.845194
4671,0.845194
4672,0.845194
4673,0.828653
4674,0.828653
4675,0.828653
4676,0.828653
4677,0.828653
4678,0.828653
4679,0.828653
4680,0.828653
4681,0.763931
4682,0.763931
4683,0.763931
4684,0.763931
4685,0.763931
4686,0.763931
4687,0.763931
4688,0.763931
4689,0.6933
4690,0.6933
4691,0.6933
4692,0.6933
4693,0.6933
4694,0.6933
4695,0.6933
4696,0.6933
4697,0.685976
4698,0.685976
4699,0.685976
4700,0.685976
4701,0.685976
4702,0.685976
4703,0.685976
4704,0.685976
4705,0.712792
4706,0.712792
4707,0.712792
4708,0.712792
4709,0.712792
4710,0.712792
4711,0.712792
4712,0.712792
4713,0.754479
4714,0.754479
4715,0.754479
4716,0.754479
4717,0.754479
4718,0.754479
4719,0.754479
4720,0.754479
4721,0.814499
4722,0.814499
4723,0.814499
4724,0.814499
4725,0.814499
4726,0.814499
4727,0.814499
4728,0.814499
4729,0.827231
4730,0.827231
4731,0.827231
4732,0.827231
4733,0.827231
4734,0.827231
4735,0.827231
4736,0.827231
4737,0.84778
4738,0.84778
4739,0.84778
4740,0.84778
4741,0.84778
4742,0.84778
4743,0.84778
4744,0.84778
4745,0.860975
4746,0.860975
4747,0.860975
4748,0.860975
4749,0.860975
4750,0.860975
4751,0.860975
4752,0.860975
4753,0.691987
4754,0.691987
4755,0.691987
4756,0.691987
4757,0.691987
4758,0.691987
4759,0.691987
4760,0.691987
4761,0.457548
4762,0.457548
4763,0.457548
4764,0.457548
4765,0.457548
4766,0.457548
4767,0.457548
4768,0.457548
4769,0.371124
4770,0.371124
4771,0.371124
4772,0.371124
4773,0.371124
4774,0.371124
4775,0.371124
4776,0.371124
4777,0.316795
4778,0.316795
4779,0.316795
4780,0.316795
4781,0.316795
4782,0.316795
4783,0.316795
4784,0.316795
4785,0.282055
4786,0.282055
4787,0.282055
4788,0.282055
4789,0.282055
4790,0.282055
4791,0.282055
4792,0.282055
4793,0.219822
4794,0.219822
4795,0.219822
4796,0.219822
4797,0.219822
4798,0.219822
4799,0.219822
4800,0.219822
4801,0.188256
4802,0.188256
4803,0.188256
4804,0.188256
4805,0.188256
4806,0.188256
4807,0.188256
4808,0.188256
4809,0.187966
4810,0.187966
4811,0.187966
4812,0.187966
4813,0.187966
4814,0.187966
4815,0.187966
4816,0.187966
4817,0.172585
4818,0.172585
4819,0.172585
4820,0.172585
4821,0.172585
4822,0.172585
4823,0.172585
4824,0.172585
4825,0.157667
4826,0.157667
4827,0.157667
4828,0.157667
4829,0.157667
4830,0.157667
4831,0.157667
4832,0.157667
4833,0.157498
4834,0.157498
4835,0.157498
4836,0.157498
4837,0.157498
4838,0.157498
4839,0.157498
4840,0.157498
4841,0.156228
4842,0.156228
4843,0.156228
4844,0.156228
4845,0.156228
4846,0.156228
4847,0.156228
4848,0.156228
4849,0.155872
4850,0.155872
4851,0.155872
4852,0.155872
4853,0.155872
4854,0.155872
4855,0.155872
4856,0.155872
4857,0.156013
4858,0.156013
4859,0.156013
4860,0.156013
4861,0.156013
4862,0.156013
4863,0.156013
4864,0.156013
4865,0.156205
4866,0.156205
4867,0.156205
4868,0.156205
4869,0.156205
4870,0.156205
4871,0.156205
4872,0.156205
4873,0.156221
4874,0.156221
4875,0.156221
4876,0.156221
4877,0.156221
4878,0.156221
4879,0.156221
4880,0.156221
4881,0.155684
4882,0.155684
4883,0.155684
4884,0.155684
4885,0.155684
4886,0.155684
4887,0.155684
4888,0.155684
4889,0.153685
4890,0.153685
4891,0.153685
4892,0.153685
4893,0.153685
4894,0.153685
4895,0.153685
4896,0.153685
4897,0.153356
4898,0.153356
4899,0.153356
4900,0.153356
4901,0.153356
4902,0.153356
4903,0.153356
4904,0.153356
4905,0.153521
4906,0.153521
4907,0.153521
4908,0.153521
4909,0.153521
4910,0.153521
4911,0.153521
4912,0.153521
4913,0.154261
4914,0.154261
4915,0.154261
4916,0.154261
4917,0.154261
4918,0.154261
4919,0.154261
4920,0.154261
4921,0.198037
4922,0.198037
4923,0.198037
4924,0.198037
4925,0.198037
4926,0.198037
4927,0.198037
4928,0.198037
4929,0.26573
4930,0.26573
4931,0.26573
4932,0.26573
4933,0.26573
4934,0.26573
4935,0.26573
4936,0.26573
4937,0.343583
4938,0.343583
4939,0.343583
4940,0.343583
4941,0.343583
4942,0.343583
4943,0.343583
4944,0.343583
4945,0.470958
4946,0.470958
4947,0.470958
4948,0.470958
4949,0.470958
4950,0.470958
4951,0.470958
4952,0.470958
4953,0.454147
4954,0.454147
4955,0.454147
4956,0.454147
4957,0.454147
4958,0.454147
4959,0.454147
4960,0.454147
4961,0.340468
4962,0.340468
4963,0.340468
4964,0.340468
4965,0.340468
4966,0.340468
4967,0.340468
4968,0.340468
4969,0.248103
4970,0.248103
4971,0.248103
4972,0.248103
4973,0.248103
4974,0.248103
4975,0.248103
4976,0.248103
4977,0.299117
4978,0.299117
4979,0.299117
4980,0.299117
4981,0.299117
4982,0.299117
4983,0.299117
4984,0.299117
4985,0.311074
4986,0.311074
4987,0.311074
4988,0.311074
4989,0.311074
4990,0.311074
4991,0.311074
4992,0.311074
4993,0.275005
4994,0.275005
4995,0.275005
4996,0.275005
4997,0.275005
4998,0.275005
4999,0.275005
5000,0.275005
5001,0.245051
5002,0.245051
5003,0.245051
5004,0.245051
5005,0.245051
5006,0.245051
5007,0.245051
5008,0.245051
5009,0.237727
5010,0.237727
5011,0.237727
5012,0.237727
5013,0.237727
5014,0.237727
5015,0.237727
5016,0.237727
5017,0.214849
5018,0.214849
5019,0.214849
5020,0.214849
5021,0.214849
5022,0.214849
5023,0.214849
5024,0.214849
5025,0.202317
5026,0.202317
5027,0.202317
5028,0.202317
5029,0.202317
5030,0.202317
5031,0.202317
5032,0.202317
5033,0.19667
5034,0.19667
5035,0.19667
5036,0.19667
5037,0.19667
5038,0.19667
5039,0.19667
5040,0.19667
5041,0.177225
5042,0.177225
5043,0.177225
5044,0.177225
5045,0.177225
5046,0.177225
5047,0.177225
5048,0.177225
5049,0.182288
5050,0.182288
5051,0.182288
5052,0.182288
5053,0.182288
5054,0.182288
5055,0.182288
5056,0.182288
5057,0.235693
5058,0.235693
5059,0.235693
5060,0.235693
5061,0.235693
5062,0.235693
5063,0.235693
5064,0.235693
5065,0.364521
5066,0.364521
5067,0.364521
5068,0.364521
5069,0.364521
5070,0.364521
5071,0.364521
5072,0.364521
5073,0.451145
5074,0.451145
5075,0.451145
5076,0.451145
5077,0.451145
5078,0.451145
5079,0.451145
5080,0.451145
5081,0.548592
5082,0.548592
5083,0.548592
5084,0.548592
5085,0.548592
5086,0.548592
5087,0.548592
5088,0.548592
5089,0.498977
5090,0.498977
5091,0.498977
5092,0.498977
5093,0.498977
5094,0.498977
5095,0.498977
5096,0.498977
5097,0.330804
5098,0.330804
5099,0.330804
5100,0.330804
5101,0.330804
5102,0.330804
5103,0.330804
5104,0.330804
5105,0.245439
5106,0.245439
5107,0.245439
5108,0.245439
5109,0.245439
5110,0.245439
5111,0.245439
5112,0.245439
5113,0.198147
5114,0.198147
5115,0.198147
5116,0.198147
5117,0.198147
5118,0.198147
5119,0.198147
5120,0.198147
5121,0.203418
5122,0.203418
5123,0.203418
5124,0.203418
5125,0.203418
5126,0.203418
5127,0.203418
5128,0.203418
5129,0.143206
5130,0.143206
5131,0.143206
5132,0.143206
5133,0.143206
5134,0.143206
5135,0.143206
5136,0.143206
5137,0.131305
5138,0.131305
5139,0.131305
5140,0.131305
5141,0.131305
5142,0.131305
5143,0.131305
5144,0.131305
5145,0.132011
5146,0.132011
5147,0.132011
5148,0.132011
5149,0.132011
5150,0.132011
5151,0.132011
5152,0.132011
5153,0.132422
5154,0.132422
5155,0.132422
5156,0.132422
5157,0.132422
5158,0.132422
5159,0.132422
5160,0.132422
5161,0.132414
5162,0.132414
5163,0.132414
5164,0.132414
5165,0.132414
5166,0.132414
5167,0.132414
5168,0.132414
5169,0.132853
5170,0.132853
5171,0.132853
5172,0.132853
5173,0.132853
5174,0.132853
5175,0.132853
5176,0.132853
5177,0.13312
5178,0.13312
5179,0.13312
5180,0.13312
5181,0.13312
5182,0.13312
5183,0.13312
5184,0.13312
5185,0.132199
5186,0.132199
5187,0.132199
5188,0.132199
5189,0.132199
5190,0.132199
5191,0.132199
5192,0.132199
5193,0.132512
5194,0.132512
5195,0.132512
5196,0.132512
5197,0.132512
5198,0.132512
5199,0.132512
5200,0.132512
5201,0.132806
5202,0.132806
5203,0.132806
5204,0.132806
5205,0.132806
5206,0.132806
5207,0.132806
5208,0.132806
5209,0.133163
5210,0.133163
5211,0.133163
5212,0.133163
5213,0.133163
5214,0.133163
5215,0.133163
5216,0.133163
5217,0.133269
5218,0.133269
5219,0.133269
5220,0.133269
5221,0.133269
5222,0.133269
5223,0.133269
5224,0.133269
5225,0.132559
5226,0.132559
5227,0.132559
5228,0.132559
5229,0.132559
5230,0.132559
5231,0.132559
5232,0.132559
5233,0.132818
5234,0.132818
5235,0.132818
5236,0.132818
5237,0.132818
5238,0.132818
5239,0.132818
5240,0.132818
5241,0.132861
5242,0.132861
5243,0.132861
5244,0.132861
5245,0.132861
5246,0.132861
5247,0.132861
5248,0.132861
5249,0.131004
5250,0.131004
5251,0.131004
5252,0.131004
5253,0.131004
5254,0.131004
5255,0.131004
5256,0.131004
5257,0.131274
5258,0.131274
5259,0.131274
5260,0.131274
5261,0.131274
5262,0.131274
5263,0.131274
5264,0.131274
5265,0.190086
5266,0.190086
5267,0.190086
5268,0.190086
5269,0.190086
5270,0.190086
5271,0.190086
5272,0.190086
5273,0.273293
5274,0.273293
5275,0.273293
5276,0.273293
5277,0.273293
5278,0.273293
5279,0.273293
5280,0.273293
5281,0.308734
5282,0.308734
5283,0.308734
5284,0.308734
5285,0.308734
5286,0.308734
5287,0.308734
5288,0.308734
5289,0.296512
5290,0.296512
5291,0.296512
5292,0.296512
5293,0.296512
5294,0.296512
5295,0.296512
5296,0.296512
5297,0.346977
5298,0.346977
5299,0.346977
5300,0.346977
5301,0.346977
5302,0.346977
5303,0.346977
5304,0.346977
5305,0.473415
5306,0.473415
5307,0.473415
5308,0.473415
5309,0.473415
5310,0.473415
5311,0.473415
5312,0.473415
5313,0.555423
5314,0.555423
5315,0.555423
5316,0.555423
5317,0.555423
5318,0.555423
5319,0.555423
5320,0.555423
5321,0.616794
5322,0.616794
5323,0.616794
5324,0.616794
5325,0.616794
5326,0.616794
5327,0.616794
5328,0.616794
5329,0.611951
5330,0.611951
5331,0.611951
5332,0.611951
5333,0.611951
5334,0.611951
5335,0.611951
5336,0.611951
5337,0.581506
5338,0.581506
5339,0.581506
5340,0.581506
5341,0.581506
5342,0.581506
5343,0.581506
5344,0.581506
5345,0.539336
5346,0.539336
5347,0.539336
5348,0.539336
5349,0.539336
5350,0.539336
5351,0.539336
5352,0.539336
5353,0.558573
5354,0.558573
5355,0.558573
5356,0.558573
5357,0.558573
5358,0.558573
5359,0.558573
5360,0.558573
5361,0.576071
5362,0.576071
5363,0.576071
5364,0.576071
5365,0.576071
5366,0.576071
5367,0.576071
5368,0.576071
5369,0.504013
5370,0.504013
5371,0.504013
5372,0.504013
5373,0.504013
5374,0.504013
5375,0.504013
5376,0.504013
5377,0.492351
5378,0.492351
5379,0.492351
5380,0.492351
5381,0.492351
5382,0.492351
5383,0.492351
5384,0.492351
5385,0.463328
5386,0.463328
5387,0.463328
5388,0.463328
5389,0.463328
5390,0.463328
5391,0.463328
5392,0.463328
5393,0.441572
5394,0.441572
5395,0.441572
5396,0.441572
5397,0.441572
5398,0.441572
5399,0.441572
5400,0.441572
5401,0.460421
5402,0.460421
5403,0.460421
5404,0.460421
5405,0.460421
5406,0.460421
5407,0.460421
5408,0.460421
5409,0.486817
5410,0.486817
5411,0.486817
5412,0.486817
5413,0.486817
5414,0.486817
5415,0.486817
5416,0.486817
5417,0.502093
5418,0.502093
5419,0.502093
5420,0.502093
5421,0.502093
5422,0.502093
5423,0.502093
5424,0.502093
5425,0.523042
5426,0.523042
5427,0.523042
5428,0.523042
5429,0.523042
5430,0.523042
5431,0.523042
5432,0.523042
5433,0.54436
5434,0.54436
5435,0.54436
5436,0.54436
5437,0.54436
5438,0.54436
5439,0.54436
5440,0.54436
5441,0.557805
5442,0.557805
5443,0.557805
5444,0.557805
5445,0.557805
5446,0.557805
5447,0.557805
5448,0.557805
5449,0.574934
5450,0.574934
5451,0.574934
5452,0.574934
5453,0.574934
5454,0.574934
5455,0.574934
5456,0.574934
5457,0.594026
5458,0.594026
5459,0.594026
5460,0.594026
5461,0.594026
5462,0.594026
5463,0.594026
5464,0.594026
5465,0.61219
5466,0.61219
5467,0.61219
5468,0.61219
5469,0.61219
5470,0.61219
5471,0.61219
5472,0.61219
5473,0.641325
5474,0.641325
5475,0.641325
5476,0.641325
5477,0.641325
5478,0.641325
5479,0.641325
5480,0.641325
5481,0.645189
5482,0.645189
5483,0.645189
5484,0.645189
5485,0.645189
5486,0.645189
5487,0.645189
5488,0.645189
5489,0.650178
5490,0.650178
5491,0.650178
5492,0.650178
5493,0.650178
5494,0.650178
5495,0.650178
5496,0.650178
5497,0.675669
5498,0.675669
5499,0.675669
5500,0.675669
5501,0.675669
5502,0.675669
5503,0.675669
5504,0.675669
5505,0.743021
5506,0.743021
5507,0.743021
5508,0.743021
5509,0.743021
5510,0.743021
5511,0.743021
5512,0.743021
5513,0.792726
5514,0.792726
5515,0.792726
5516,0.792726
5517,0.792726
5518,0.792726
5519,0.792726
5520,0.792726
5521,0.824433
5522,0.824433
5523,0.824433
5524,0.824433
5525,0.824433
5526,0.824433
5527,0.824433
5528,0.824433
5529,0.823884
5530,0.823884
5531,0.823884
5532,0.823884
5533,0.823884
5534,0.823884
5535,0.823884
5536,0.823884
5537,0.827501
5538,0.827501
5539,0.827501
5540,0.827501
5541,0.827501
5542,0.827501
5543,0.827501
5544,0.827501
5545,0.831745
5546,0.831745
5547,0.831745
5548,0.831745
5549,0.831745
5550,0.831745
5551,0.831745
5552,0.831745
5553,0.831788
5554,0.831788
5555,0.831788
5556,0.831788
5557,0.831788
5558,0.831788
5559,0.831788
5560,0.831788
5561,0.83042
5562,0.83042
5563,0.83042
5564,0.83042
5565,0.83042
5566,0.83042
5567,0.83042
5568,0.83042
5569,0.829331
5570,0.829331
5571,0.829331
5572,0.829331
5573,0.829331
5574,0.829331
5575,0.829331
5576,0.829331
5577,0.817892
5578,0.817892
5579,0.817892
5580,0.817892
5581,0.817892
5582,0.817892
5583,0.817892
5584,0.817892
5585,0.816564
5586,0.816564
5587,0.816564
5588,0.816564
5589,0.816564
5590,0.816564
5591,0.816564
5592,0.816564
5593,0.821509
5594,0.821509
5595,0.821509
5596,0.821509
5597,0.821509
5598,0.821509
5599,0.821509
5600,0.821509
5601,0.821948
5602,0.821948
5603,0.821948
5604,0.821948
5605,0.821948
5606,0.821948
5607,0.821948
5608,0.821948
5609,0.819785
5610,0.819785
5611,0.819785
5612,0.819785
5613,0.819785
5614,0.819785
5615,0.819785
5616,0.819785
5617,0.816407
5618,0.816407
5619,0.816407
5620,0.816407
5621,0.816407
5622,0.816407
5623,0.816407
5624,0.816407
5625,0.81
5626,0.81
5627,0.81
5628,0.81
5629,0.81
5630,0.81
5631,0.81
5632,0.81
5633,0.808793
5634,0.808793
5635,0.808793
5636,0.808793
5637,0.808793
5638,0.808793
5639,0.808793
5640,0.808793
5641,0.811528
5642,0.811528
5643,0.811528
5644,0.811528
5645,0.811528
5646,0.811528
5647,0.811528
5648,0.811528
5649,0.815408
5650,0.815408
5651,0.815408
5652,0.815408
5653,0.815408
5654,0.815408
5655,0.815408
5656,0.815408
5657,0.808323
5658,0.808323
5659,0.808323
5660,0.808323
5661,0.808323
5662,0.808323
5663,0.808323
5664,0.808323
5665,0.808758
5666,0.808758
5667,0.808758
5668,0.808758
5669,0.808758
5670,0.808758
5671,0.808758
5672,0.808758
5673,0.805137
5674,0.805137
5675,0.805137
5676,0.805137
5677,0.805137
5678,0.805137
5679,0.805137
5680,0.805137
5681,0.806355
5682,0.806355
5683,0.806355
5684,0.806355
5685,0.806355
5686,0.806355
5687,0.806355
5688,0.806355
5689,0.805203
5690,0.805203
5691,0.805203
5692,0.805203
5693,0.805203
5694,0.805203
5695,0.805203
5696,0.805203
5697,0.81047
5698,0.81047
5699,0.81047
5700,0.81047
5701,0.81047
5702,0.81047
5703,0.81047
5704,0.81047
5705,0.805587
5706,0.805587
5707,0.805587
5708,0.805587
5709,0.805587
5710,0.805587
5711,0.805587
5712,0.805587
5713,0.805129
5714,0.805129
5715,0.805129
5716,0.805129
5717,0.805129
5718,0.805129
5719,0.805129
5720,0.805129
5721,0.809036
5722,0.809036
