framenum,queue density
1,0.260933
2,0.260933
3,0.260933
4,0.260933
5,0.260933
6,0.260933
7,0.260933
8,0.260933
9,0.260933
10,0.260933
11,0.260933
12,0.260933
13,0.260933
14,0.260933
15,0.260933
16,0.260933
17,0.309404
18,0.309404
19,0.309404
20,0.309404
21,0.309404
22,0.309404
23,0.309404
24,0.309404
25,0.309404
26,0.309404
27,0.309404
28,0.309404
29,0.309404
30,0.309404
31,0.309404
32,0.309404
33,0.322124
34,0.322124
35,0.322124
36,0.322124
37,0.322124
38,0.322124
39,0.322124
40,0.322124
41,0.322124
42,0.322124
43,0.322124
44,0.322124
45,0.322124
46,0.322124
47,0.322124
48,0.322124
49,0.306026
50,0.306026
51,0.306026
52,0.306026
53,0.306026
54,0.306026
55,0.306026
56,0.306026
57,0.306026
58,0.306026
59,0.306026
60,0.306026
61,0.306026
62,0.306026
63,0.306026
64,0.306026
65,0.297766
66,0.297766
67,0.297766
68,0.297766
69,0.297766
70,0.297766
71,0.297766
72,0.297766
73,0.297766
74,0.297766
75,0.297766
76,0.297766
77,0.297766
78,0.297766
79,0.297766
80,0.297766
81,0.298882
82,0.298882
83,0.298882
84,0.298882
85,0.298882
86,0.298882
87,0.298882
88,0.298882
89,0.298882
90,0.298882
91,0.298882
92,0.298882
93,0.298882
94,0.298882
95,0.298882
96,0.298882
97,0.379926
98,0.379926
99,0.379926
100,0.379926
101,0.379926
102,0.379926
103,0.379926
104,0.379926
105,0.379926
106,0.379926
107,0.379926
108,0.379926
109,0.379926
110,0.379926
111,0.379926
112,0.379926
113,0.402137
114,0.402137
115,0.402137
116,0.402137
117,0.402137
118,0.402137
119,0.402137
120,0.402137
121,0.402137
122,0.402137
123,0.402137
124,0.402137
125,0.402137
126,0.402137
127,0.402137
128,0.402137
129,0.41572
130,0.41572
131,0.41572
132,0.41572
133,0.41572
134,0.41572
135,0.41572
136,0.41572
137,0.41572
138,0.41572
139,0.41572
140,0.41572
141,0.41572
142,0.41572
143,0.41572
144,0.41572
145,0.419874
146,0.419874
147,0.419874
148,0.419874
149,0.419874
150,0.419874
151,0.419874
152,0.419874
153,0.419874
154,0.419874
155,0.419874
156,0.419874
157,0.419874
158,0.419874
159,0.419874
160,0.419874
161,0.388531
162,0.388531
163,0.388531
164,0.388531
165,0.388531
166,0.388531
167,0.388531
168,0.388531
169,0.388531
170,0.388531
171,0.388531
172,0.388531
173,0.388531
174,0.388531
175,0.388531
176,0.388531
177,0.363949
178,0.363949
179,0.363949
180,0.363949
181,0.363949
182,0.363949
183,0.363949
184,0.363949
185,0.363949
186,0.363949
187,0.363949
188,0.363949
189,0.363949
190,0.363949
191,0.363949
192,0.363949
193,0.354458
194,0.354458
195,0.354458
196,0.354458
197,0.354458
198,0.354458
199,0.354458
200,0.354458
201,0.354458
202,0.354458
203,0.354458
204,0.354458
205,0.354458
206,0.354458
207,0.354458
208,0.354458
209,0.349297
210,0.349297
211,0.349297
212,0.349297
213,0.349297
214,0.349297
215,0.349297
216,0.349297
217,0.349297
218,0.349297
219,0.349297
220,0.349297
221,0.349297
222,0.349297
223,0.349297
224,0.349297
225,0.350398
226,0.350398
227,0.350398
228,0.350398
229,0.350398
230,0.350398
231,0.350398
232,0.350398
233,0.350398
234,0.350398
235,0.350398
236,0.350398
237,0.350398
238,0.350398
239,0.350398
240,0.350398
241,0.347702
242,0.347702
243,0.347702
244,0.347702
245,0.347702
246,0.347702
247,0.347702
248,0.347702
249,0.347702
250,0.347702
251,0.347702
252,0.347702
253,0.347702
254,0.347702
255,0.347702
256,0.347702
257,0.349846
258,0.349846
259,0.349846
260,0.349846
261,0.349846
262,0.349846
263,0.349846
264,0.349846
265,0.349846
266,0.349846
267,0.349846
268,0.349846
269,0.349846
270,0.349846
271,0.349846
272,0.349846
273,0.342643
274,0.342643
275,0.342643
276,0.342643
277,0.342643
278,0.342643
279,0.342643
280,0.342643
281,0.342643
282,0.342643
283,0.342643
284,0.342643
285,0.342643
286,0.342643
287,0.342643
288,0.342643
289,0.34664
290,0.34664
291,0.34664
292,0.34664
293,0.34664
294,0.34664
295,0.34664
296,0.34664
297,0.34664
298,0.34664
299,0.34664
300,0.34664
301,0.34664
302,0.34664
303,0.34664
304,0.34664
305,0.336056
306,0.336056
307,0.336056
308,0.336056
309,0.336056
310,0.336056
311,0.336056
312,0.336056
313,0.336056
314,0.336056
315,0.336056
316,0.336056
317,0.336056
318,0.336056
319,0.336056
320,0.336056
321,0.341052
322,0.341052
323,0.341052
324,0.341052
325,0.341052
326,0.341052
327,0.341052
328,0.341052
329,0.341052
330,0.341052
331,0.341052
332,0.341052
333,0.341052
334,0.341052
335,0.341052
336,0.341052
337,0.342666
338,0.342666
339,0.342666
340,0.342666
341,0.342666
342,0.342666
343,0.342666
344,0.342666
345,0.342666
346,0.342666
347,0.342666
348,0.342666
349,0.342666
350,0.342666
351,0.342666
352,0.342666
353,0.366802
354,0.366802
355,0.366802
356,0.366802
357,0.366802
358,0.366802
359,0.366802
360,0.366802
361,0.366802
362,0.366802
363,0.366802
364,0.366802
365,0.366802
366,0.366802
367,0.366802
368,0.366802
369,0.375043
370,0.375043
371,0.375043
372,0.375043
373,0.375043
374,0.375043
375,0.375043
376,0.375043
377,0.375043
378,0.375043
379,0.375043
380,0.375043
381,0.375043
382,0.375043
383,0.375043
384,0.375043
385,0.361284
386,0.361284
387,0.361284
388,0.361284
389,0.361284
390,0.361284
391,0.361284
392,0.361284
393,0.361284
394,0.361284
395,0.361284
396,0.361284
397,0.361284
398,0.361284
399,0.361284
400,0.361284
401,0.39149
402,0.39149
403,0.39149
404,0.39149
405,0.39149
406,0.39149
407,0.39149
408,0.39149
409,0.39149
410,0.39149
411,0.39149
412,0.39149
413,0.39149
414,0.39149
415,0.39149
416,0.39149
417,0.427049
418,0.427049
419,0.427049
420,0.427049
421,0.427049
422,0.427049
423,0.427049
424,0.427049
425,0.427049
426,0.427049
427,0.427049
428,0.427049
429,0.427049
430,0.427049
431,0.427049
432,0.427049
433,0.489972
434,0.489972
435,0.489972
436,0.489972
437,0.489972
438,0.489972
439,0.489972
440,0.489972
441,0.489972
442,0.489972
443,0.489972
444,0.489972
445,0.489972
446,0.489972
447,0.489972
448,0.489972
449,0.547918
450,0.547918
451,0.547918
452,0.547918
453,0.547918
454,0.547918
455,0.547918
456,0.547918
457,0.547918
458,0.547918
459,0.547918
460,0.547918
461,0.547918
462,0.547918
463,0.547918
464,0.547918
465,0.576937
466,0.576937
467,0.576937
468,0.576937
469,0.576937
470,0.576937
471,0.576937
472,0.576937
473,0.576937
474,0.576937
475,0.576937
476,0.576937
477,0.576937
478,0.576937
479,0.576937
480,0.576937
481,0.602342
482,0.602342
483,0.602342
484,0.602342
485,0.602342
486,0.602342
487,0.602342
488,0.602342
489,0.602342
490,0.602342
491,0.602342
492,0.602342
493,0.602342
494,0.602342
495,0.602342
496,0.602342
497,0.603796
498,0.603796
499,0.603796
500,0.603796
501,0.603796
502,0.603796
503,0.603796
504,0.603796
505,0.603796
506,0.603796
507,0.603796
508,0.603796
509,0.603796
510,0.603796
511,0.603796
512,0.603796
513,0.600719
514,0.600719
515,0.600719
516,0.600719
517,0.600719
518,0.600719
519,0.600719
520,0.600719
521,0.600719
522,0.600719
523,0.600719
524,0.600719
525,0.600719
526,0.600719
527,0.600719
528,0.600719
529,0.682782
530,0.682782
531,0.682782
532,0.682782
533,0.682782
534,0.682782
535,0.682782
536,0.682782
537,0.682782
538,0.682782
539,0.682782
540,0.682782
541,0.682782
542,0.682782
543,0.682782
544,0.682782
545,0.70979
546,0.70979
547,0.70979
548,0.70979
549,0.70979
550,0.70979
551,0.70979
552,0.70979
553,0.70979
554,0.70979
555,0.70979
556,0.70979
557,0.70979
558,0.70979
559,0.70979
560,0.70979
561,0.700079
562,0.700079
563,0.700079
564,0.700079
565,0.700079
566,0.700079
567,0.700079
568,0.700079
569,0.700079
570,0.700079
571,0.700079
572,0.700079
573,0.700079
574,0.700079
575,0.700079
576,0.700079
577,0.694256
578,0.694256
579,0.694256
580,0.694256
581,0.694256
582,0.694256
583,0.694256
584,0.694256
585,0.694256
586,0.694256
587,0.694256
588,0.694256
589,0.694256
590,0.694256
591,0.694256
592,0.694256
593,0.696854
594,0.696854
595,0.696854
596,0.696854
597,0.696854
598,0.696854
599,0.696854
600,0.696854
601,0.696854
602,0.696854
603,0.696854
604,0.696854
605,0.696854
606,0.696854
607,0.696854
608,0.696854
609,0.750396
610,0.750396
611,0.750396
612,0.750396
613,0.750396
614,0.750396
615,0.750396
616,0.750396
617,0.750396
618,0.750396
619,0.750396
620,0.750396
621,0.750396
622,0.750396
623,0.750396
624,0.750396
625,0.783431
626,0.783431
627,0.783431
628,0.783431
629,0.783431
630,0.783431
631,0.783431
632,0.783431
633,0.783431
634,0.783431
635,0.783431
636,0.783431
637,0.783431
638,0.783431
639,0.783431
640,0.783431
641,0.805329
642,0.805329
643,0.805329
644,0.805329
645,0.805329
646,0.805329
647,0.805329
648,0.805329
649,0.805329
650,0.805329
651,0.805329
652,0.805329
653,0.805329
654,0.805329
655,0.805329
656,0.805329
657,0.824515
658,0.824515
659,0.824515
660,0.824515
661,0.824515
662,0.824515
663,0.824515
664,0.824515
665,0.824515
666,0.824515
667,0.824515
668,0.824515
669,0.824515
670,0.824515
671,0.824515
672,0.824515
673,0.819366
674,0.819366
675,0.819366
676,0.819366
677,0.819366
678,0.819366
679,0.819366
680,0.819366
681,0.819366
682,0.819366
683,0.819366
684,0.819366
685,0.819366
686,0.819366
687,0.819366
688,0.819366
689,0.812441
690,0.812441
691,0.812441
692,0.812441
693,0.812441
694,0.812441
695,0.812441
696,0.812441
697,0.812441
698,0.812441
699,0.812441
700,0.812441
701,0.812441
702,0.812441
703,0.812441
704,0.812441
705,0.816681
706,0.816681
707,0.816681
708,0.816681
709,0.816681
710,0.816681
711,0.816681
712,0.816681
713,0.816681
714,0.816681
715,0.816681
716,0.816681
717,0.816681
718,0.816681
719,0.816681
720,0.816681
721,0.837795
722,0.837795
723,0.837795
724,0.837795
725,0.837795
726,0.837795
727,0.837795
728,0.837795
729,0.837795
730,0.837795
731,0.837795
732,0.837795
733,0.837795
734,0.837795
735,0.837795
736,0.837795
737,0.838889
738,0.838889
739,0.838889
740,0.838889
741,0.838889
742,0.838889
743,0.838889
744,0.838889
745,0.838889
746,0.838889
747,0.838889
748,0.838889
749,0.838889
750,0.838889
751,0.838889
752,0.838889
753,0.839982
754,0.839982
755,0.839982
756,0.839982
757,0.839982
758,0.839982
759,0.839982
760,0.839982
761,0.839982
762,0.839982
763,0.839982
764,0.839982
765,0.839982
766,0.839982
767,0.839982
768,0.839982
769,0.84229
770,0.84229
771,0.84229
772,0.84229
773,0.84229
774,0.84229
775,0.84229
776,0.84229
777,0.84229
778,0.84229
779,0.84229
780,0.84229
781,0.84229
782,0.84229
783,0.84229
784,0.84229
785,0.845331
786,0.845331
787,0.845331
788,0.845331
789,0.845331
790,0.845331
791,0.845331
792,0.845331
793,0.845331
794,0.845331
795,0.845331
796,0.845331
797,0.845331
798,0.845331
799,0.845331
800,0.845331
801,0.841808
802,0.841808
803,0.841808
804,0.841808
805,0.841808
806,0.841808
807,0.841808
808,0.841808
809,0.841808
810,0.841808
811,0.841808
812,0.841808
813,0.841808
814,0.841808
815,0.841808
816,0.841808
817,0.843678
818,0.843678
819,0.843678
820,0.843678
821,0.843678
822,0.843678
823,0.843678
824,0.843678
825,0.843678
826,0.843678
827,0.843678
828,0.843678
829,0.843678
830,0.843678
831,0.843678
832,0.843678
833,0.848541
834,0.848541
835,0.848541
836,0.848541
837,0.848541
838,0.848541
839,0.848541
840,0.848541
841,0.848541
842,0.848541
843,0.848541
844,0.848541
845,0.848541
846,0.848541
847,0.848541
848,0.848541
849,0.85099
850,0.85099
851,0.85099
852,0.85099
853,0.85099
854,0.85099
855,0.85099
856,0.85099
857,0.85099
858,0.85099
859,0.85099
860,0.85099
861,0.85099
862,0.85099
863,0.85099
864,0.85099
865,0.850089
866,0.850089
867,0.850089
868,0.850089
869,0.850089
870,0.850089
871,0.850089
872,0.850089
873,0.850089
874,0.850089
875,0.850089
876,0.850089
877,0.850089
878,0.850089
879,0.850089
880,0.850089
881,0.84916
882,0.84916
883,0.84916
884,0.84916
885,0.84916
886,0.84916
887,0.84916
888,0.84916
889,0.84916
890,0.84916
891,0.84916
892,0.84916
893,0.84916
894,0.84916
895,0.84916
896,0.84916
897,0.850759
898,0.850759
899,0.850759
900,0.850759
901,0.850759
902,0.850759
903,0.850759
904,0.850759
905,0.850759
906,0.850759
907,0.850759
908,0.850759
909,0.850759
910,0.850759
911,0.850759
912,0.850759
913,0.852314
914,0.852314
915,0.852314
916,0.852314
917,0.852314
918,0.852314
919,0.852314
920,0.852314
921,0.852314
922,0.852314
923,0.852314
924,0.852314
925,0.852314
926,0.852314
927,0.852314
928,0.852314
929,0.851746
930,0.851746
931,0.851746
932,0.851746
933,0.851746
934,0.851746
935,0.851746
936,0.851746
937,0.851746
938,0.851746
939,0.851746
940,0.851746
941,0.851746
942,0.851746
943,0.851746
944,0.851746
945,0.848748
946,0.848748
947,0.848748
948,0.848748
949,0.848748
950,0.848748
951,0.848748
952,0.848748
953,0.848748
954,0.848748
955,0.848748
956,0.848748
957,0.848748
958,0.848748
959,0.848748
960,0.848748
961,0.850006
962,0.850006
963,0.850006
964,0.850006
965,0.850006
966,0.850006
967,0.850006
968,0.850006
969,0.850006
970,0.850006
971,0.850006
972,0.850006
973,0.850006
974,0.850006
975,0.850006
976,0.850006
977,0.848737
978,0.848737
979,0.848737
980,0.848737
981,0.848737
982,0.848737
983,0.848737
984,0.848737
985,0.848737
986,0.848737
987,0.848737
988,0.848737
989,0.848737
990,0.848737
991,0.848737
992,0.848737
993,0.848893
994,0.848893
995,0.848893
996,0.848893
997,0.848893
998,0.848893
999,0.848893
1000,0.848893
1001,0.848893
1002,0.848893
1003,0.848893
1004,0.848893
1005,0.848893
1006,0.848893
1007,0.848893
1008,0.848893
1009,0.849591
1010,0.849591
1011,0.849591
1012,0.849591
1013,0.849591
1014,0.849591
1015,0.849591
1016,0.849591
1017,0.849591
1018,0.849591
1019,0.849591
1020,0.849591
1021,0.849591
1022,0.849591
1023,0.849591
1024,0.849591
1025,0.846879
1026,0.846879
1027,0.846879
1028,0.846879
1029,0.846879
1030,0.846879
1031,0.846879
1032,0.846879
1033,0.846879
1034,0.846879
1035,0.846879
1036,0.846879
1037,0.846879
1038,0.846879
1039,0.846879
1040,0.846879
1041,0.847855
1042,0.847855
1043,0.847855
1044,0.847855
1045,0.847855
1046,0.847855
1047,0.847855
1048,0.847855
1049,0.847855
1050,0.847855
1051,0.847855
1052,0.847855
1053,0.847855
1054,0.847855
1055,0.847855
1056,0.847855
1057,0.847871
1058,0.847871
1059,0.847871
1060,0.847871
1061,0.847871
1062,0.847871
1063,0.847871
1064,0.847871
1065,0.847871
1066,0.847871
1067,0.847871
1068,0.847871
1069,0.847871
1070,0.847871
1071,0.847871
1072,0.847871
1073,0.847381
1074,0.847381
1075,0.847381
1076,0.847381
1077,0.847381
1078,0.847381
1079,0.847381
1080,0.847381
1081,0.847381
1082,0.847381
1083,0.847381
1084,0.847381
1085,0.847381
1086,0.847381
1087,0.847381
1088,0.847381
1089,0.846213
1090,0.846213
1091,0.846213
1092,0.846213
1093,0.846213
1094,0.846213
1095,0.846213
1096,0.846213
1097,0.846213
1098,0.846213
1099,0.846213
1100,0.846213
1101,0.846213
1102,0.846213
1103,0.846213
1104,0.846213
1105,0.846189
1106,0.846189
1107,0.846189
1108,0.846189
1109,0.846189
1110,0.846189
1111,0.846189
1112,0.846189
1113,0.846189
1114,0.846189
1115,0.846189
1116,0.846189
1117,0.846189
1118,0.846189
1119,0.846189
1120,0.846189
1121,0.847224
1122,0.847224
1123,0.847224
1124,0.847224
1125,0.847224
1126,0.847224
1127,0.847224
1128,0.847224
1129,0.847224
1130,0.847224
1131,0.847224
1132,0.847224
1133,0.847224
1134,0.847224
1135,0.847224
1136,0.847224
1137,0.845751
1138,0.845751
1139,0.845751
1140,0.845751
1141,0.845751
1142,0.845751
1143,0.845751
1144,0.845751
1145,0.845751
1146,0.845751
1147,0.845751
1148,0.845751
1149,0.845751
1150,0.845751
1151,0.845751
1152,0.845751
1153,0.847055
1154,0.847055
1155,0.847055
1156,0.847055
1157,0.847055
1158,0.847055
1159,0.847055
1160,0.847055
1161,0.847055
1162,0.847055
1163,0.847055
1164,0.847055
1165,0.847055
1166,0.847055
1167,0.847055
1168,0.847055
1169,0.845562
1170,0.845562
1171,0.845562
1172,0.845562
1173,0.845562
1174,0.845562
1175,0.845562
1176,0.845562
1177,0.845562
1178,0.845562
1179,0.845562
1180,0.845562
1181,0.845562
1182,0.845562
1183,0.845562
1184,0.845562
1185,0.847314
1186,0.847314
1187,0.847314
1188,0.847314
1189,0.847314
1190,0.847314
1191,0.847314
1192,0.847314
1193,0.847314
1194,0.847314
1195,0.847314
1196,0.847314
1197,0.847314
1198,0.847314
1199,0.847314
1200,0.847314
1201,0.846577
1202,0.846577
1203,0.846577
1204,0.846577
1205,0.846577
1206,0.846577
1207,0.846577
1208,0.846577
1209,0.846577
1210,0.846577
1211,0.846577
1212,0.846577
1213,0.846577
1214,0.846577
1215,0.846577
1216,0.846577
1217,0.847961
1218,0.847961
1219,0.847961
1220,0.847961
1221,0.847961
1222,0.847961
1223,0.847961
1224,0.847961
1225,0.847961
1226,0.847961
1227,0.847961
1228,0.847961
1229,0.847961
1230,0.847961
1231,0.847961
1232,0.847961
1233,0.847197
1234,0.847197
1235,0.847197
1236,0.847197
1237,0.847197
1238,0.847197
1239,0.847197
1240,0.847197
1241,0.847197
1242,0.847197
1243,0.847197
1244,0.847197
1245,0.847197
1246,0.847197
1247,0.847197
1248,0.847197
1249,0.84588
1250,0.84588
1251,0.84588
1252,0.84588
1253,0.84588
1254,0.84588
1255,0.84588
1256,0.84588
1257,0.84588
1258,0.84588
1259,0.84588
1260,0.84588
1261,0.84588
1262,0.84588
1263,0.84588
1264,0.84588
1265,0.845903
1266,0.845903
1267,0.845903
1268,0.845903
1269,0.845903
1270,0.845903
1271,0.845903
1272,0.845903
1273,0.845903
1274,0.845903
1275,0.845903
1276,0.845903
1277,0.845903
1278,0.845903
1279,0.845903
1280,0.845903
1281,0.84724
1282,0.84724
1283,0.84724
1284,0.84724
1285,0.84724
1286,0.84724
1287,0.84724
1288,0.84724
1289,0.84724
1290,0.84724
1291,0.84724
1292,0.84724
1293,0.84724
1294,0.84724
1295,0.84724
1296,0.84724
1297,0.845045
1298,0.845045
1299,0.845045
1300,0.845045
1301,0.845045
1302,0.845045
1303,0.845045
1304,0.845045
1305,0.845045
1306,0.845045
1307,0.845045
1308,0.845045
1309,0.845045
1310,0.845045
1311,0.845045
1312,0.845045
1313,0.84624
1314,0.84624
1315,0.84624
1316,0.84624
1317,0.84624
1318,0.84624
1319,0.84624
1320,0.84624
1321,0.84624
1322,0.84624
1323,0.84624
1324,0.84624
1325,0.84624
1326,0.84624
1327,0.84624
1328,0.84624
1329,0.846511
1330,0.846511
1331,0.846511
1332,0.846511
1333,0.846511
1334,0.846511
1335,0.846511
1336,0.846511
1337,0.846511
1338,0.846511
1339,0.846511
1340,0.846511
1341,0.846511
1342,0.846511
1343,0.846511
1344,0.846511
1345,0.847032
1346,0.847032
1347,0.847032
1348,0.847032
1349,0.847032
1350,0.847032
1351,0.847032
1352,0.847032
1353,0.847032
1354,0.847032
1355,0.847032
1356,0.847032
1357,0.847032
1358,0.847032
1359,0.847032
1360,0.847032
1361,0.846276
1362,0.846276
1363,0.846276
1364,0.846276
1365,0.846276
1366,0.846276
1367,0.846276
1368,0.846276
1369,0.846276
1370,0.846276
1371,0.846276
1372,0.846276
1373,0.846276
1374,0.846276
1375,0.846276
1376,0.846276
1377,0.845731
1378,0.845731
1379,0.845731
1380,0.845731
1381,0.845731
1382,0.845731
1383,0.845731
1384,0.845731
1385,0.845731
1386,0.845731
1387,0.845731
1388,0.845731
1389,0.845731
1390,0.845731
1391,0.845731
1392,0.845731
1393,0.847357
1394,0.847357
1395,0.847357
1396,0.847357
1397,0.847357
1398,0.847357
1399,0.847357
1400,0.847357
1401,0.847357
1402,0.847357
1403,0.847357
1404,0.847357
1405,0.847357
1406,0.847357
1407,0.847357
1408,0.847357
1409,0.850155
1410,0.850155
1411,0.850155
1412,0.850155
1413,0.850155
1414,0.850155
1415,0.850155
1416,0.850155
1417,0.850155
1418,0.850155
1419,0.850155
1420,0.850155
1421,0.850155
1422,0.850155
1423,0.850155
1424,0.850155
1425,0.85186
1426,0.85186
1427,0.85186
1428,0.85186
1429,0.85186
1430,0.85186
1431,0.85186
1432,0.85186
1433,0.85186
1434,0.85186
1435,0.85186
1436,0.85186
1437,0.85186
1438,0.85186
1439,0.85186
1440,0.85186
1441,0.853525
1442,0.853525
1443,0.853525
1444,0.853525
1445,0.853525
1446,0.853525
1447,0.853525
1448,0.853525
1449,0.853525
1450,0.853525
1451,0.853525
1452,0.853525
1453,0.853525
1454,0.853525
1455,0.853525
1456,0.853525
1457,0.856304
1458,0.856304
1459,0.856304
1460,0.856304
1461,0.856304
1462,0.856304
1463,0.856304
1464,0.856304
1465,0.856304
1466,0.856304
1467,0.856304
1468,0.856304
1469,0.856304
1470,0.856304
1471,0.856304
1472,0.856304
1473,0.860873
1474,0.860873
1475,0.860873
1476,0.860873
1477,0.860873
1478,0.860873
1479,0.860873
1480,0.860873
1481,0.860873
1482,0.860873
1483,0.860873
1484,0.860873
1485,0.860873
1486,0.860873
1487,0.860873
1488,0.860873
1489,0.868707
1490,0.868707
1491,0.868707
1492,0.868707
1493,0.868707
1494,0.868707
1495,0.868707
1496,0.868707
1497,0.868707
1498,0.868707
1499,0.868707
1500,0.868707
1501,0.868707
1502,0.868707
1503,0.868707
1504,0.868707
1505,0.867594
1506,0.867594
1507,0.867594
1508,0.867594
1509,0.867594
1510,0.867594
1511,0.867594
1512,0.867594
1513,0.867594
1514,0.867594
1515,0.867594
1516,0.867594
1517,0.867594
1518,0.867594
1519,0.867594
1520,0.867594
1521,0.874847
1522,0.874847
1523,0.874847
1524,0.874847
1525,0.874847
1526,0.874847
1527,0.874847
1528,0.874847
1529,0.874847
1530,0.874847
1531,0.874847
1532,0.874847
1533,0.874847
1534,0.874847
1535,0.874847
1536,0.874847
1537,0.878006
1538,0.878006
1539,0.878006
1540,0.878006
1541,0.878006
1542,0.878006
1543,0.878006
1544,0.878006
1545,0.878006
1546,0.878006
1547,0.878006
1548,0.878006
1549,0.878006
1550,0.878006
1551,0.878006
1552,0.878006
1553,0.878092
1554,0.878092
1555,0.878092
1556,0.878092
1557,0.878092
1558,0.878092
1559,0.878092
1560,0.878092
1561,0.878092
1562,0.878092
1563,0.878092
1564,0.878092
1565,0.878092
1566,0.878092
1567,0.878092
1568,0.878092
1569,0.876211
1570,0.876211
1571,0.876211
1572,0.876211
1573,0.876211
1574,0.876211
1575,0.876211
1576,0.876211
1577,0.876211
1578,0.876211
1579,0.876211
1580,0.876211
1581,0.876211
1582,0.876211
1583,0.876211
1584,0.876211
1585,0.884276
1586,0.884276
1587,0.884276
1588,0.884276
1589,0.884276
1590,0.884276
1591,0.884276
1592,0.884276
1593,0.884276
1594,0.884276
1595,0.884276
1596,0.884276
1597,0.884276
1598,0.884276
1599,0.884276
1600,0.884276
1601,0.857562
1602,0.857562
1603,0.857562
1604,0.857562
1605,0.857562
1606,0.857562
1607,0.857562
1608,0.857562
1609,0.857562
1610,0.857562
1611,0.857562
1612,0.857562
1613,0.857562
1614,0.857562
1615,0.857562
1616,0.857562
1617,0.867786
1618,0.867786
1619,0.867786
1620,0.867786
1621,0.867786
1622,0.867786
1623,0.867786
1624,0.867786
1625,0.867786
1626,0.867786
1627,0.867786
1628,0.867786
1629,0.867786
1630,0.867786
1631,0.867786
1632,0.867786
1633,0.863177
1634,0.863177
1635,0.863177
1636,0.863177
1637,0.863177
1638,0.863177
1639,0.863177
1640,0.863177
1641,0.863177
1642,0.863177
1643,0.863177
1644,0.863177
1645,0.863177
1646,0.863177
1647,0.863177
1648,0.863177
1649,0.863201
1650,0.863201
1651,0.863201
1652,0.863201
1653,0.863201
1654,0.863201
1655,0.863201
1656,0.863201
1657,0.863201
1658,0.863201
1659,0.863201
1660,0.863201
1661,0.863201
1662,0.863201
1663,0.863201
1664,0.863201
1665,0.854427
1666,0.854427
1667,0.854427
1668,0.854427
1669,0.854427
1670,0.854427
1671,0.854427
1672,0.854427
1673,0.854427
1674,0.854427
1675,0.854427
1676,0.854427
1677,0.854427
1678,0.854427
1679,0.854427
1680,0.854427
1681,0.850061
1682,0.850061
1683,0.850061
1684,0.850061
1685,0.850061
1686,0.850061
1687,0.850061
1688,0.850061
1689,0.850061
1690,0.850061
1691,0.850061
1692,0.850061
1693,0.850061
1694,0.850061
1695,0.850061
1696,0.850061
1697,0.836071
1698,0.836071
1699,0.836071
1700,0.836071
1701,0.836071
1702,0.836071
1703,0.836071
1704,0.836071
1705,0.836071
1706,0.836071
1707,0.836071
1708,0.836071
1709,0.836071
1710,0.836071
1711,0.836071
1712,0.836071
1713,0.846091
1714,0.846091
1715,0.846091
1716,0.846091
1717,0.846091
1718,0.846091
1719,0.846091
1720,0.846091
1721,0.846091
1722,0.846091
1723,0.846091
1724,0.846091
1725,0.846091
1726,0.846091
1727,0.846091
1728,0.846091
1729,0.855986
1730,0.855986
1731,0.855986
1732,0.855986
1733,0.855986
1734,0.855986
1735,0.855986
1736,0.855986
1737,0.855986
1738,0.855986
1739,0.855986
1740,0.855986
1741,0.855986
1742,0.855986
1743,0.855986
1744,0.855986
1745,0.761737
1746,0.761737
1747,0.761737
1748,0.761737
1749,0.761737
1750,0.761737
1751,0.761737
1752,0.761737
1753,0.761737
1754,0.761737
1755,0.761737
1756,0.761737
1757,0.761737
1758,0.761737
1759,0.761737
1760,0.761737
1761,0.620133
1762,0.620133
1763,0.620133
1764,0.620133
1765,0.620133
1766,0.620133
1767,0.620133
1768,0.620133
1769,0.620133
1770,0.620133
1771,0.620133
1772,0.620133
1773,0.620133
1774,0.620133
1775,0.620133
1776,0.620133
1777,0.689287
1778,0.689287
1779,0.689287
1780,0.689287
1781,0.689287
1782,0.689287
1783,0.689287
1784,0.689287
1785,0.689287
1786,0.689287
1787,0.689287
1788,0.689287
1789,0.689287
1790,0.689287
1791,0.689287
1792,0.689287
1793,0.661354
1794,0.661354
1795,0.661354
1796,0.661354
1797,0.661354
1798,0.661354
1799,0.661354
1800,0.661354
1801,0.661354
1802,0.661354
1803,0.661354
1804,0.661354
1805,0.661354
1806,0.661354
1807,0.661354
1808,0.661354
1809,0.632587
1810,0.632587
1811,0.632587
1812,0.632587
1813,0.632587
1814,0.632587
1815,0.632587
1816,0.632587
1817,0.632587
1818,0.632587
1819,0.632587
1820,0.632587
1821,0.632587
1822,0.632587
1823,0.632587
1824,0.632587
1825,0.578539
1826,0.578539
1827,0.578539
1828,0.578539
1829,0.578539
1830,0.578539
1831,0.578539
1832,0.578539
1833,0.578539
1834,0.578539
1835,0.578539
1836,0.578539
1837,0.578539
1838,0.578539
1839,0.578539
1840,0.578539
1841,0.526691
1842,0.526691
1843,0.526691
1844,0.526691
1845,0.526691
1846,0.526691
1847,0.526691
1848,0.526691
1849,0.526691
1850,0.526691
1851,0.526691
1852,0.526691
1853,0.526691
1854,0.526691
1855,0.526691
1856,0.526691
1857,0.510165
1858,0.510165
1859,0.510165
1860,0.510165
1861,0.510165
1862,0.510165
1863,0.510165
1864,0.510165
1865,0.510165
1866,0.510165
1867,0.510165
1868,0.510165
1869,0.510165
1870,0.510165
1871,0.510165
1872,0.510165
1873,0.459014
1874,0.459014
1875,0.459014
1876,0.459014
1877,0.459014
1878,0.459014
1879,0.459014
1880,0.459014
1881,0.459014
1882,0.459014
1883,0.459014
1884,0.459014
1885,0.459014
1886,0.459014
1887,0.459014
1888,0.459014
1889,0.502528
1890,0.502528
1891,0.502528
1892,0.502528
1893,0.502528
1894,0.502528
1895,0.502528
1896,0.502528
1897,0.502528
1898,0.502528
1899,0.502528
1900,0.502528
1901,0.502528
1902,0.502528
1903,0.502528
1904,0.502528
1905,0.581698
1906,0.581698
1907,0.581698
1908,0.581698
1909,0.581698
1910,0.581698
1911,0.581698
1912,0.581698
1913,0.581698
1914,0.581698
1915,0.581698
1916,0.581698
1917,0.581698
1918,0.581698
1919,0.581698
1920,0.581698
1921,0.7533
1922,0.7533
1923,0.7533
1924,0.7533
1925,0.7533
1926,0.7533
1927,0.7533
1928,0.7533
1929,0.7533
1930,0.7533
1931,0.7533
1932,0.7533
1933,0.7533
1934,0.7533
1935,0.7533
1936,0.7533
1937,0.470543
1938,0.470543
1939,0.470543
1940,0.470543
1941,0.470543
1942,0.470543
1943,0.470543
1944,0.470543
1945,0.470543
1946,0.470543
1947,0.470543
1948,0.470543
1949,0.470543
1950,0.470543
1951,0.470543
1952,0.470543
1953,0.363538
1954,0.363538
1955,0.363538
1956,0.363538
1957,0.363538
1958,0.363538
1959,0.363538
1960,0.363538
1961,0.363538
1962,0.363538
1963,0.363538
1964,0.363538
1965,0.363538
1966,0.363538
1967,0.363538
1968,0.363538
1969,0.303514
1970,0.303514
1971,0.303514
1972,0.303514
1973,0.303514
1974,0.303514
1975,0.303514
1976,0.303514
1977,0.303514
1978,0.303514
1979,0.303514
1980,0.303514
1981,0.303514
1982,0.303514
1983,0.303514
1984,0.303514
1985,0.199139
1986,0.199139
1987,0.199139
1988,0.199139
1989,0.199139
1990,0.199139
1991,0.199139
1992,0.199139
1993,0.199139
1994,0.199139
1995,0.199139
1996,0.199139
1997,0.199139
1998,0.199139
1999,0.199139
2000,0.199139
2001,0.167205
2002,0.167205
2003,0.167205
2004,0.167205
2005,0.167205
2006,0.167205
2007,0.167205
2008,0.167205
2009,0.167205
2010,0.167205
2011,0.167205
2012,0.167205
2013,0.167205
2014,0.167205
2015,0.167205
2016,0.167205
2017,0.403779
2018,0.403779
2019,0.403779
2020,0.403779
2021,0.403779
2022,0.403779
2023,0.403779
2024,0.403779
2025,0.403779
2026,0.403779
2027,0.403779
2028,0.403779
2029,0.403779
2030,0.403779
2031,0.403779
2032,0.403779
2033,0.682602
2034,0.682602
2035,0.682602
2036,0.682602
2037,0.682602
2038,0.682602
2039,0.682602
2040,0.682602
2041,0.682602
2042,0.682602
2043,0.682602
2044,0.682602
2045,0.682602
2046,0.682602
2047,0.682602
2048,0.682602
2049,0.476613
2050,0.476613
2051,0.476613
2052,0.476613
2053,0.476613
2054,0.476613
2055,0.476613
2056,0.476613
2057,0.476613
2058,0.476613
2059,0.476613
2060,0.476613
2061,0.476613
2062,0.476613
2063,0.476613
2064,0.476613
2065,0.278971
2066,0.278971
2067,0.278971
2068,0.278971
2069,0.278971
2070,0.278971
2071,0.278971
2072,0.278971
2073,0.278971
2074,0.278971
2075,0.278971
2076,0.278971
2077,0.278971
2078,0.278971
2079,0.278971
2080,0.278971
2081,0.209198
2082,0.209198
2083,0.209198
2084,0.209198
2085,0.209198
2086,0.209198
2087,0.209198
2088,0.209198
2089,0.209198
2090,0.209198
2091,0.209198
2092,0.209198
2093,0.209198
2094,0.209198
2095,0.209198
2096,0.209198
2097,0.16927
2098,0.16927
2099,0.16927
2100,0.16927
2101,0.16927
2102,0.16927
2103,0.16927
2104,0.16927
2105,0.16927
2106,0.16927
2107,0.16927
2108,0.16927
2109,0.16927
2110,0.16927
2111,0.16927
2112,0.16927
2113,0.292322
2114,0.292322
2115,0.292322
2116,0.292322
2117,0.292322
2118,0.292322
2119,0.292322
2120,0.292322
2121,0.292322
2122,0.292322
2123,0.292322
2124,0.292322
2125,0.292322
2126,0.292322
2127,0.292322
2128,0.292322
2129,0.796613
2130,0.796613
2131,0.796613
2132,0.796613
2133,0.796613
2134,0.796613
2135,0.796613
2136,0.796613
2137,0.796613
2138,0.796613
2139,0.796613
2140,0.796613
2141,0.796613
2142,0.796613
2143,0.796613
2144,0.796613
2145,0.885961
2146,0.885961
2147,0.885961
2148,0.885961
2149,0.885961
2150,0.885961
2151,0.885961
2152,0.885961
2153,0.885961
2154,0.885961
2155,0.885961
2156,0.885961
2157,0.885961
2158,0.885961
2159,0.885961
2160,0.885961
2161,0.647243
2162,0.647243
2163,0.647243
2164,0.647243
2165,0.647243
2166,0.647243
2167,0.647243
2168,0.647243
2169,0.647243
2170,0.647243
2171,0.647243
2172,0.647243
2173,0.647243
2174,0.647243
2175,0.647243
2176,0.647243
2177,0.571431
2178,0.571431
2179,0.571431
2180,0.571431
2181,0.571431
2182,0.571431
2183,0.571431
2184,0.571431
2185,0.571431
2186,0.571431
2187,0.571431
2188,0.571431
2189,0.571431
2190,0.571431
2191,0.571431
2192,0.571431
2193,0.267438
2194,0.267438
2195,0.267438
2196,0.267438
2197,0.267438
2198,0.267438
2199,0.267438
2200,0.267438
2201,0.267438
2202,0.267438
2203,0.267438
2204,0.267438
2205,0.267438
2206,0.267438
2207,0.267438
2208,0.267438
2209,0.19105
2210,0.19105
2211,0.19105
2212,0.19105
2213,0.19105
2214,0.19105
2215,0.19105
2216,0.19105
2217,0.19105
2218,0.19105
2219,0.19105
2220,0.19105
2221,0.19105
2222,0.19105
2223,0.19105
2224,0.19105
2225,0.162573
2226,0.162573
2227,0.162573
2228,0.162573
2229,0.162573
2230,0.162573
2231,0.162573
2232,0.162573
2233,0.162573
2234,0.162573
2235,0.162573
2236,0.162573
2237,0.162573
2238,0.162573
2239,0.162573
2240,0.162573
2241,0.165155
2242,0.165155
2243,0.165155
2244,0.165155
2245,0.165155
2246,0.165155
2247,0.165155
2248,0.165155
2249,0.165155
2250,0.165155
2251,0.165155
2252,0.165155
2253,0.165155
2254,0.165155
2255,0.165155
2256,0.165155
2257,0.166801
2258,0.166801
2259,0.166801
2260,0.166801
2261,0.166801
2262,0.166801
2263,0.166801
2264,0.166801
2265,0.166801
2266,0.166801
2267,0.166801
2268,0.166801
2269,0.166801
2270,0.166801
2271,0.166801
2272,0.166801
2273,0.210425
2274,0.210425
2275,0.210425
2276,0.210425
2277,0.210425
2278,0.210425
2279,0.210425
2280,0.210425
2281,0.210425
2282,0.210425
2283,0.210425
2284,0.210425
2285,0.210425
2286,0.210425
2287,0.210425
2288,0.210425
2289,0.303291
2290,0.303291
2291,0.303291
2292,0.303291
2293,0.303291
2294,0.303291
2295,0.303291
2296,0.303291
2297,0.303291
2298,0.303291
2299,0.303291
2300,0.303291
2301,0.303291
2302,0.303291
2303,0.303291
2304,0.303291
2305,0.288078
2306,0.288078
2307,0.288078
2308,0.288078
2309,0.288078
2310,0.288078
2311,0.288078
2312,0.288078
2313,0.288078
2314,0.288078
2315,0.288078
2316,0.288078
2317,0.288078
2318,0.288078
2319,0.288078
2320,0.288078
2321,0.268508
2322,0.268508
2323,0.268508
2324,0.268508
2325,0.268508
2326,0.268508
2327,0.268508
2328,0.268508
2329,0.268508
2330,0.268508
2331,0.268508
2332,0.268508
2333,0.268508
2334,0.268508
2335,0.268508
2336,0.268508
2337,0.191137
2338,0.191137
2339,0.191137
2340,0.191137
2341,0.191137
2342,0.191137
2343,0.191137
2344,0.191137
2345,0.191137
2346,0.191137
2347,0.191137
2348,0.191137
2349,0.191137
2350,0.191137
2351,0.191137
2352,0.191137
2353,0.188429
2354,0.188429
2355,0.188429
2356,0.188429
2357,0.188429
2358,0.188429
2359,0.188429
2360,0.188429
2361,0.188429
2362,0.188429
2363,0.188429
2364,0.188429
2365,0.188429
2366,0.188429
2367,0.188429
2368,0.188429
2369,0.176896
2370,0.176896
2371,0.176896
2372,0.176896
2373,0.176896
2374,0.176896
2375,0.176896
2376,0.176896
2377,0.176896
2378,0.176896
2379,0.176896
2380,0.176896
2381,0.176896
2382,0.176896
2383,0.176896
2384,0.176896
2385,0.174713
2386,0.174713
2387,0.174713
2388,0.174713
2389,0.174713
2390,0.174713
2391,0.174713
2392,0.174713
2393,0.174713
2394,0.174713
2395,0.174713
2396,0.174713
2397,0.174713
2398,0.174713
2399,0.174713
2400,0.174713
2401,0.436783
2402,0.436783
2403,0.436783
2404,0.436783
2405,0.436783
2406,0.436783
2407,0.436783
2408,0.436783
2409,0.436783
2410,0.436783
2411,0.436783
2412,0.436783
2413,0.436783
2414,0.436783
2415,0.436783
2416,0.436783
2417,0.297824
2418,0.297824
2419,0.297824
2420,0.297824
2421,0.297824
2422,0.297824
2423,0.297824
2424,0.297824
2425,0.297824
2426,0.297824
2427,0.297824
2428,0.297824
2429,0.297824
2430,0.297824
2431,0.297824
2432,0.297824
2433,0.16012
2434,0.16012
2435,0.16012
2436,0.16012
2437,0.16012
2438,0.16012
2439,0.16012
2440,0.16012
2441,0.16012
2442,0.16012
2443,0.16012
2444,0.16012
2445,0.16012
2446,0.16012
2447,0.16012
2448,0.16012
2449,0.226527
2450,0.226527
2451,0.226527
2452,0.226527
2453,0.226527
2454,0.226527
2455,0.226527
2456,0.226527
2457,0.226527
2458,0.226527
2459,0.226527
2460,0.226527
2461,0.226527
2462,0.226527
2463,0.226527
2464,0.226527
2465,0.190874
2466,0.190874
2467,0.190874
2468,0.190874
2469,0.190874
2470,0.190874
2471,0.190874
2472,0.190874
2473,0.190874
2474,0.190874
2475,0.190874
2476,0.190874
2477,0.190874
2478,0.190874
2479,0.190874
2480,0.190874
2481,0.176641
2482,0.176641
2483,0.176641
2484,0.176641
2485,0.176641
2486,0.176641
2487,0.176641
2488,0.176641
2489,0.176641
2490,0.176641
2491,0.176641
2492,0.176641
2493,0.176641
2494,0.176641
2495,0.176641
2496,0.176641
2497,0.174043
2498,0.174043
2499,0.174043
2500,0.174043
2501,0.174043
2502,0.174043
2503,0.174043
2504,0.174043
2505,0.174043
2506,0.174043
2507,0.174043
2508,0.174043
2509,0.174043
2510,0.174043
2511,0.174043
2512,0.174043
2513,0.196819
2514,0.196819
2515,0.196819
2516,0.196819
2517,0.196819
2518,0.196819
2519,0.196819
2520,0.196819
2521,0.196819
2522,0.196819
2523,0.196819
2524,0.196819
2525,0.196819
2526,0.196819
2527,0.196819
2528,0.196819
2529,0.356841
2530,0.356841
2531,0.356841
2532,0.356841
2533,0.356841
2534,0.356841
2535,0.356841
2536,0.356841
2537,0.356841
2538,0.356841
2539,0.356841
2540,0.356841
2541,0.356841
2542,0.356841
2543,0.356841
2544,0.356841
2545,0.275284
2546,0.275284
2547,0.275284
2548,0.275284
2549,0.275284
2550,0.275284
2551,0.275284
2552,0.275284
2553,0.275284
2554,0.275284
2555,0.275284
2556,0.275284
2557,0.275284
2558,0.275284
2559,0.275284
2560,0.275284
2561,0.194605
2562,0.194605
2563,0.194605
2564,0.194605
2565,0.194605
2566,0.194605
2567,0.194605
2568,0.194605
2569,0.194605
2570,0.194605
2571,0.194605
2572,0.194605
2573,0.194605
2574,0.194605
2575,0.194605
2576,0.194605
2577,0.144555
2578,0.144555
2579,0.144555
2580,0.144555
2581,0.144555
2582,0.144555
2583,0.144555
2584,0.144555
2585,0.144555
2586,0.144555
2587,0.144555
2588,0.144555
2589,0.144555
2590,0.144555
2591,0.144555
2592,0.144555
2593,0.144284
2594,0.144284
2595,0.144284
2596,0.144284
2597,0.144284
2598,0.144284
2599,0.144284
2600,0.144284
2601,0.144284
2602,0.144284
2603,0.144284
2604,0.144284
2605,0.144284
2606,0.144284
2607,0.144284
2608,0.144284
2609,0.144539
2610,0.144539
2611,0.144539
2612,0.144539
2613,0.144539
2614,0.144539
2615,0.144539
2616,0.144539
2617,0.144539
2618,0.144539
2619,0.144539
2620,0.144539
2621,0.144539
2622,0.144539
2623,0.144539
2624,0.144539
2625,0.145099
2626,0.145099
2627,0.145099
2628,0.145099
2629,0.145099
2630,0.145099
2631,0.145099
2632,0.145099
2633,0.145099
2634,0.145099
2635,0.145099
2636,0.145099
2637,0.145099
2638,0.145099
2639,0.145099
2640,0.145099
2641,0.240764
2642,0.240764
2643,0.240764
2644,0.240764
2645,0.240764
2646,0.240764
2647,0.240764
2648,0.240764
2649,0.240764
2650,0.240764
2651,0.240764
2652,0.240764
2653,0.240764
2654,0.240764
2655,0.240764
2656,0.240764
2657,0.486527
2658,0.486527
2659,0.486527
2660,0.486527
2661,0.486527
2662,0.486527
2663,0.486527
2664,0.486527
2665,0.486527
2666,0.486527
2667,0.486527
2668,0.486527
2669,0.486527
2670,0.486527
2671,0.486527
2672,0.486527
2673,0.483322
2674,0.483322
2675,0.483322
2676,0.483322
2677,0.483322
2678,0.483322
2679,0.483322
2680,0.483322
2681,0.483322
2682,0.483322
2683,0.483322
2684,0.483322
2685,0.483322
2686,0.483322
2687,0.483322
2688,0.483322
2689,0.365842
2690,0.365842
2691,0.365842
2692,0.365842
2693,0.365842
2694,0.365842
2695,0.365842
2696,0.365842
2697,0.365842
2698,0.365842
2699,0.365842
2700,0.365842
2701,0.365842
2702,0.365842
2703,0.365842
2704,0.365842
2705,0.315192
2706,0.315192
2707,0.315192
2708,0.315192
2709,0.315192
2710,0.315192
2711,0.315192
2712,0.315192
2713,0.315192
2714,0.315192
2715,0.315192
2716,0.315192
2717,0.315192
2718,0.315192
2719,0.315192
2720,0.315192
2721,0.265565
2722,0.265565
2723,0.265565
2724,0.265565
2725,0.265565
2726,0.265565
2727,0.265565
2728,0.265565
2729,0.265565
2730,0.265565
2731,0.265565
2732,0.265565
2733,0.265565
2734,0.265565
2735,0.265565
2736,0.265565
2737,0.253166
2738,0.253166
2739,0.253166
2740,0.253166
2741,0.253166
2742,0.253166
2743,0.253166
2744,0.253166
2745,0.253166
2746,0.253166
2747,0.253166
2748,0.253166
2749,0.253166
2750,0.253166
2751,0.253166
2752,0.253166
2753,0.280511
2754,0.280511
2755,0.280511
2756,0.280511
2757,0.280511
2758,0.280511
2759,0.280511
2760,0.280511
2761,0.280511
2762,0.280511
2763,0.280511
2764,0.280511
2765,0.280511
2766,0.280511
2767,0.280511
2768,0.280511
2769,0.26812
2770,0.26812
2771,0.26812
2772,0.26812
2773,0.26812
2774,0.26812
2775,0.26812
2776,0.26812
2777,0.26812
2778,0.26812
2779,0.26812
2780,0.26812
2781,0.26812
2782,0.26812
2783,0.26812
2784,0.26812
2785,0.257497
2786,0.257497
2787,0.257497
2788,0.257497
2789,0.257497
2790,0.257497
2791,0.257497
2792,0.257497
2793,0.257497
2794,0.257497
2795,0.257497
2796,0.257497
2797,0.257497
2798,0.257497
2799,0.257497
2800,0.257497
2801,0.242374
2802,0.242374
2803,0.242374
2804,0.242374
2805,0.242374
2806,0.242374
2807,0.242374
2808,0.242374
2809,0.242374
2810,0.242374
2811,0.242374
2812,0.242374
2813,0.242374
2814,0.242374
2815,0.242374
2816,0.242374
2817,0.240701
2818,0.240701
2819,0.240701
2820,0.240701
2821,0.240701
2822,0.240701
2823,0.240701
2824,0.240701
2825,0.240701
2826,0.240701
2827,0.240701
2828,0.240701
2829,0.240701
2830,0.240701
2831,0.240701
2832,0.240701
2833,0.237766
2834,0.237766
2835,0.237766
2836,0.237766
2837,0.237766
2838,0.237766
2839,0.237766
2840,0.237766
2841,0.237766
2842,0.237766
2843,0.237766
2844,0.237766
2845,0.237766
2846,0.237766
2847,0.237766
2848,0.237766
2849,0.238542
2850,0.238542
2851,0.238542
2852,0.238542
2853,0.238542
2854,0.238542
2855,0.238542
2856,0.238542
2857,0.238542
2858,0.238542
2859,0.238542
2860,0.238542
2861,0.238542
2862,0.238542
2863,0.238542
2864,0.238542
2865,0.238992
2866,0.238992
2867,0.238992
2868,0.238992
2869,0.238992
2870,0.238992
2871,0.238992
2872,0.238992
2873,0.238992
2874,0.238992
2875,0.238992
2876,0.238992
2877,0.238992
2878,0.238992
2879,0.238992
2880,0.238992
2881,0.246117
2882,0.246117
2883,0.246117
2884,0.246117
2885,0.246117
2886,0.246117
2887,0.246117
2888,0.246117
2889,0.246117
2890,0.246117
2891,0.246117
2892,0.246117
2893,0.246117
2894,0.246117
2895,0.246117
2896,0.246117
2897,0.262634
2898,0.262634
2899,0.262634
2900,0.262634
2901,0.262634
2902,0.262634
2903,0.262634
2904,0.262634
2905,0.262634
2906,0.262634
2907,0.262634
2908,0.262634
2909,0.262634
2910,0.262634
2911,0.262634
2912,0.262634
2913,0.252461
2914,0.252461
2915,0.252461
2916,0.252461
2917,0.252461
2918,0.252461
2919,0.252461
2920,0.252461
2921,0.252461
2922,0.252461
2923,0.252461
2924,0.252461
2925,0.252461
2926,0.252461
2927,0.252461
2928,0.252461
2929,0.252778
2930,0.252778
2931,0.252778
2932,0.252778
2933,0.252778
2934,0.252778
2935,0.252778
2936,0.252778
2937,0.252778
2938,0.252778
2939,0.252778
2940,0.252778
2941,0.252778
2942,0.252778
2943,0.252778
2944,0.252778
2945,0.25504
2946,0.25504
2947,0.25504
2948,0.25504
2949,0.25504
2950,0.25504
2951,0.25504
2952,0.25504
2953,0.25504
2954,0.25504
2955,0.25504
2956,0.25504
2957,0.25504
2958,0.25504
2959,0.25504
2960,0.25504
2961,0.41166
2962,0.41166
2963,0.41166
2964,0.41166
2965,0.41166
2966,0.41166
2967,0.41166
2968,0.41166
2969,0.41166
2970,0.41166
2971,0.41166
2972,0.41166
2973,0.41166
2974,0.41166
2975,0.41166
2976,0.41166
2977,0.681532
2978,0.681532
2979,0.681532
2980,0.681532
2981,0.681532
2982,0.681532
2983,0.681532
2984,0.681532
2985,0.681532
2986,0.681532
2987,0.681532
2988,0.681532
2989,0.681532
2990,0.681532
2991,0.681532
2992,0.681532
2993,0.843262
2994,0.843262
2995,0.843262
2996,0.843262
2997,0.843262
2998,0.843262
2999,0.843262
3000,0.843262
3001,0.843262
3002,0.843262
3003,0.843262
3004,0.843262
3005,0.843262
3006,0.843262
3007,0.843262
3008,0.843262
3009,0.87344
3010,0.87344
3011,0.87344
3012,0.87344
3013,0.87344
3014,0.87344
3015,0.87344
3016,0.87344
3017,0.87344
3018,0.87344
3019,0.87344
3020,0.87344
3021,0.87344
3022,0.87344
3023,0.87344
3024,0.87344
3025,0.875803
3026,0.875803
3027,0.875803
3028,0.875803
3029,0.875803
3030,0.875803
3031,0.875803
3032,0.875803
3033,0.875803
3034,0.875803
3035,0.875803
3036,0.875803
3037,0.875803
3038,0.875803
3039,0.875803
3040,0.875803
3041,0.890879
3042,0.890879
3043,0.890879
3044,0.890879
3045,0.890879
3046,0.890879
3047,0.890879
3048,0.890879
3049,0.890879
3050,0.890879
3051,0.890879
3052,0.890879
3053,0.890879
3054,0.890879
3055,0.890879
3056,0.890879
3057,0.889033
3058,0.889033
3059,0.889033
3060,0.889033
3061,0.889033
3062,0.889033
3063,0.889033
3064,0.889033
3065,0.889033
3066,0.889033
3067,0.889033
3068,0.889033
3069,0.889033
3070,0.889033
3071,0.889033
3072,0.889033
3073,0.877641
3074,0.877641
3075,0.877641
3076,0.877641
3077,0.877641
3078,0.877641
3079,0.877641
3080,0.877641
3081,0.877641
3082,0.877641
3083,0.877641
3084,0.877641
3085,0.877641
3086,0.877641
3087,0.877641
3088,0.877641
3089,0.874824
3090,0.874824
3091,0.874824
3092,0.874824
3093,0.874824
3094,0.874824
3095,0.874824
3096,0.874824
3097,0.874824
3098,0.874824
3099,0.874824
3100,0.874824
3101,0.874824
3102,0.874824
3103,0.874824
3104,0.874824
3105,0.873801
3106,0.873801
3107,0.873801
3108,0.873801
3109,0.873801
3110,0.873801
3111,0.873801
3112,0.873801
3113,0.873801
3114,0.873801
3115,0.873801
3116,0.873801
3117,0.873801
3118,0.873801
3119,0.873801
3120,0.873801
3121,0.869749
3122,0.869749
3123,0.869749
3124,0.869749
3125,0.869749
3126,0.869749
3127,0.869749
3128,0.869749
3129,0.869749
3130,0.869749
3131,0.869749
3132,0.869749
3133,0.869749
3134,0.869749
3135,0.869749
3136,0.869749
3137,0.869126
3138,0.869126
3139,0.869126
3140,0.869126
3141,0.869126
3142,0.869126
3143,0.869126
3144,0.869126
3145,0.869126
3146,0.869126
3147,0.869126
3148,0.869126
3149,0.869126
3150,0.869126
3151,0.869126
3152,0.869126
3153,0.860614
3154,0.860614
3155,0.860614
3156,0.860614
3157,0.860614
3158,0.860614
3159,0.860614
3160,0.860614
3161,0.860614
3162,0.860614
3163,0.860614
3164,0.860614
3165,0.860614
3166,0.860614
3167,0.860614
3168,0.860614
3169,0.859031
3170,0.859031
3171,0.859031
3172,0.859031
3173,0.859031
3174,0.859031
3175,0.859031
3176,0.859031
3177,0.859031
3178,0.859031
3179,0.859031
3180,0.859031
3181,0.859031
3182,0.859031
3183,0.859031
3184,0.859031
3185,0.854709
3186,0.854709
3187,0.854709
3188,0.854709
3189,0.854709
3190,0.854709
3191,0.854709
3192,0.854709
3193,0.854709
3194,0.854709
3195,0.854709
3196,0.854709
3197,0.854709
3198,0.854709
3199,0.854709
3200,0.854709
3201,0.850061
3202,0.850061
3203,0.850061
3204,0.850061
3205,0.850061
3206,0.850061
3207,0.850061
3208,0.850061
3209,0.850061
3210,0.850061
3211,0.850061
3212,0.850061
3213,0.850061
3214,0.850061
3215,0.850061
3216,0.850061
3217,0.848858
3218,0.848858
3219,0.848858
3220,0.848858
3221,0.848858
3222,0.848858
3223,0.848858
3224,0.848858
3225,0.848858
3226,0.848858
3227,0.848858
3228,0.848858
3229,0.848858
3230,0.848858
3231,0.848858
3232,0.848858
3233,0.84682
3234,0.84682
3235,0.84682
3236,0.84682
3237,0.84682
3238,0.84682
3239,0.84682
3240,0.84682
3241,0.84682
3242,0.84682
3243,0.84682
3244,0.84682
3245,0.84682
3246,0.84682
3247,0.84682
3248,0.84682
3249,0.844892
3250,0.844892
3251,0.844892
3252,0.844892
3253,0.844892
3254,0.844892
3255,0.844892
3256,0.844892
3257,0.844892
3258,0.844892
3259,0.844892
3260,0.844892
3261,0.844892
3262,0.844892
3263,0.844892
3264,0.844892
3265,0.847287
3266,0.847287
3267,0.847287
3268,0.847287
3269,0.847287
3270,0.847287
3271,0.847287
3272,0.847287
3273,0.847287
3274,0.847287
3275,0.847287
3276,0.847287
3277,0.847287
3278,0.847287
3279,0.847287
3280,0.847287
3281,0.84713
3282,0.84713
3283,0.84713
3284,0.84713
3285,0.84713
3286,0.84713
3287,0.84713
3288,0.84713
3289,0.84713
3290,0.84713
3291,0.84713
3292,0.84713
3293,0.84713
3294,0.84713
3295,0.84713
3296,0.84713
3297,0.851041
3298,0.851041
3299,0.851041
3300,0.851041
3301,0.851041
3302,0.851041
3303,0.851041
3304,0.851041
3305,0.851041
3306,0.851041
3307,0.851041
3308,0.851041
3309,0.851041
3310,0.851041
3311,0.851041
3312,0.851041
3313,0.849418
3314,0.849418
3315,0.849418
3316,0.849418
3317,0.849418
3318,0.849418
3319,0.849418
3320,0.849418
3321,0.849418
3322,0.849418
3323,0.849418
3324,0.849418
3325,0.849418
3326,0.849418
3327,0.849418
3328,0.849418
3329,0.852005
3330,0.852005
3331,0.852005
3332,0.852005
3333,0.852005
3334,0.852005
3335,0.852005
3336,0.852005
3337,0.852005
3338,0.852005
3339,0.852005
3340,0.852005
3341,0.852005
3342,0.852005
3343,0.852005
3344,0.852005
3345,0.852847
3346,0.852847
3347,0.852847
3348,0.852847
3349,0.852847
3350,0.852847
3351,0.852847
3352,0.852847
3353,0.852847
3354,0.852847
3355,0.852847
3356,0.852847
3357,0.852847
3358,0.852847
3359,0.852847
3360,0.852847
3361,0.854391
3362,0.854391
3363,0.854391
3364,0.854391
3365,0.854391
3366,0.854391
3367,0.854391
3368,0.854391
3369,0.854391
3370,0.854391
3371,0.854391
3372,0.854391
3373,0.854391
3374,0.854391
3375,0.854391
3376,0.854391
3377,0.854094
3378,0.854094
3379,0.854094
3380,0.854094
3381,0.854094
3382,0.854094
3383,0.854094
3384,0.854094
3385,0.854094
3386,0.854094
3387,0.854094
3388,0.854094
3389,0.854094
3390,0.854094
3391,0.854094
3392,0.854094
3393,0.853274
3394,0.853274
3395,0.853274
3396,0.853274
3397,0.853274
3398,0.853274
3399,0.853274
3400,0.853274
3401,0.853274
3402,0.853274
3403,0.853274
3404,0.853274
3405,0.853274
3406,0.853274
3407,0.853274
3408,0.853274
3409,0.851456
3410,0.851456
3411,0.851456
3412,0.851456
3413,0.851456
3414,0.851456
3415,0.851456
3416,0.851456
3417,0.851456
3418,0.851456
3419,0.851456
3420,0.851456
3421,0.851456
3422,0.851456
3423,0.851456
3424,0.851456
3425,0.853854
3426,0.853854
3427,0.853854
3428,0.853854
3429,0.853854
3430,0.853854
3431,0.853854
3432,0.853854
3433,0.853854
3434,0.853854
3435,0.853854
3436,0.853854
3437,0.853854
3438,0.853854
3439,0.853854
3440,0.853854
3441,0.860034
3442,0.860034
3443,0.860034
3444,0.860034
3445,0.860034
3446,0.860034
3447,0.860034
3448,0.860034
3449,0.860034
3450,0.860034
3451,0.860034
3452,0.860034
3453,0.860034
3454,0.860034
3455,0.860034
3456,0.860034
3457,0.860191
3458,0.860191
3459,0.860191
3460,0.860191
3461,0.860191
3462,0.860191
3463,0.860191
3464,0.860191
3465,0.860191
3466,0.860191
3467,0.860191
3468,0.860191
3469,0.860191
3470,0.860191
3471,0.860191
3472,0.860191
3473,0.860928
3474,0.860928
3475,0.860928
3476,0.860928
3477,0.860928
3478,0.860928
3479,0.860928
3480,0.860928
3481,0.860928
3482,0.860928
3483,0.860928
3484,0.860928
3485,0.860928
3486,0.860928
3487,0.860928
3488,0.860928
3489,0.860865
3490,0.860865
3491,0.860865
3492,0.860865
3493,0.860865
3494,0.860865
3495,0.860865
3496,0.860865
3497,0.860865
3498,0.860865
3499,0.860865
3500,0.860865
3501,0.860865
3502,0.860865
3503,0.860865
3504,0.860865
3505,0.85958
3506,0.85958
3507,0.85958
3508,0.85958
3509,0.85958
3510,0.85958
3511,0.85958
3512,0.85958
3513,0.85958
3514,0.85958
3515,0.85958
3516,0.85958
3517,0.85958
3518,0.85958
3519,0.85958
3520,0.85958
3521,0.85996
3522,0.85996
3523,0.85996
3524,0.85996
3525,0.85996
3526,0.85996
3527,0.85996
3528,0.85996
3529,0.85996
3530,0.85996
3531,0.85996
3532,0.85996
3533,0.85996
3534,0.85996
3535,0.85996
3536,0.85996
3537,0.859137
3538,0.859137
3539,0.859137
3540,0.859137
3541,0.859137
3542,0.859137
3543,0.859137
3544,0.859137
3545,0.859137
3546,0.859137
3547,0.859137
3548,0.859137
3549,0.859137
3550,0.859137
3551,0.859137
3552,0.859137
3553,0.858091
3554,0.858091
3555,0.858091
3556,0.858091
3557,0.858091
3558,0.858091
3559,0.858091
3560,0.858091
3561,0.858091
3562,0.858091
3563,0.858091
3564,0.858091
3565,0.858091
3566,0.858091
3567,0.858091
3568,0.858091
3569,0.858639
3570,0.858639
3571,0.858639
3572,0.858639
3573,0.858639
3574,0.858639
3575,0.858639
3576,0.858639
3577,0.858639
3578,0.858639
3579,0.858639
3580,0.858639
3581,0.858639
3582,0.858639
3583,0.858639
3584,0.858639
3585,0.859411
3586,0.859411
3587,0.859411
3588,0.859411
3589,0.859411
3590,0.859411
3591,0.859411
3592,0.859411
3593,0.859411
3594,0.859411
3595,0.859411
3596,0.859411
3597,0.859411
3598,0.859411
3599,0.859411
3600,0.859411
3601,0.859168
3602,0.859168
3603,0.859168
3604,0.859168
3605,0.859168
3606,0.859168
3607,0.859168
3608,0.859168
3609,0.859168
3610,0.859168
3611,0.859168
3612,0.859168
3613,0.859168
3614,0.859168
3615,0.859168
3616,0.859168
3617,0.862068
3618,0.862068
3619,0.862068
3620,0.862068
3621,0.862068
3622,0.862068
3623,0.862068
3624,0.862068
3625,0.862068
3626,0.862068
3627,0.862068
3628,0.862068
3629,0.862068
3630,0.862068
3631,0.862068
3632,0.862068
3633,0.863381
3634,0.863381
3635,0.863381
3636,0.863381
3637,0.863381
3638,0.863381
3639,0.863381
3640,0.863381
3641,0.863381
3642,0.863381
3643,0.863381
3644,0.863381
3645,0.863381
3646,0.863381
3647,0.863381
3648,0.863381
3649,0.858988
3650,0.858988
3651,0.858988
3652,0.858988
3653,0.858988
3654,0.858988
3655,0.858988
3656,0.858988
3657,0.858988
3658,0.858988
3659,0.858988
3660,0.858988
3661,0.858988
3662,0.858988
3663,0.858988
3664,0.858988
3665,0.858929
3666,0.858929
3667,0.858929
3668,0.858929
3669,0.858929
3670,0.858929
3671,0.858929
3672,0.858929
3673,0.858929
3674,0.858929
3675,0.858929
3676,0.858929
3677,0.858929
3678,0.858929
3679,0.858929
3680,0.858929
3681,0.861335
3682,0.861335
3683,0.861335
3684,0.861335
3685,0.861335
3686,0.861335
3687,0.861335
3688,0.861335
3689,0.861335
3690,0.861335
3691,0.861335
3692,0.861335
3693,0.861335
3694,0.861335
3695,0.861335
3696,0.861335
3697,0.861343
3698,0.861343
3699,0.861343
3700,0.861343
3701,0.861343
3702,0.861343
3703,0.861343
3704,0.861343
3705,0.861343
3706,0.861343
3707,0.861343
3708,0.861343
3709,0.861343
3710,0.861343
3711,0.861343
3712,0.861343
3713,0.859995
3714,0.859995
3715,0.859995
3716,0.859995
3717,0.859995
3718,0.859995
3719,0.859995
3720,0.859995
3721,0.859995
3722,0.859995
3723,0.859995
3724,0.859995
3725,0.859995
3726,0.859995
3727,0.859995
3728,0.859995
3729,0.856692
3730,0.856692
3731,0.856692
3732,0.856692
3733,0.856692
3734,0.856692
3735,0.856692
3736,0.856692
3737,0.856692
3738,0.856692
3739,0.856692
3740,0.856692
3741,0.856692
3742,0.856692
3743,0.856692
3744,0.856692
3745,0.855014
3746,0.855014
3747,0.855014
3748,0.855014
3749,0.855014
3750,0.855014
3751,0.855014
3752,0.855014
3753,0.855014
3754,0.855014
3755,0.855014
3756,0.855014
3757,0.855014
3758,0.855014
3759,0.855014
3760,0.855014
3761,0.852581
3762,0.852581
3763,0.852581
3764,0.852581
3765,0.852581
3766,0.852581
3767,0.852581
3768,0.852581
3769,0.852581
3770,0.852581
3771,0.852581
3772,0.852581
3773,0.852581
3774,0.852581
3775,0.852581
3776,0.852581
3777,0.853098
3778,0.853098
3779,0.853098
3780,0.853098
3781,0.853098
3782,0.853098
3783,0.853098
3784,0.853098
3785,0.853098
3786,0.853098
3787,0.853098
3788,0.853098
3789,0.853098
3790,0.853098
3791,0.853098
3792,0.853098
3793,0.851864
3794,0.851864
3795,0.851864
3796,0.851864
3797,0.851864
3798,0.851864
3799,0.851864
3800,0.851864
3801,0.851864
3802,0.851864
3803,0.851864
3804,0.851864
3805,0.851864
3806,0.851864
3807,0.851864
3808,0.851864
3809,0.850696
3810,0.850696
3811,0.850696
3812,0.850696
3813,0.850696
3814,0.850696
3815,0.850696
3816,0.850696
3817,0.850696
3818,0.850696
3819,0.850696
3820,0.850696
3821,0.850696
3822,0.850696
3823,0.850696
3824,0.850696
3825,0.859435
3826,0.859435
3827,0.859435
3828,0.859435
3829,0.859435
3830,0.859435
3831,0.859435
3832,0.859435
3833,0.859435
3834,0.859435
3835,0.859435
3836,0.859435
3837,0.859435
3838,0.859435
3839,0.859435
3840,0.859435
3841,0.860712
3842,0.860712
3843,0.860712
3844,0.860712
3845,0.860712
3846,0.860712
3847,0.860712
3848,0.860712
3849,0.860712
3850,0.860712
3851,0.860712
3852,0.860712
3853,0.860712
3854,0.860712
3855,0.860712
3856,0.860712
3857,0.859254
3858,0.859254
3859,0.859254
3860,0.859254
3861,0.859254
3862,0.859254
3863,0.859254
3864,0.859254
3865,0.859254
3866,0.859254
3867,0.859254
3868,0.859254
3869,0.859254
3870,0.859254
3871,0.859254
3872,0.859254
3873,0.860779
3874,0.860779
3875,0.860779
3876,0.860779
3877,0.860779
3878,0.860779
3879,0.860779
3880,0.860779
3881,0.860779
3882,0.860779
3883,0.860779
3884,0.860779
3885,0.860779
3886,0.860779
3887,0.860779
3888,0.860779
3889,0.860497
3890,0.860497
3891,0.860497
3892,0.860497
3893,0.860497
3894,0.860497
3895,0.860497
3896,0.860497
3897,0.860497
3898,0.860497
3899,0.860497
3900,0.860497
3901,0.860497
3902,0.860497
3903,0.860497
3904,0.860497
3905,0.859834
3906,0.859834
3907,0.859834
3908,0.859834
3909,0.859834
3910,0.859834
3911,0.859834
3912,0.859834
3913,0.859834
3914,0.859834
3915,0.859834
3916,0.859834
3917,0.859834
3918,0.859834
3919,0.859834
3920,0.859834
3921,0.859717
3922,0.859717
3923,0.859717
3924,0.859717
3925,0.859717
3926,0.859717
3927,0.859717
3928,0.859717
3929,0.859717
3930,0.859717
3931,0.859717
3932,0.859717
3933,0.859717
3934,0.859717
3935,0.859717
3936,0.859717
3937,0.860136
3938,0.860136
3939,0.860136
3940,0.860136
3941,0.860136
3942,0.860136
3943,0.860136
3944,0.860136
3945,0.860136
3946,0.860136
3947,0.860136
3948,0.860136
3949,0.860136
3950,0.860136
3951,0.860136
3952,0.860136
3953,0.860642
3954,0.860642
3955,0.860642
3956,0.860642
3957,0.860642
3958,0.860642
3959,0.860642
3960,0.860642
3961,0.860642
3962,0.860642
3963,0.860642
3964,0.860642
3965,0.860642
3966,0.860642
3967,0.860642
3968,0.860642
3969,0.860003
3970,0.860003
3971,0.860003
3972,0.860003
3973,0.860003
3974,0.860003
3975,0.860003
3976,0.860003
3977,0.860003
3978,0.860003
3979,0.860003
3980,0.860003
3981,0.860003
3982,0.860003
3983,0.860003
3984,0.860003
3985,0.856656
3986,0.856656
3987,0.856656
3988,0.856656
3989,0.856656
3990,0.856656
3991,0.856656
3992,0.856656
3993,0.856656
3994,0.856656
3995,0.856656
3996,0.856656
3997,0.856656
3998,0.856656
3999,0.856656
4000,0.856656
4001,0.861167
4002,0.861167
4003,0.861167
4004,0.861167
4005,0.861167
4006,0.861167
4007,0.861167
4008,0.861167
4009,0.861167
4010,0.861167
4011,0.861167
4012,0.861167
4013,0.861167
4014,0.861167
4015,0.861167
4016,0.861167
4017,0.86072
4018,0.86072
4019,0.86072
4020,0.86072
4021,0.86072
4022,0.86072
4023,0.86072
4024,0.86072
4025,0.86072
4026,0.86072
4027,0.86072
4028,0.86072
4029,0.86072
4030,0.86072
4031,0.86072
4032,0.86072
4033,0.857957
4034,0.857957
4035,0.857957
4036,0.857957
4037,0.857957
4038,0.857957
4039,0.857957
4040,0.857957
4041,0.857957
4042,0.857957
4043,0.857957
4044,0.857957
4045,0.857957
4046,0.857957
4047,0.857957
4048,0.857957
4049,0.860465
4050,0.860465
4051,0.860465
4052,0.860465
4053,0.860465
4054,0.860465
4055,0.860465
4056,0.860465
4057,0.860465
4058,0.860465
4059,0.860465
4060,0.860465
4061,0.860465
4062,0.860465
4063,0.860465
4064,0.860465
4065,0.860548
4066,0.860548
4067,0.860548
4068,0.860548
4069,0.860548
4070,0.860548
4071,0.860548
4072,0.860548
4073,0.860548
4074,0.860548
4075,0.860548
4076,0.860548
4077,0.860548
4078,0.860548
4079,0.860548
4080,0.860548
4081,0.860109
4082,0.860109
4083,0.860109
4084,0.860109
4085,0.860109
4086,0.860109
4087,0.860109
4088,0.860109
4089,0.860109
4090,0.860109
4091,0.860109
4092,0.860109
4093,0.860109
4094,0.860109
4095,0.860109
4096,0.860109
4097,0.862123
4098,0.862123
4099,0.862123
4100,0.862123
4101,0.862123
4102,0.862123
4103,0.862123
4104,0.862123
4105,0.862123
4106,0.862123
4107,0.862123
4108,0.862123
4109,0.862123
4110,0.862123
4111,0.862123
4112,0.862123
4113,0.859729
4114,0.859729
4115,0.859729
4116,0.859729
4117,0.859729
4118,0.859729
4119,0.859729
4120,0.859729
4121,0.859729
4122,0.859729
4123,0.859729
4124,0.859729
4125,0.859729
4126,0.859729
4127,0.859729
4128,0.859729
4129,0.859447
4130,0.859447
4131,0.859447
4132,0.859447
4133,0.859447
4134,0.859447
4135,0.859447
4136,0.859447
4137,0.859447
4138,0.859447
4139,0.859447
4140,0.859447
4141,0.859447
4142,0.859447
4143,0.859447
4144,0.859447
4145,0.858753
4146,0.858753
4147,0.858753
4148,0.858753
4149,0.858753
4150,0.858753
4151,0.858753
4152,0.858753
4153,0.858753
4154,0.858753
4155,0.858753
4156,0.858753
4157,0.858753
4158,0.858753
4159,0.858753
4160,0.858753
4161,0.855395
4162,0.855395
4163,0.855395
4164,0.855395
4165,0.855395
4166,0.855395
4167,0.855395
4168,0.855395
4169,0.855395
4170,0.855395
4171,0.855395
4172,0.855395
4173,0.855395
4174,0.855395
4175,0.855395
4176,0.855395
4177,0.849336
4178,0.849336
4179,0.849336
4180,0.849336
4181,0.849336
4182,0.849336
4183,0.849336
4184,0.849336
4185,0.849336
4186,0.849336
4187,0.849336
4188,0.849336
4189,0.849336
4190,0.849336
4191,0.849336
4192,0.849336
4193,0.865015
4194,0.865015
4195,0.865015
4196,0.865015
4197,0.865015
4198,0.865015
4199,0.865015
4200,0.865015
4201,0.865015
4202,0.865015
4203,0.865015
4204,0.865015
4205,0.865015
4206,0.865015
4207,0.865015
4208,0.865015
4209,0.863338
4210,0.863338
4211,0.863338
4212,0.863338
4213,0.863338
4214,0.863338
4215,0.863338
4216,0.863338
4217,0.863338
4218,0.863338
4219,0.863338
4220,0.863338
4221,0.863338
4222,0.863338
4223,0.863338
4224,0.863338
4225,0.876744
4226,0.876744
4227,0.876744
4228,0.876744
4229,0.876744
4230,0.876744
4231,0.876744
4232,0.876744
4233,0.876744
4234,0.876744
4235,0.876744
4236,0.876744
4237,0.876744
4238,0.876744
4239,0.876744
4240,0.876744
4241,0.898795
4242,0.898795
4243,0.898795
4244,0.898795
4245,0.898795
4246,0.898795
4247,0.898795
4248,0.898795
4249,0.898795
4250,0.898795
4251,0.898795
4252,0.898795
4253,0.898795
4254,0.898795
4255,0.898795
4256,0.898795
4257,0.879812
4258,0.879812
4259,0.879812
4260,0.879812
4261,0.879812
4262,0.879812
4263,0.879812
4264,0.879812
4265,0.879812
4266,0.879812
4267,0.879812
4268,0.879812
4269,0.879812
4270,0.879812
4271,0.879812
4272,0.879812
4273,0.882743
4274,0.882743
4275,0.882743
4276,0.882743
4277,0.882743
4278,0.882743
4279,0.882743
4280,0.882743
4281,0.882743
4282,0.882743
4283,0.882743
4284,0.882743
4285,0.882743
4286,0.882743
4287,0.882743
4288,0.882743
4289,0.910904
4290,0.910904
4291,0.910904
4292,0.910904
4293,0.910904
4294,0.910904
4295,0.910904
4296,0.910904
4297,0.910904
4298,0.910904
4299,0.910904
4300,0.910904
4301,0.910904
4302,0.910904
4303,0.910904
4304,0.910904
4305,0.891952
4306,0.891952
4307,0.891952
4308,0.891952
4309,0.891952
4310,0.891952
4311,0.891952
4312,0.891952
4313,0.891952
4314,0.891952
4315,0.891952
4316,0.891952
4317,0.891952
4318,0.891952
4319,0.891952
4320,0.891952
4321,0.872273
4322,0.872273
4323,0.872273
4324,0.872273
4325,0.872273
4326,0.872273
4327,0.872273
4328,0.872273
4329,0.872273
4330,0.872273
4331,0.872273
4332,0.872273
4333,0.872273
4334,0.872273
4335,0.872273
4336,0.872273
4337,0.858792
4338,0.858792
4339,0.858792
4340,0.858792
4341,0.858792
4342,0.858792
4343,0.858792
4344,0.858792
4345,0.858792
4346,0.858792
4347,0.858792
4348,0.858792
4349,0.858792
4350,0.858792
4351,0.858792
4352,0.858792
4353,0.823304
4354,0.823304
4355,0.823304
4356,0.823304
4357,0.823304
4358,0.823304
4359,0.823304
4360,0.823304
4361,0.823304
4362,0.823304
4363,0.823304
4364,0.823304
4365,0.823304
4366,0.823304
4367,0.823304
4368,0.823304
4369,0.843403
4370,0.843403
4371,0.843403
4372,0.843403
4373,0.843403
4374,0.843403
4375,0.843403
4376,0.843403
4377,0.843403
4378,0.843403
4379,0.843403
4380,0.843403
4381,0.843403
4382,0.843403
4383,0.843403
4384,0.843403
4385,0.861053
4386,0.861053
4387,0.861053
4388,0.861053
4389,0.861053
4390,0.861053
4391,0.861053
4392,0.861053
4393,0.861053
4394,0.861053
4395,0.861053
4396,0.861053
4397,0.861053
4398,0.861053
4399,0.861053
4400,0.861053
4401,0.853161
4402,0.853161
4403,0.853161
4404,0.853161
4405,0.853161
4406,0.853161
4407,0.853161
4408,0.853161
4409,0.853161
4410,0.853161
4411,0.853161
4412,0.853161
4413,0.853161
4414,0.853161
4415,0.853161
4416,0.853161
4417,0.79505
4418,0.79505
4419,0.79505
4420,0.79505
4421,0.79505
4422,0.79505
4423,0.79505
4424,0.79505
4425,0.79505
4426,0.79505
4427,0.79505
4428,0.79505
4429,0.79505
4430,0.79505
4431,0.79505
4432,0.79505
4433,0.826631
4434,0.826631
4435,0.826631
4436,0.826631
4437,0.826631
4438,0.826631
4439,0.826631
4440,0.826631
4441,0.826631
4442,0.826631
4443,0.826631
4444,0.826631
4445,0.826631
4446,0.826631
4447,0.826631
4448,0.826631
4449,0.79088
4450,0.79088
4451,0.79088
4452,0.79088
4453,0.79088
4454,0.79088
4455,0.79088
4456,0.79088
4457,0.79088
4458,0.79088
4459,0.79088
4460,0.79088
4461,0.79088
4462,0.79088
4463,0.79088
4464,0.79088
4465,0.730144
4466,0.730144
4467,0.730144
4468,0.730144
4469,0.730144
4470,0.730144
4471,0.730144
4472,0.730144
4473,0.730144
4474,0.730144
4475,0.730144
4476,0.730144
4477,0.730144
4478,0.730144
4479,0.730144
4480,0.730144
4481,0.736484
4482,0.736484
4483,0.736484
4484,0.736484
4485,0.736484
4486,0.736484
4487,0.736484
4488,0.736484
4489,0.736484
4490,0.736484
4491,0.736484
4492,0.736484
4493,0.736484
4494,0.736484
4495,0.736484
4496,0.736484
4497,0.764707
4498,0.764707
4499,0.764707
4500,0.764707
4501,0.764707
4502,0.764707
4503,0.764707
4504,0.764707
4505,0.764707
4506,0.764707
4507,0.764707
4508,0.764707
4509,0.764707
4510,0.764707
4511,0.764707
4512,0.764707
4513,0.874898
4514,0.874898
4515,0.874898
4516,0.874898
4517,0.874898
4518,0.874898
4519,0.874898
4520,0.874898
4521,0.874898
4522,0.874898
4523,0.874898
4524,0.874898
4525,0.874898
4526,0.874898
4527,0.874898
4528,0.874898
4529,0.898124
4530,0.898124
4531,0.898124
4532,0.898124
4533,0.898124
4534,0.898124
4535,0.898124
4536,0.898124
4537,0.898124
4538,0.898124
4539,0.898124
4540,0.898124
4541,0.898124
4542,0.898124
4543,0.898124
4544,0.898124
4545,0.902788
4546,0.902788
4547,0.902788
4548,0.902788
4549,0.902788
4550,0.902788
4551,0.902788
4552,0.902788
4553,0.902788
4554,0.902788
4555,0.902788
4556,0.902788
4557,0.902788
4558,0.902788
4559,0.902788
4560,0.902788
4561,0.843576
4562,0.843576
4563,0.843576
4564,0.843576
4565,0.843576
4566,0.843576
4567,0.843576
4568,0.843576
4569,0.843576
4570,0.843576
4571,0.843576
4572,0.843576
4573,0.843576
4574,0.843576
4575,0.843576
4576,0.843576
4577,0.837976
4578,0.837976
4579,0.837976
4580,0.837976
4581,0.837976
4582,0.837976
4583,0.837976
4584,0.837976
4585,0.837976
4586,0.837976
4587,0.837976
4588,0.837976
4589,0.837976
4590,0.837976
4591,0.837976
4592,0.837976
4593,0.822798
4594,0.822798
4595,0.822798
4596,0.822798
4597,0.822798
4598,0.822798
4599,0.822798
4600,0.822798
4601,0.822798
4602,0.822798
4603,0.822798
4604,0.822798
4605,0.822798
4606,0.822798
4607,0.822798
4608,0.822798
4609,0.80949
4610,0.80949
4611,0.80949
4612,0.80949
4613,0.80949
4614,0.80949
4615,0.80949
4616,0.80949
4617,0.80949
4618,0.80949
4619,0.80949
4620,0.80949
4621,0.80949
4622,0.80949
4623,0.80949
4624,0.80949
4625,0.820945
4626,0.820945
4627,0.820945
4628,0.820945
4629,0.820945
4630,0.820945
4631,0.820945
4632,0.820945
4633,0.820945
4634,0.820945
4635,0.820945
4636,0.820945
4637,0.820945
4638,0.820945
4639,0.820945
4640,0.820945
4641,0.779312
4642,0.779312
4643,0.779312
4644,0.779312
4645,0.779312
4646,0.779312
4647,0.779312
4648,0.779312
4649,0.779312
4650,0.779312
4651,0.779312
4652,0.779312
4653,0.779312
4654,0.779312
4655,0.779312
4656,0.779312
4657,0.818989
4658,0.818989
4659,0.818989
4660,0.818989
4661,0.818989
4662,0.818989
4663,0.818989
4664,0.818989
4665,0.818989
4666,0.818989
4667,0.818989
4668,0.818989
4669,0.818989
4670,0.818989
4671,0.818989
4672,0.818989
4673,0.828653
4674,0.828653
4675,0.828653
4676,0.828653
4677,0.828653
4678,0.828653
4679,0.828653
4680,0.828653
4681,0.828653
4682,0.828653
4683,0.828653
4684,0.828653
4685,0.828653
4686,0.828653
4687,0.828653
4688,0.828653
4689,0.6933
4690,0.6933
4691,0.6933
4692,0.6933
4693,0.6933
4694,0.6933
4695,0.6933
4696,0.6933
4697,0.6933
4698,0.6933
4699,0.6933
4700,0.6933
4701,0.6933
4702,0.6933
4703,0.6933
4704,0.6933
4705,0.712792
4706,0.712792
4707,0.712792
4708,0.712792
4709,0.712792
4710,0.712792
4711,0.712792
4712,0.712792
4713,0.712792
4714,0.712792
4715,0.712792
4716,0.712792
4717,0.712792
4718,0.712792
4719,0.712792
4720,0.712792
4721,0.814499
4722,0.814499
4723,0.814499
4724,0.814499
4725,0.814499
4726,0.814499
4727,0.814499
4728,0.814499
4729,0.814499
4730,0.814499
4731,0.814499
4732,0.814499
4733,0.814499
4734,0.814499
4735,0.814499
4736,0.814499
4737,0.84778
4738,0.84778
4739,0.84778
4740,0.84778
4741,0.84778
4742,0.84778
4743,0.84778
4744,0.84778
4745,0.84778
4746,0.84778
4747,0.84778
4748,0.84778
4749,0.84778
4750,0.84778
4751,0.84778
4752,0.84778
4753,0.691987
4754,0.691987
4755,0.691987
4756,0.691987
4757,0.691987
4758,0.691987
4759,0.691987
4760,0.691987
4761,0.691987
4762,0.691987
4763,0.691987
4764,0.691987
4765,0.691987
4766,0.691987
4767,0.691987
4768,0.691987
4769,0.371124
4770,0.371124
4771,0.371124
4772,0.371124
4773,0.371124
4774,0.371124
4775,0.371124
4776,0.371124
4777,0.371124
4778,0.371124
4779,0.371124
4780,0.371124
4781,0.371124
4782,0.371124
4783,0.371124
4784,0.371124
4785,0.282055
4786,0.282055
4787,0.282055
4788,0.282055
4789,0.282055
4790,0.282055
4791,0.282055
4792,0.282055
4793,0.282055
4794,0.282055
4795,0.282055
4796,0.282055
4797,0.282055
4798,0.282055
4799,0.282055
4800,0.282055
4801,0.188256
4802,0.188256
4803,0.188256
4804,0.188256
4805,0.188256
4806,0.188256
4807,0.188256
4808,0.188256
4809,0.188256
4810,0.188256
4811,0.188256
4812,0.188256
4813,0.188256
4814,0.188256
4815,0.188256
4816,0.188256
4817,0.172585
4818,0.172585
4819,0.172585
4820,0.172585
4821,0.172585
4822,0.172585
4823,0.172585
4824,0.172585
4825,0.172585
4826,0.172585
4827,0.172585
4828,0.172585
4829,0.172585
4830,0.172585
4831,0.172585
4832,0.172585
4833,0.157498
4834,0.157498
4835,0.157498
4836,0.157498
4837,0.157498
4838,0.157498
4839,0.157498
4840,0.157498
4841,0.157498
4842,0.157498
4843,0.157498
4844,0.157498
4845,0.157498
4846,0.157498
4847,0.157498
4848,0.157498
4849,0.155872
4850,0.155872
4851,0.155872
4852,0.155872
4853,0.155872
4854,0.155872
4855,0.155872
4856,0.155872
4857,0.155872
4858,0.155872
4859,0.155872
4860,0.155872
4861,0.155872
4862,0.155872
4863,0.155872
4864,0.155872
4865,0.156205
4866,0.156205
4867,0.156205
4868,0.156205
4869,0.156205
4870,0.156205
4871,0.156205
4872,0.156205
4873,0.156205
4874,0.156205
4875,0.156205
4876,0.156205
4877,0.156205
4878,0.156205
4879,0.156205
4880,0.156205
4881,0.155684
4882,0.155684
4883,0.155684
4884,0.155684
4885,0.155684
4886,0.155684
4887,0.155684
4888,0.155684
4889,0.155684
4890,0.155684
4891,0.155684
4892,0.155684
4893,0.155684
4894,0.155684
4895,0.155684
4896,0.155684
4897,0.153356
4898,0.153356
4899,0.153356
4900,0.153356
4901,0.153356
4902,0.153356
4903,0.153356
4904,0.153356
4905,0.153356
4906,0.153356
4907,0.153356
4908,0.153356
4909,0.153356
4910,0.153356
4911,0.153356
4912,0.153356
4913,0.154261
4914,0.154261
4915,0.154261
4916,0.154261
4917,0.154261
4918,0.154261
4919,0.154261
4920,0.154261
4921,0.154261
4922,0.154261
4923,0.154261
4924,0.154261
4925,0.154261
4926,0.154261
4927,0.154261
4928,0.154261
4929,0.26573
4930,0.26573
4931,0.26573
4932,0.26573
4933,0.26573
4934,0.26573
4935,0.26573
4936,0.26573
4937,0.26573
4938,0.26573
4939,0.26573
4940,0.26573
4941,0.26573
4942,0.26573
4943,0.26573
4944,0.26573
4945,0.470958
4946,0.470958
4947,0.470958
4948,0.470958
4949,0.470958
4950,0.470958
4951,0.470958
4952,0.470958
4953,0.470958
4954,0.470958
4955,0.470958
4956,0.470958
4957,0.470958
4958,0.470958
4959,0.470958
4960,0.470958
4961,0.340468
4962,0.340468
4963,0.340468
4964,0.340468
4965,0.340468
4966,0.340468
4967,0.340468
4968,0.340468
4969,0.340468
4970,0.340468
4971,0.340468
4972,0.340468
4973,0.340468
4974,0.340468
4975,0.340468
4976,0.340468
4977,0.299117
4978,0.299117
4979,0.299117
4980,0.299117
4981,0.299117
4982,0.299117
4983,0.299117
4984,0.299117
4985,0.299117
4986,0.299117
4987,0.299117
4988,0.299117
4989,0.299117
4990,0.299117
4991,0.299117
4992,0.299117
4993,0.275005
4994,0.275005
4995,0.275005
4996,0.275005
4997,0.275005
4998,0.275005
4999,0.275005
5000,0.275005
5001,0.275005
5002,0.275005
5003,0.275005
5004,0.275005
5005,0.275005
5006,0.275005
5007,0.275005
5008,0.275005
5009,0.237727
5010,0.237727
5011,0.237727
5012,0.237727
5013,0.237727
5014,0.237727
5015,0.237727
5016,0.237727
5017,0.237727
5018,0.237727
5019,0.237727
5020,0.237727
5021,0.237727
5022,0.237727
5023,0.237727
5024,0.237727
5025,0.202317
5026,0.202317
5027,0.202317
5028,0.202317
5029,0.202317
5030,0.202317
5031,0.202317
5032,0.202317
5033,0.202317
5034,0.202317
5035,0.202317
5036,0.202317
5037,0.202317
5038,0.202317
5039,0.202317
5040,0.202317
5041,0.177225
5042,0.177225
5043,0.177225
5044,0.177225
5045,0.177225
5046,0.177225
5047,0.177225
5048,0.177225
5049,0.177225
5050,0.177225
5051,0.177225
5052,0.177225
5053,0.177225
5054,0.177225
5055,0.177225
5056,0.177225
5057,0.235693
5058,0.235693
5059,0.235693
5060,0.235693
5061,0.235693
5062,0.235693
5063,0.235693
5064,0.235693
5065,0.235693
5066,0.235693
5067,0.235693
5068,0.235693
5069,0.235693
5070,0.235693
5071,0.235693
5072,0.235693
5073,0.451145
5074,0.451145
5075,0.451145
5076,0.451145
5077,0.451145
5078,0.451145
5079,0.451145
5080,0.451145
5081,0.451145
5082,0.451145
5083,0.451145
5084,0.451145
5085,0.451145
5086,0.451145
5087,0.451145
5088,0.451145
5089,0.498977
5090,0.498977
5091,0.498977
5092,0.498977
5093,0.498977
5094,0.498977
5095,0.498977
5096,0.498977
5097,0.498977
5098,0.498977
5099,0.498977
5100,0.498977
5101,0.498977
5102,0.498977
5103,0.498977
5104,0.498977
5105,0.245439
5106,0.245439
5107,0.245439
5108,0.245439
5109,0.245439
5110,0.245439
5111,0.245439
5112,0.245439
5113,0.245439
5114,0.245439
5115,0.245439
5116,0.245439
5117,0.245439
5118,0.245439
5119,0.245439
5120,0.245439
5121,0.203418
5122,0.203418
5123,0.203418
5124,0.203418
5125,0.203418
5126,0.203418
5127,0.203418
5128,0.203418
5129,0.203418
5130,0.203418
5131,0.203418
5132,0.203418
5133,0.203418
5134,0.203418
5135,0.203418
5136,0.203418
5137,0.131305
5138,0.131305
5139,0.131305
5140,0.131305
5141,0.131305
5142,0.131305
5143,0.131305
5144,0.131305
5145,0.131305
5146,0.131305
5147,0.131305
5148,0.131305
5149,0.131305
5150,0.131305
5151,0.131305
5152,0.131305
5153,0.132422
5154,0.132422
5155,0.132422
5156,0.132422
5157,0.132422
5158,0.132422
5159,0.132422
5160,0.132422
5161,0.132422
5162,0.132422
5163,0.132422
5164,0.132422
5165,0.132422
5166,0.132422
5167,0.132422
5168,0.132422
5169,0.132853
5170,0.132853
5171,0.132853
5172,0.132853
5173,0.132853
5174,0.132853
5175,0.132853
5176,0.132853
5177,0.132853
5178,0.132853
5179,0.132853
5180,0.132853
5181,0.132853
5182,0.132853
5183,0.132853
5184,0.132853
5185,0.132199
5186,0.132199
5187,0.132199
5188,0.132199
5189,0.132199
5190,0.132199
5191,0.132199
5192,0.132199
5193,0.132199
5194,0.132199
5195,0.132199
5196,0.132199
5197,0.132199
5198,0.132199
5199,0.132199
5200,0.132199
5201,0.132806
5202,0.132806
5203,0.132806
5204,0.132806
5205,0.132806
5206,0.132806
5207,0.132806
5208,0.132806
5209,0.132806
5210,0.132806
5211,0.132806
5212,0.132806
5213,0.132806
5214,0.132806
5215,0.132806
5216,0.132806
5217,0.133269
5218,0.133269
5219,0.133269
5220,0.133269
5221,0.133269
5222,0.133269
5223,0.133269
5224,0.133269
5225,0.133269
5226,0.133269
5227,0.133269
5228,0.133269
5229,0.133269
5230,0.133269
5231,0.133269
5232,0.133269
5233,0.132818
5234,0.132818
5235,0.132818
5236,0.132818
5237,0.132818
5238,0.132818
5239,0.132818
5240,0.132818
5241,0.132818
5242,0.132818
5243,0.132818
5244,0.132818
5245,0.132818
5246,0.132818
5247,0.132818
5248,0.132818
5249,0.131004
5250,0.131004
5251,0.131004
5252,0.131004
5253,0.131004
5254,0.131004
5255,0.131004
5256,0.131004
5257,0.131004
5258,0.131004
5259,0.131004
5260,0.131004
5261,0.131004
5262,0.131004
5263,0.131004
5264,0.131004
5265,0.190086
5266,0.190086
5267,0.190086
5268,0.190086
5269,0.190086
5270,0.190086
5271,0.190086
5272,0.190086
5273,0.190086
5274,0.190086
5275,0.190086
5276,0.190086
5277,0.190086
5278,0.190086
5279,0.190086
5280,0.190086
5281,0.308734
5282,0.308734
5283,0.308734
5284,0.308734
5285,0.308734
5286,0.308734
5287,0.308734
5288,0.308734
5289,0.308734
5290,0.308734
5291,0.308734
5292,0.308734
5293,0.308734
5294,0.308734
5295,0.308734
5296,0.308734
5297,0.346977
5298,0.346977
5299,0.346977
5300,0.346977
5301,0.346977
5302,0.346977
5303,0.346977
5304,0.346977
5305,0.346977
5306,0.346977
5307,0.346977
5308,0.346977
5309,0.346977
5310,0.346977
5311,0.346977
5312,0.346977
5313,0.555423
5314,0.555423
5315,0.555423
5316,0.555423
5317,0.555423
5318,0.555423
5319,0.555423
5320,0.555423
5321,0.555423
5322,0.555423
5323,0.555423
5324,0.555423
5325,0.555423
5326,0.555423
5327,0.555423
5328,0.555423
5329,0.611951
5330,0.611951
5331,0.611951
5332,0.611951
5333,0.611951
5334,0.611951
5335,0.611951
5336,0.611951
5337,0.611951
5338,0.611951
5339,0.611951
5340,0.611951
5341,0.611951
5342,0.611951
5343,0.611951
5344,0.611951
5345,0.539336
5346,0.539336
5347,0.539336
5348,0.539336
5349,0.539336
5350,0.539336
5351,0.539336
5352,0.539336
5353,0.539336
5354,0.539336
5355,0.539336
5356,0.539336
5357,0.539336
5358,0.539336
5359,0.539336
5360,0.539336
5361,0.576071
5362,0.576071
5363,0.576071
5364,0.576071
5365,0.576071
5366,0.576071
5367,0.576071
5368,0.576071
5369,0.576071
5370,0.576071
5371,0.576071
5372,0.576071
5373,0.576071
5374,0.576071
5375,0.576071
5376,0.576071
5377,0.492351
5378,0.492351
5379,0.492351
5380,0.492351
5381,0.492351
5382,0.492351
5383,0.492351
5384,0.492351
5385,0.492351
5386,0.492351
5387,0.492351
5388,0.492351
5389,0.492351
5390,0.492351
5391,0.492351
5392,0.492351
5393,0.441572
5394,0.441572
5395,0.441572
5396,0.441572
5397,0.441572
5398,0.441572
5399,0.441572
5400,0.441572
5401,0.441572
5402,0.441572
5403,0.441572
5404,0.441572
5405,0.441572
5406,0.441572
5407,0.441572
5408,0.441572
5409,0.486817
5410,0.486817
5411,0.486817
5412,0.486817
5413,0.486817
5414,0.486817
5415,0.486817
5416,0.486817
5417,0.486817
5418,0.486817
5419,0.486817
5420,0.486817
5421,0.486817
5422,0.486817
5423,0.486817
5424,0.486817
5425,0.523042
5426,0.523042
5427,0.523042
5428,0.523042
5429,0.523042
5430,0.523042
5431,0.523042
5432,0.523042
5433,0.523042
5434,0.523042
5435,0.523042
5436,0.523042
5437,0.523042
5438,0.523042
5439,0.523042
5440,0.523042
5441,0.557805
5442,0.557805
5443,0.557805
5444,0.557805
5445,0.557805
5446,0.557805
5447,0.557805
5448,0.557805
5449,0.557805
5450,0.557805
5451,0.557805
5452,0.557805
5453,0.557805
5454,0.557805
5455,0.557805
5456,0.557805
5457,0.594026
5458,0.594026
5459,0.594026
5460,0.594026
5461,0.594026
5462,0.594026
5463,0.594026
5464,0.594026
5465,0.594026
5466,0.594026
5467,0.594026
5468,0.594026
5469,0.594026
5470,0.594026
5471,0.594026
5472,0.594026
5473,0.641325
5474,0.641325
5475,0.641325
5476,0.641325
5477,0.641325
5478,0.641325
5479,0.641325
5480,0.641325
5481,0.641325
5482,0.641325
5483,0.641325
5484,0.641325
5485,0.641325
5486,0.641325
5487,0.641325
5488,0.641325
5489,0.650178
5490,0.650178
5491,0.650178
5492,0.650178
5493,0.650178
5494,0.650178
5495,0.650178
5496,0.650178
5497,0.650178
5498,0.650178
5499,0.650178
5500,0.650178
5501,0.650178
5502,0.650178
5503,0.650178
5504,0.650178
5505,0.743021
5506,0.743021
5507,0.743021
5508,0.743021
5509,0.743021
5510,0.743021
5511,0.743021
5512,0.743021
5513,0.743021
5514,0.743021
5515,0.743021
5516,0.743021
5517,0.743021
5518,0.743021
5519,0.743021
5520,0.743021
5521,0.824433
5522,0.824433
5523,0.824433
5524,0.824433
5525,0.824433
5526,0.824433
5527,0.824433
5528,0.824433
5529,0.824433
5530,0.824433
5531,0.824433
5532,0.824433
5533,0.824433
5534,0.824433
5535,0.824433
5536,0.824433
5537,0.827501
5538,0.827501
5539,0.827501
5540,0.827501
5541,0.827501
5542,0.827501
5543,0.827501
5544,0.827501
5545,0.827501
5546,0.827501
5547,0.827501
5548,0.827501
5549,0.827501
5550,0.827501
5551,0.827501
5552,0.827501
5553,0.831788
5554,0.831788
5555,0.831788
5556,0.831788
5557,0.831788
5558,0.831788
5559,0.831788
5560,0.831788
5561,0.831788
5562,0.831788
5563,0.831788
5564,0.831788
5565,0.831788
5566,0.831788
5567,0.831788
5568,0.831788
5569,0.829331
5570,0.829331
5571,0.829331
5572,0.829331
5573,0.829331
5574,0.829331
5575,0.829331
5576,0.829331
5577,0.829331
5578,0.829331
5579,0.829331
5580,0.829331
5581,0.829331
5582,0.829331
5583,0.829331
5584,0.829331
5585,0.816564
5586,0.816564
5587,0.816564
5588,0.816564
5589,0.816564
5590,0.816564
5591,0.816564
5592,0.816564
5593,0.816564
5594,0.816564
5595,0.816564
5596,0.816564
5597,0.816564
5598,0.816564
5599,0.816564
5600,0.816564
5601,0.821948
5602,0.821948
5603,0.821948
5604,0.821948
5605,0.821948
5606,0.821948
5607,0.821948
5608,0.821948
5609,0.821948
5610,0.821948
5611,0.821948
5612,0.821948
5613,0.821948
5614,0.821948
5615,0.821948
5616,0.821948
5617,0.816407
5618,0.816407
5619,0.816407
5620,0.816407
5621,0.816407
5622,0.816407
5623,0.816407
5624,0.816407
5625,0.816407
5626,0.816407
5627,0.816407
5628,0.816407
5629,0.816407
5630,0.816407
5631,0.816407
5632,0.816407
5633,0.808793
5634,0.808793
5635,0.808793
5636,0.808793
5637,0.808793
5638,0.808793
5639,0.808793
5640,0.808793
5641,0.808793
5642,0.808793
5643,0.808793
5644,0.808793
5645,0.808793
5646,0.808793
5647,0.808793
5648,0.808793
5649,0.815408
5650,0.815408
5651,0.815408
5652,0.815408
5653,0.815408
5654,0.815408
5655,0.815408
5656,0.815408
5657,0.815408
5658,0.815408
5659,0.815408
5660,0.815408
5661,0.815408
5662,0.815408
5663,0.815408
5664,0.815408
5665,0.808758
5666,0.808758
5667,0.808758
5668,0.808758
5669,0.808758
5670,0.808758
5671,0.808758
5672,0.808758
5673,0.808758
5674,0.808758
5675,0.808758
5676,0.808758
5677,0.808758
5678,0.808758
5679,0.808758
5680,0.808758
5681,0.806355
5682,0.806355
5683,0.806355
5684,0.806355
5685,0.806355
5686,0.806355
5687,0.806355
5688,0.806355
5689,0.806355
5690,0.806355
5691,0.806355
5692,0.806355
5693,0.806355
5694,0.806355
5695,0.806355
5696,0.806355
5697,0.81047
5698,0.81047
5699,0.81047
5700,0.81047
5701,0.81047
5702,0.81047
5703,0.81047
5704,0.81047
5705,0.81047
5706,0.81047
5707,0.81047
5708,0.81047
5709,0.81047
5710,0.81047
5711,0.81047
5712,0.81047
5713,0.805129
5714,0.805129
5715,0.805129
5716,0.805129
5717,0.805129
5718,0.805129
5719,0.805129
5720,0.805129
5721,0.805129
5722,0.805129
