framenum,queue density
1,0.260933
2,0.260933
3,0.260933
4,0.249506
5,0.249506
6,0.249506
7,0.246356
8,0.246356
9,0.246356
10,0.260248
11,0.260248
12,0.260248
13,0.283842
14,0.283842
15,0.283842
16,0.302339
17,0.302339
18,0.302339
19,0.317391
20,0.317391
21,0.317391
22,0.324311
23,0.324311
24,0.324311
25,0.330942
26,0.330942
27,0.330942
28,0.325687
29,0.325687
30,0.325687
31,0.322238
32,0.322238
33,0.322238
34,0.321721
35,0.321721
36,0.321721
37,0.322301
38,0.322301
39,0.322301
40,0.324538
41,0.324538
42,0.324538
43,0.323273
44,0.323273
45,0.323273
46,0.309894
47,0.309894
48,0.309894
49,0.306026
50,0.306026
51,0.306026
52,0.302648
53,0.302648
54,0.302648
55,0.299972
56,0.299972
57,0.299972
58,0.29965
59,0.29965
60,0.29965
61,0.299427
62,0.299427
63,0.299427
64,0.297934
65,0.297934
66,0.297934
67,0.296845
68,0.296845
69,0.296845
70,0.290939
71,0.290939
72,0.290939
73,0.294309
74,0.294309
75,0.294309
76,0.298204
77,0.298204
78,0.298204
79,0.296073
80,0.296073
81,0.296073
82,0.300599
83,0.300599
84,0.300599
85,0.30978
86,0.30978
87,0.30978
88,0.327219
89,0.327219
90,0.327219
91,0.344955
92,0.344955
93,0.344955
94,0.361135
95,0.361135
96,0.361135
97,0.379926
98,0.379926
99,0.379926
100,0.395648
101,0.395648
102,0.395648
103,0.407894
104,0.407894
105,0.407894
106,0.40896
107,0.40896
108,0.40896
109,0.40769
110,0.40769
111,0.40769
112,0.40347
113,0.40347
114,0.40347
115,0.398846
116,0.398846
117,0.398846
118,0.393136
119,0.393136
120,0.393136
121,0.386611
122,0.386611
123,0.386611
124,0.399237
125,0.399237
126,0.399237
127,0.410574
128,0.410574
129,0.410574
130,0.418161
131,0.418161
132,0.418161
133,0.426461
134,0.426461
135,0.426461
136,0.431943
137,0.431943
138,0.431943
139,0.433989
140,0.433989
141,0.433989
142,0.431148
143,0.431148
144,0.431148
145,0.419874
146,0.419874
147,0.419874
148,0.419341
149,0.419341
150,0.419341
151,0.414305
152,0.414305
153,0.414305
154,0.408129
155,0.408129
156,0.408129
157,0.397603
158,0.397603
159,0.397603
160,0.389715
161,0.389715
162,0.389715
163,0.385624
164,0.385624
165,0.385624
166,0.380071
167,0.380071
168,0.380071
169,0.377292
170,0.377292
171,0.377292
172,0.369443
173,0.369443
174,0.369443
175,0.364705
176,0.364705
177,0.364705
178,0.364028
179,0.364028
180,0.364028
181,0.362002
182,0.362002
183,0.362002
184,0.360414
185,0.360414
186,0.360414
187,0.358365
188,0.358365
189,0.358365
190,0.35648
191,0.35648
192,0.35648
193,0.354458
194,0.354458
195,0.354458
196,0.350457
197,0.350457
198,0.350457
199,0.350159
200,0.350159
201,0.350159
202,0.350167
203,0.350167
204,0.350167
205,0.349567
206,0.349567
207,0.349567
208,0.349003
209,0.349003
210,0.349003
211,0.349818
212,0.349818
213,0.349818
214,0.349399
215,0.349399
216,0.349399
217,0.349583
218,0.349583
219,0.349583
220,0.349877
221,0.349877
222,0.349877
223,0.350598
224,0.350598
225,0.350598
226,0.349873
227,0.349873
228,0.349873
229,0.349947
230,0.349947
231,0.349947
232,0.349513
233,0.349513
234,0.349513
235,0.349947
236,0.349947
237,0.349947
238,0.349481
239,0.349481
240,0.349481
241,0.347702
242,0.347702
243,0.347702
244,0.348098
245,0.348098
246,0.348098
247,0.34751
248,0.34751
249,0.34751
250,0.349168
251,0.349168
252,0.349168
253,0.349148
254,0.349148
255,0.349148
256,0.349469
257,0.349469
258,0.349469
259,0.349501
260,0.349501
261,0.349501
262,0.348944
263,0.348944
264,0.348944
265,0.34778
266,0.34778
267,0.34778
268,0.347134
269,0.347134
270,0.347134
271,0.342302
272,0.342302
273,0.342302
274,0.342435
275,0.342435
276,0.342435
277,0.340903
278,0.340903
279,0.340903
280,0.340354
281,0.340354
282,0.340354
283,0.343446
284,0.343446
285,0.343446
286,0.34512
287,0.34512
288,0.34512
289,0.34664
290,0.34664
291,0.34664
292,0.345135
293,0.345135
294,0.345135
295,0.339849
296,0.339849
297,0.339849
298,0.337976
299,0.337976
300,0.337976
301,0.336232
302,0.336232
303,0.336232
304,0.335926
305,0.335926
306,0.335926
307,0.336628
308,0.336628
309,0.336628
310,0.336976
311,0.336976
312,0.336976
313,0.336843
314,0.336843
315,0.336843
316,0.337929
317,0.337929
318,0.337929
319,0.337458
320,0.337458
321,0.337458
322,0.340644
323,0.340644
324,0.340644
325,0.341177
326,0.341177
327,0.341177
328,0.34162
329,0.34162
330,0.34162
331,0.34171
332,0.34171
333,0.34171
334,0.342361
335,0.342361
336,0.342361
337,0.342666
338,0.342666
339,0.342666
340,0.34296
341,0.34296
342,0.34296
343,0.345359
344,0.345359
345,0.345359
346,0.352659
347,0.352659
348,0.352659
349,0.359686
350,0.359686
351,0.359686
352,0.364776
353,0.364776
354,0.364776
355,0.369647
356,0.369647
357,0.369647
358,0.373981
359,0.373981
360,0.373981
361,0.377406
362,0.377406
363,0.377406
364,0.378503
365,0.378503
366,0.378503
367,0.37714
368,0.37714
369,0.37714
370,0.368601
371,0.368601
372,0.368601
373,0.368573
374,0.368573
375,0.368573
376,0.366653
377,0.366653
378,0.366653
379,0.363973
380,0.363973
381,0.363973
382,0.361845
383,0.361845
384,0.361845
385,0.361284
386,0.361284
387,0.361284
388,0.36556
389,0.36556
390,0.36556
391,0.37259
392,0.37259
393,0.37259
394,0.381062
395,0.381062
396,0.381062
397,0.38428
398,0.38428
399,0.38428
400,0.38968
401,0.38968
402,0.38968
403,0.394903
404,0.394903
405,0.394903
406,0.398626
407,0.398626
408,0.398626
409,0.406264
410,0.406264
411,0.406264
412,0.412941
413,0.412941
414,0.412941
415,0.422883
416,0.422883
417,0.422883
418,0.430019
419,0.430019
420,0.430019
421,0.437966
422,0.437966
423,0.437966
424,0.448245
425,0.448245
426,0.448245
427,0.461569
428,0.461569
429,0.461569
430,0.475285
431,0.475285
432,0.475285
433,0.489972
434,0.489972
435,0.489972
436,0.502179
437,0.502179
438,0.502179
439,0.514734
440,0.514734
441,0.514734
442,0.525017
443,0.525017
444,0.525017
445,0.538541
446,0.538541
447,0.538541
448,0.544885
449,0.544885
450,0.544885
451,0.552143
452,0.552143
453,0.552143
454,0.556018
455,0.556018
456,0.556018
457,0.560991
458,0.560991
459,0.560991
460,0.567136
461,0.567136
462,0.567136
463,0.572842
464,0.572842
465,0.572842
466,0.5789
467,0.5789
468,0.5789
469,0.58122
470,0.58122
471,0.58122
472,0.596812
473,0.596812
474,0.596812
475,0.5976
476,0.5976
477,0.5976
478,0.599779
479,0.599779
480,0.599779
481,0.602342
482,0.602342
483,0.602342
484,0.602216
485,0.602216
486,0.602216
487,0.60215
488,0.60215
489,0.60215
490,0.602824
491,0.602824
492,0.602824
493,0.6034
494,0.6034
495,0.6034
496,0.602585
497,0.602585
498,0.602585
499,0.603271
500,0.603271
501,0.603271
502,0.602487
503,0.602487
504,0.602487
505,0.602781
506,0.602781
507,0.602781
508,0.600586
509,0.600586
510,0.600586
511,0.599708
512,0.599708
513,0.599708
514,0.60282
515,0.60282
516,0.60282
517,0.614408
518,0.614408
519,0.614408
520,0.644637
521,0.644637
522,0.644637
523,0.656808
524,0.656808
525,0.656808
526,0.673886
527,0.673886
528,0.673886
529,0.682782
530,0.682782
531,0.682782
532,0.689502
533,0.689502
534,0.689502
535,0.691344
536,0.691344
537,0.691344
538,0.692175
539,0.692175
540,0.692175
541,0.693531
542,0.693531
543,0.693531
544,0.695835
545,0.695835
546,0.695835
547,0.708716
548,0.708716
549,0.708716
550,0.706537
551,0.706537
552,0.706537
553,0.70591
554,0.70591
555,0.70591
556,0.702231
557,0.702231
558,0.702231
559,0.699895
560,0.699895
561,0.699895
562,0.699723
563,0.699723
564,0.699723
565,0.700232
566,0.700232
567,0.700232
568,0.700534
569,0.700534
570,0.700534
571,0.69558
572,0.69558
573,0.69558
574,0.695467
575,0.695467
576,0.695467
577,0.694256
578,0.694256
579,0.694256
580,0.693523
581,0.693523
582,0.693523
583,0.692387
584,0.692387
585,0.692387
586,0.691971
587,0.691971
588,0.691971
589,0.693166
590,0.693166
591,0.693166
592,0.693268
593,0.693268
594,0.693268
595,0.717373
596,0.717373
597,0.717373
598,0.730818
599,0.730818
600,0.730818
601,0.736206
602,0.736206
603,0.736206
604,0.738463
605,0.738463
606,0.738463
607,0.742974
608,0.742974
609,0.742974
610,0.756293
611,0.756293
612,0.756293
613,0.760181
614,0.760181
615,0.760181
616,0.763625
617,0.763625
618,0.763625
619,0.763594
620,0.763594
621,0.763594
622,0.78347
623,0.78347
624,0.78347
625,0.783431
626,0.783431
627,0.783431
628,0.784093
629,0.784093
630,0.784093
631,0.790351
632,0.790351
633,0.790351
634,0.798059
635,0.798059
636,0.798059
637,0.801339
638,0.801339
639,0.801339
640,0.805211
641,0.805211
642,0.805211
643,0.806387
644,0.806387
645,0.806387
646,0.818147
647,0.818147
648,0.818147
649,0.817351
650,0.817351
651,0.817351
652,0.817877
653,0.817877
654,0.817877
655,0.825212
656,0.825212
657,0.825212
658,0.825522
659,0.825522
660,0.825522
661,0.823065
662,0.823065
663,0.823065
664,0.824099
665,0.824099
666,0.824099
667,0.821568
668,0.821568
669,0.821568
670,0.820443
671,0.820443
672,0.820443
673,0.819366
674,0.819366
675,0.819366
676,0.818409
677,0.818409
678,0.818409
679,0.818758
680,0.818758
681,0.818758
682,0.817669
683,0.817669
684,0.817669
685,0.815647
686,0.815647
687,0.815647
688,0.812763
689,0.812763
690,0.812763
691,0.809091
692,0.809091
693,0.809091
694,0.810078
695,0.810078
696,0.810078
697,0.813127
698,0.813127
699,0.813127
700,0.811125
701,0.811125
702,0.811125
703,0.812543
704,0.812543
705,0.812543
706,0.819871
707,0.819871
708,0.819871
709,0.82205
710,0.82205
711,0.82205
712,0.826439
713,0.826439
714,0.826439
715,0.827411
716,0.827411
717,0.827411
718,0.828665
719,0.828665
720,0.828665
721,0.837795
722,0.837795
723,0.837795
724,0.838176
725,0.838176
726,0.838176
727,0.838638
728,0.838638
729,0.838638
730,0.838983
731,0.838983
732,0.838983
733,0.839198
734,0.839198
735,0.839198
736,0.839002
737,0.839002
738,0.839002
739,0.838646
740,0.838646
741,0.838646
742,0.838634
743,0.838634
744,0.838634
745,0.8399
746,0.8399
747,0.8399
748,0.83981
749,0.83981
750,0.83981
751,0.840253
752,0.840253
753,0.840253
754,0.840084
755,0.840084
756,0.840084
757,0.840601
758,0.840601
759,0.840601
760,0.84115
761,0.84115
762,0.84115
763,0.841303
764,0.841303
765,0.841303
766,0.841934
767,0.841934
768,0.841934
769,0.84229
770,0.84229
771,0.84229
772,0.846495
773,0.846495
774,0.846495
775,0.846397
776,0.846397
777,0.846397
778,0.846397
779,0.846397
780,0.846397
781,0.846307
782,0.846307
783,0.846307
784,0.845735
785,0.845735
786,0.845735
787,0.845406
788,0.845406
789,0.845406
790,0.845464
791,0.845464
792,0.845464
793,0.844908
794,0.844908
795,0.844908
796,0.842553
797,0.842553
798,0.842553
799,0.842326
800,0.842326
801,0.842326
802,0.841354
803,0.841354
804,0.841354
805,0.841887
806,0.841887
807,0.841887
808,0.841381
809,0.841381
810,0.841381
811,0.839645
812,0.839645
813,0.839645
814,0.841718
815,0.841718
816,0.841718
817,0.843678
818,0.843678
819,0.843678
820,0.8455
821,0.8455
822,0.8455
823,0.845574
824,0.845574
825,0.845574
826,0.846562
827,0.846562
828,0.846562
829,0.847643
830,0.847643
831,0.847643
832,0.847988
833,0.847988
834,0.847988
835,0.848505
836,0.848505
837,0.848505
838,0.848866
839,0.848866
840,0.848866
841,0.849277
842,0.849277
843,0.849277
844,0.849779
845,0.849779
846,0.849779
847,0.850798
848,0.850798
849,0.850798
850,0.8507
851,0.8507
852,0.8507
853,0.850919
854,0.850919
855,0.850919
856,0.85077
857,0.85077
858,0.85077
859,0.850598
860,0.850598
861,0.850598
862,0.850422
863,0.850422
864,0.850422
865,0.850089
866,0.850089
867,0.850089
868,0.850437
869,0.850437
870,0.850437
871,0.849034
872,0.849034
873,0.849034
874,0.848423
875,0.848423
876,0.848423
877,0.848513
878,0.848513
879,0.848513
880,0.849332
881,0.849332
882,0.849332
883,0.849324
884,0.849324
885,0.849324
886,0.849732
887,0.849732
888,0.849732
889,0.850265
890,0.850265
891,0.850265
892,0.850347
893,0.850347
894,0.850347
895,0.850484
896,0.850484
897,0.850484
898,0.850951
899,0.850951
900,0.850951
901,0.850821
902,0.850821
903,0.850821
904,0.850833
905,0.850833
906,0.850833
907,0.852193
908,0.852193
909,0.852193
910,0.852295
911,0.852295
912,0.852295
913,0.852314
914,0.852314
915,0.852314
916,0.852824
917,0.852824
918,0.852824
919,0.851542
920,0.851542
921,0.851542
922,0.851593
923,0.851593
924,0.851593
925,0.851895
926,0.851895
927,0.851895
928,0.851805
929,0.851805
930,0.851805
931,0.850312
932,0.850312
933,0.850312
934,0.85061
935,0.85061
936,0.85061
937,0.850045
938,0.850045
939,0.850045
940,0.849395
941,0.849395
942,0.849395
943,0.848772
944,0.848772
945,0.848772
946,0.848768
947,0.848768
948,0.848768
949,0.848968
950,0.848968
951,0.848968
952,0.848878
953,0.848878
954,0.848878
955,0.850265
956,0.850265
957,0.850265
958,0.849673
959,0.849673
960,0.849673
961,0.850006
962,0.850006
963,0.850006
964,0.850065
965,0.850065
966,0.850065
967,0.850469
968,0.850469
969,0.850469
970,0.850335
971,0.850335
972,0.850335
973,0.849755
974,0.849755
975,0.849755
976,0.849168
977,0.849168
978,0.849168
979,0.848427
980,0.848427
981,0.848427
982,0.847212
983,0.847212
984,0.847212
985,0.848368
986,0.848368
987,0.848368
988,0.848956
989,0.848956
990,0.848956
991,0.848866
992,0.848866
993,0.848866
994,0.848948
995,0.848948
996,0.848948
997,0.848682
998,0.848682
999,0.848682
1000,0.849477
1001,0.849477
1002,0.849477
1003,0.849775
1004,0.849775
1005,0.849775
1006,0.849951
1007,0.849951
1008,0.849951
1009,0.849591
1010,0.849591
1011,0.849591
1012,0.84693
1013,0.84693
1014,0.84693
1015,0.846946
1016,0.846946
1017,0.846946
1018,0.847114
1019,0.847114
1020,0.847114
1021,0.848055
1022,0.848055
1023,0.848055
1024,0.847424
1025,0.847424
1026,0.847424
1027,0.84673
1028,0.84673
1029,0.84673
1030,0.84691
1031,0.84691
1032,0.84691
1033,0.846773
1034,0.846773
1035,0.846773
1036,0.848454
1037,0.848454
1038,0.848454
1039,0.847855
1040,0.847855
1041,0.847855
1042,0.84791
1043,0.84791
1044,0.84791
1045,0.848106
1046,0.848106
1047,0.848106
1048,0.848019
1049,0.848019
1050,0.848019
1051,0.847863
1052,0.847863
1053,0.847863
1054,0.847882
1055,0.847882
1056,0.847882
1057,0.847871
1058,0.847871
1059,0.847871
1060,0.848302
1061,0.848302
1062,0.848302
1063,0.846765
1064,0.846765
1065,0.846765
1066,0.846961
1067,0.846961
1068,0.846961
1069,0.846989
1070,0.846989
1071,0.846989
1072,0.847616
1073,0.847616
1074,0.847616
1075,0.847651
1076,0.847651
1077,0.847651
1078,0.847773
1079,0.847773
1080,0.847773
1081,0.847506
1082,0.847506
1083,0.847506
1084,0.847334
1085,0.847334
1086,0.847334
1087,0.846381
1088,0.846381
1089,0.846381
1090,0.846491
1091,0.846491
1092,0.846491
1093,0.846491
1094,0.846491
1095,0.846491
1096,0.84646
1097,0.84646
1098,0.84646
1099,0.846652
1100,0.846652
1101,0.846652
1102,0.846315
1103,0.846315
1104,0.846315
1105,0.846189
1106,0.846189
1107,0.846189
1108,0.845974
1109,0.845974
1110,0.845974
1111,0.846358
1112,0.846358
1113,0.846358
1114,0.846758
1115,0.846758
1116,0.846758
1117,0.846523
1118,0.846523
1119,0.846523
1120,0.847353
1121,0.847353
1122,0.847353
1123,0.847247
1124,0.847247
1125,0.847247
1126,0.847024
1127,0.847024
1128,0.847024
1129,0.845606
1130,0.845606
1131,0.845606
1132,0.844967
1133,0.844967
1134,0.844967
1135,0.84541
1136,0.84541
1137,0.84541
1138,0.845594
1139,0.845594
1140,0.845594
1141,0.845801
1142,0.845801
1143,0.845801
1144,0.84577
1145,0.84577
1146,0.84577
1147,0.844802
1148,0.844802
1149,0.844802
1150,0.845558
1151,0.845558
1152,0.845558
1153,0.847055
1154,0.847055
1155,0.847055
1156,0.846887
1157,0.846887
1158,0.846887
1159,0.846581
1160,0.846581
1161,0.846581
1162,0.844971
1163,0.844971
1164,0.844971
1165,0.844489
1166,0.844489
1167,0.844489
1168,0.845308
1169,0.845308
1170,0.845308
1171,0.846648
1172,0.846648
1173,0.846648
1174,0.847436
1175,0.847436
1176,0.847436
1177,0.847773
1178,0.847773
1179,0.847773
1180,0.847169
1181,0.847169
1182,0.847169
1183,0.84724
1184,0.84724
1185,0.84724
1186,0.846875
1187,0.846875
1188,0.846875
1189,0.846981
1190,0.846981
1191,0.846981
1192,0.846867
1193,0.846867
1194,0.846867
1195,0.847106
1196,0.847106
1197,0.847106
1198,0.847228
1199,0.847228
1200,0.847228
1201,0.846577
1202,0.846577
1203,0.846577
1204,0.846852
1205,0.846852
1206,0.846852
1207,0.846534
1208,0.846534
1209,0.846534
1210,0.846609
1211,0.846609
1212,0.846609
1213,0.848537
1214,0.848537
1215,0.848537
1216,0.848259
1217,0.848259
1218,0.848259
1219,0.848184
1220,0.848184
1221,0.848184
1222,0.847921
1223,0.847921
1224,0.847921
1225,0.847592
1226,0.847592
1227,0.847592
1228,0.84769
1229,0.84769
1230,0.84769
1231,0.847722
1232,0.847722
1233,0.847722
1234,0.847146
1235,0.847146
1236,0.847146
1237,0.844955
1238,0.844955
1239,0.844955
1240,0.845026
1241,0.845026
1242,0.845026
1243,0.844947
1244,0.844947
1245,0.844947
1246,0.845594
1247,0.845594
1248,0.845594
1249,0.84588
1250,0.84588
1251,0.84588
1252,0.845778
1253,0.845778
1254,0.845778
1255,0.846119
1256,0.846119
1257,0.846119
1258,0.846174
1259,0.846174
1260,0.846174
1261,0.846217
1262,0.846217
1263,0.846217
1264,0.846091
1265,0.846091
1266,0.846091
1267,0.845876
1268,0.845876
1269,0.845876
1270,0.845935
1271,0.845935
1272,0.845935
1273,0.846041
1274,0.846041
1275,0.846041
1276,0.846538
1277,0.846538
1278,0.846538
1279,0.847365
1280,0.847365
1281,0.847365
1282,0.847412
1283,0.847412
1284,0.847412
1285,0.847287
1286,0.847287
1287,0.847287
1288,0.845829
1289,0.845829
1290,0.845829
1291,0.845672
1292,0.845672
1293,0.845672
1294,0.845758
1295,0.845758
1296,0.845758
1297,0.845045
1298,0.845045
1299,0.845045
1300,0.846056
1301,0.846056
1302,0.846056
1303,0.846562
1304,0.846562
1305,0.846562
1306,0.846695
1307,0.846695
1308,0.846695
1309,0.84662
1310,0.84662
1311,0.84662
1312,0.846479
1313,0.846479
1314,0.846479
1315,0.845555
1316,0.845555
1317,0.845555
1318,0.846041
1319,0.846041
1320,0.846041
1321,0.846064
1322,0.846064
1323,0.846064
1324,0.846848
1325,0.846848
1326,0.846848
1327,0.846342
1328,0.846342
1329,0.846342
1330,0.846828
1331,0.846828
1332,0.846828
1333,0.846495
1334,0.846495
1335,0.846495
1336,0.84686
1337,0.84686
1338,0.84686
1339,0.847083
1340,0.847083
1341,0.847083
1342,0.847424
1343,0.847424
1344,0.847424
1345,0.847032
1346,0.847032
1347,0.847032
1348,0.846938
1349,0.846938
1350,0.846938
1351,0.846033
1352,0.846033
1353,0.846033
1354,0.846276
1355,0.846276
1356,0.846276
1357,0.846358
1358,0.846358
1359,0.846358
1360,0.846323
1361,0.846323
1362,0.846323
1363,0.845982
1364,0.845982
1365,0.845982
1366,0.845433
1367,0.845433
1368,0.845433
1369,0.84461
1370,0.84461
1371,0.84461
1372,0.845954
1373,0.845954
1374,0.845954
1375,0.846017
1376,0.846017
1377,0.846017
1378,0.846029
1379,0.846029
1380,0.846029
1381,0.846452
1382,0.846452
1383,0.846452
1384,0.846432
1385,0.846432
1386,0.846432
1387,0.846272
1388,0.846272
1389,0.846272
1390,0.846542
1391,0.846542
1392,0.846542
1393,0.847357
1394,0.847357
1395,0.847357
1396,0.848631
1397,0.848631
1398,0.848631
1399,0.849097
1400,0.849097
1401,0.849097
1402,0.849156
1403,0.849156
1404,0.849156
1405,0.84974
1406,0.84974
1407,0.84974
1408,0.849947
1409,0.849947
1410,0.849947
1411,0.850026
1412,0.850026
1413,0.850026
1414,0.849936
1415,0.849936
1416,0.849936
1417,0.850445
1418,0.850445
1419,0.850445
1420,0.850669
1421,0.850669
1422,0.850669
1423,0.851335
1424,0.851335
1425,0.851335
1426,0.851809
1427,0.851809
1428,0.851809
1429,0.852146
1430,0.852146
1431,0.852146
1432,0.851147
1433,0.851147
1434,0.851147
1435,0.851064
1436,0.851064
1437,0.851064
1438,0.852945
1439,0.852945
1440,0.852945
1441,0.853525
1442,0.853525
1443,0.853525
1444,0.854423
1445,0.854423
1446,0.854423
1447,0.85704
1448,0.85704
1449,0.85704
1450,0.856743
1451,0.856743
1452,0.856743
1453,0.856668
1454,0.856668
1455,0.856668
1456,0.856837
1457,0.856837
1458,0.856837
1459,0.856527
1460,0.856527
1461,0.856527
1462,0.857848
1463,0.857848
1464,0.857848
1465,0.857867
1466,0.857867
1467,0.857867
1468,0.85947
1469,0.85947
1470,0.85947
1471,0.861704
1472,0.861704
1473,0.861704
1474,0.861817
1475,0.861817
1476,0.861817
1477,0.862754
1478,0.862754
1479,0.862754
1480,0.861904
1481,0.861904
1482,0.861904
1483,0.866132
1484,0.866132
1485,0.866132
1486,0.866994
1487,0.866994
1488,0.866994
1489,0.868707
1490,0.868707
1491,0.868707
1492,0.87279
1493,0.87279
1494,0.87279
1495,0.878868
1496,0.878868
1497,0.878868
1498,0.878229
1499,0.878229
1500,0.878229
1501,0.871928
1502,0.871928
1503,0.871928
1504,0.868287
1505,0.868287
1506,0.868287
1507,0.867476
1508,0.867476
1509,0.867476
1510,0.866661
1511,0.866661
1512,0.866661
1513,0.871599
1514,0.871599
1515,0.871599
1516,0.873448
1517,0.873448
1518,0.873448
1519,0.875176
1520,0.875176
1521,0.875176
1522,0.871602
1523,0.871602
1524,0.871602
1525,0.873856
1526,0.873856
1527,0.873856
1528,0.879322
1529,0.879322
1530,0.879322
1531,0.878253
1532,0.878253
1533,0.878253
1534,0.879377
1535,0.879377
1536,0.879377
1537,0.878006
1538,0.878006
1539,0.878006
1540,0.874169
1541,0.874169
1542,0.874169
1543,0.873166
1544,0.873166
1545,0.873166
1546,0.87549
1547,0.87549
1548,0.87549
1549,0.876767
1550,0.876767
1551,0.876767
1552,0.877716
1553,0.877716
1554,0.877716
1555,0.880255
1556,0.880255
1557,0.880255
1558,0.883504
1559,0.883504
1560,0.883504
1561,0.882516
1562,0.882516
1563,0.882516
1564,0.875545
1565,0.875545
1566,0.875545
1567,0.874859
1568,0.874859
1569,0.874859
1570,0.877688
1571,0.877688
1572,0.877688
1573,0.876771
1574,0.876771
1575,0.876771
1576,0.878186
1577,0.878186
1578,0.878186
1579,0.876795
1580,0.876795
1581,0.876795
1582,0.880514
1583,0.880514
1584,0.880514
1585,0.884276
1586,0.884276
1587,0.884276
1588,0.883386
1589,0.883386
1590,0.883386
1591,0.882148
1592,0.882148
1593,0.882148
1594,0.872582
1595,0.872582
1596,0.872582
1597,0.86601
1598,0.86601
1599,0.86601
1600,0.858114
1601,0.858114
1602,0.858114
1603,0.858788
1604,0.858788
1605,0.858788
1606,0.86123
1607,0.86123
1608,0.86123
1609,0.858851
1610,0.858851
1611,0.858851
1612,0.862676
1613,0.862676
1614,0.862676
1615,0.86817
1616,0.86817
1617,0.86817
1618,0.865121
1619,0.865121
1620,0.865121
1621,0.860787
1622,0.860787
1623,0.860787
1624,0.86701
1625,0.86701
1626,0.86701
1627,0.867021
1628,0.867021
1629,0.867021
1630,0.865407
1631,0.865407
1632,0.865407
1633,0.863177
1634,0.863177
1635,0.863177
1636,0.862566
1637,0.862566
1638,0.862566
1639,0.867739
1640,0.867739
1641,0.867739
1642,0.868585
1643,0.868585
1644,0.868585
1645,0.866379
1646,0.866379
1647,0.866379
1648,0.865117
1649,0.865117
1650,0.865117
1651,0.861665
1652,0.861665
1653,0.861665
1654,0.855986
1655,0.855986
1656,0.855986
1657,0.852169
1658,0.852169
1659,0.852169
1660,0.850288
1661,0.850288
1662,0.850288
1663,0.857479
1664,0.857479
1665,0.857479
1666,0.856468
1667,0.856468
1668,0.856468
1669,0.85918
1670,0.85918
1671,0.85918
1672,0.861923
1673,0.861923
1674,0.861923
1675,0.863593
1676,0.863593
1677,0.863593
1678,0.856605
1679,0.856605
1680,0.856605
1681,0.850061
1682,0.850061
1683,0.850061
1684,0.840511
1685,0.840511
1686,0.840511
1687,0.835389
1688,0.835389
1689,0.835389
1690,0.836608
1691,0.836608
1692,0.836608
1693,0.84307
1694,0.84307
1695,0.84307
1696,0.837411
1697,0.837411
1698,0.837411
1699,0.837776
1700,0.837776
1701,0.837776
1702,0.831416
1703,0.831416
1704,0.831416
1705,0.832787
1706,0.832787
1707,0.832787
1708,0.843395
1709,0.843395
1710,0.843395
1711,0.844426
1712,0.844426
1713,0.844426
1714,0.839312
1715,0.839312
1716,0.839312
1717,0.834241
1718,0.834241
1719,0.834241
1720,0.835197
1721,0.835197
1722,0.835197
1723,0.836851
1724,0.836851
1725,0.836851
1726,0.848039
1727,0.848039
1728,0.848039
1729,0.855986
1730,0.855986
1731,0.855986
1732,0.850641
1733,0.850641
1734,0.850641
1735,0.823915
1736,0.823915
1737,0.823915
1738,0.798875
1739,0.798875
1740,0.798875
1741,0.780362
1742,0.780362
1743,0.780362
1744,0.763006
1745,0.763006
1746,0.763006
1747,0.766702
1748,0.766702
1749,0.766702
1750,0.715695
1751,0.715695
1752,0.715695
1753,0.668181
1754,0.668181
1755,0.668181
1756,0.648697
1757,0.648697
1758,0.648697
1759,0.636172
1760,0.636172
1761,0.636172
1762,0.612907
1763,0.612907
1764,0.612907
1765,0.589896
1766,0.589896
1767,0.589896
1768,0.611233
1769,0.611233
1770,0.611233
1771,0.63098
1772,0.63098
1773,0.63098
1774,0.659222
1775,0.659222
1776,0.659222
1777,0.689287
1778,0.689287
1779,0.689287
1780,0.705585
1781,0.705585
1782,0.705585
1783,0.697532
1784,0.697532
1785,0.697532
1786,0.685384
1787,0.685384
1788,0.685384
1789,0.684173
1790,0.684173
1791,0.684173
1792,0.66358
1793,0.66358
1794,0.66358
1795,0.643038
1796,0.643038
1797,0.643038
1798,0.625466
1799,0.625466
1800,0.625466
1801,0.624075
1802,0.624075
1803,0.624075
1804,0.626419
1805,0.626419
1806,0.626419
1807,0.63321
1808,0.63321
1809,0.63321
1810,0.631826
1811,0.631826
1812,0.631826
1813,0.623789
1814,0.623789
1815,0.623789
1816,0.620105
1817,0.620105
1818,0.620105
1819,0.606359
1820,0.606359
1821,0.606359
1822,0.590531
1823,0.590531
1824,0.590531
1825,0.578539
1826,0.578539
1827,0.578539
1828,0.555011
1829,0.555011
1830,0.555011
1831,0.545324
1832,0.545324
1833,0.545324
1834,0.532886
1835,0.532886
1836,0.532886
1837,0.518316
1838,0.518316
1839,0.518316
1840,0.526232
1841,0.526232
1842,0.526232
1843,0.52805
1844,0.52805
1845,0.52805
1846,0.533928
1847,0.533928
1848,0.533928
1849,0.541108
1850,0.541108
1851,0.541108
1852,0.540124
1853,0.540124
1854,0.540124
1855,0.522215
1856,0.522215
1857,0.522215
1858,0.508116
1859,0.508116
1860,0.508116
1861,0.491222
1862,0.491222
1863,0.491222
1864,0.484333
1865,0.484333
1866,0.484333
1867,0.458356
1868,0.458356
1869,0.458356
1870,0.448876
1871,0.448876
1872,0.448876
1873,0.459014
1874,0.459014
1875,0.459014
1876,0.477992
1877,0.477992
1878,0.477992
1879,0.496638
1880,0.496638
1881,0.496638
1882,0.513966
1883,0.513966
1884,0.513966
1885,0.494655
1886,0.494655
1887,0.494655
1888,0.497371
1889,0.497371
1890,0.497371
1891,0.517689
1892,0.517689
1893,0.517689
1894,0.542687
1895,0.542687
1896,0.542687
1897,0.539046
1898,0.539046
1899,0.539046
1900,0.526886
1901,0.526886
1902,0.526886
1903,0.558005
1904,0.558005
1905,0.558005
1906,0.617966
1907,0.617966
1908,0.617966
1909,0.671931
1910,0.671931
1911,0.671931
1912,0.692649
1913,0.692649
1914,0.692649
1915,0.713952
1916,0.713952
1917,0.713952
1918,0.740454
1919,0.740454
1920,0.740454
1921,0.7533
1922,0.7533
1923,0.7533
1924,0.754832
1925,0.754832
1926,0.754832
1927,0.698159
1928,0.698159
1929,0.698159
1930,0.65249
1931,0.65249
1932,0.65249
1933,0.544333
1934,0.544333
1935,0.544333
1936,0.47336
1937,0.47336
1938,0.47336
1939,0.44426
1940,0.44426
1941,0.44426
1942,0.41925
1943,0.41925
1944,0.41925
1945,0.420007
1946,0.420007
1947,0.420007
1948,0.392744
1949,0.392744
1950,0.392744
1951,0.373746
1952,0.373746
1953,0.373746
1954,0.359278
1955,0.359278
1956,0.359278
1957,0.349881
1958,0.349881
1959,0.349881
1960,0.335072
1961,0.335072
1962,0.335072
1963,0.328912
1964,0.328912
1965,0.328912
1966,0.315835
1967,0.315835
1968,0.315835
1969,0.303514
1970,0.303514
1971,0.303514
1972,0.27912
1973,0.27912
1974,0.27912
1975,0.242833
1976,0.242833
1977,0.242833
1978,0.22338
1979,0.22338
1980,0.22338
1981,0.21144
1982,0.21144
1983,0.21144
1984,0.202082
1985,0.202082
1986,0.202082
1987,0.174995
1988,0.174995
1989,0.174995
1990,0.175234
1991,0.175234
1992,0.175234
1993,0.174909
1994,0.174909
1995,0.174909
1996,0.174866
1997,0.174866
1998,0.174866
1999,0.170171
2000,0.170171
2001,0.170171
2002,0.172824
2003,0.172824
2004,0.172824
2005,0.195263
2006,0.195263
2007,0.195263
2008,0.22818
2009,0.22818
2010,0.22818
2011,0.267952
2012,0.267952
2013,0.267952
2014,0.327211
2015,0.327211
2016,0.327211
2017,0.403779
2018,0.403779
2019,0.403779
2020,0.469289
2021,0.469289
2022,0.469289
2023,0.501748
2024,0.501748
2025,0.501748
2026,0.5766
2027,0.5766
2028,0.5766
2029,0.652894
2030,0.652894
2031,0.652894
2032,0.682872
2033,0.682872
2034,0.682872
2035,0.680822
2036,0.680822
2037,0.680822
2038,0.686728
2039,0.686728
2040,0.686728
2041,0.697183
2042,0.697183
2043,0.697183
2044,0.580946
2045,0.580946
2046,0.580946
2047,0.509217
2048,0.509217
2049,0.509217
2050,0.455757
2051,0.455757
2052,0.455757
2053,0.410856
2054,0.410856
2055,0.410856
2056,0.375631
2057,0.375631
2058,0.375631
2059,0.334637
2060,0.334637
2061,0.334637
2062,0.287832
2063,0.287832
2064,0.287832
2065,0.278971
2066,0.278971
2067,0.278971
2068,0.271283
2069,0.271283
2070,0.271283
2071,0.273493
2072,0.273493
2073,0.273493
2074,0.267321
2075,0.267321
2076,0.267321
2077,0.247053
2078,0.247053
2079,0.247053
2080,0.214806
2081,0.214806
2082,0.214806
2083,0.188562
2084,0.188562
2085,0.188562
2086,0.168565
2087,0.168565
2088,0.168565
2089,0.168859
2090,0.168859
2091,0.168859
2092,0.168114
2093,0.168114
2094,0.168114
2095,0.168353
2096,0.168353
2097,0.168353
2098,0.169176
2099,0.169176
2100,0.169176
2101,0.174235
2102,0.174235
2103,0.174235
2104,0.188139
2105,0.188139
2106,0.188139
2107,0.207294
2108,0.207294
2109,0.207294
2110,0.235371
2111,0.235371
2112,0.235371
2113,0.292322
2114,0.292322
2115,0.292322
2116,0.359803
2117,0.359803
2118,0.359803
2119,0.483682
2120,0.483682
2121,0.483682
2122,0.566681
2123,0.566681
2124,0.566681
2125,0.678816
2126,0.678816
2127,0.678816
2128,0.779508
2129,0.779508
2130,0.779508
2131,0.827552
2132,0.827552
2133,0.827552
2134,0.857773
2135,0.857773
2136,0.857773
2137,0.891612
2138,0.891612
2139,0.891612
2140,0.892775
2141,0.892775
2142,0.892775
2143,0.889868
2144,0.889868
2145,0.889868
2146,0.884836
2147,0.884836
2148,0.884836
2149,0.891008
2150,0.891008
2151,0.891008
2152,0.859979
2153,0.859979
2154,0.859979
2155,0.784528
2156,0.784528
2157,0.784528
2158,0.71305
2159,0.71305
2160,0.71305
2161,0.647243
2162,0.647243
2163,0.647243
2164,0.649641
2165,0.649641
2166,0.649641
2167,0.649994
2168,0.649994
2169,0.649994
2170,0.645856
2171,0.645856
2172,0.645856
2173,0.638093
2174,0.638093
2175,0.638093
2176,0.584962
2177,0.584962
2178,0.584962
2179,0.523246
2180,0.523246
2181,0.523246
2182,0.418388
2183,0.418388
2184,0.418388
2185,0.363256
2186,0.363256
2187,0.363256
2188,0.301524
2189,0.301524
2190,0.301524
2191,0.277545
2192,0.277545
2193,0.277545
2194,0.257571
2195,0.257571
2196,0.257571
2197,0.235826
2198,0.235826
2199,0.235826
2200,0.219732
2201,0.219732
2202,0.219732
2203,0.202854
2204,0.202854
2205,0.202854
2206,0.195784
2207,0.195784
2208,0.195784
2209,0.19105
2210,0.19105
2211,0.19105
2212,0.17324
2213,0.17324
2214,0.17324
2215,0.167507
2216,0.167507
2217,0.167507
2218,0.163039
2219,0.163039
2220,0.163039
2221,0.163118
2222,0.163118
2223,0.163118
2224,0.161981
2225,0.161981
2226,0.161981
2227,0.162886
2228,0.162886
2229,0.162886
2230,0.162412
2231,0.162412
2232,0.162412
2233,0.162941
2234,0.162941
2235,0.162941
2236,0.163004
2237,0.163004
2238,0.163004
2239,0.163631
2240,0.163631
2241,0.163631
2242,0.164662
2243,0.164662
2244,0.164662
2245,0.165222
2246,0.165222
2247,0.165222
2248,0.166958
2249,0.166958
2250,0.166958
2251,0.166429
2252,0.166429
2253,0.166429
2254,0.167985
2255,0.167985
2256,0.167985
2257,0.166801
2258,0.166801
2259,0.166801
2260,0.168984
2261,0.168984
2262,0.168984
2263,0.168843
2264,0.168843
2265,0.168843
2266,0.171124
2267,0.171124
2268,0.171124
2269,0.183758
2270,0.183758
2271,0.183758
2272,0.20602
2273,0.20602
2274,0.20602
2275,0.229638
2276,0.229638
2277,0.229638
2278,0.257908
2279,0.257908
2280,0.257908
2281,0.280453
2282,0.280453
2283,0.280453
2284,0.294082
2285,0.294082
2286,0.294082
2287,0.297205
2288,0.297205
2289,0.297205
2290,0.303232
2291,0.303232
2292,0.303232
2293,0.300963
2294,0.300963
2295,0.300963
2296,0.281805
2297,0.281805
2298,0.281805
2299,0.268833
2300,0.268833
2301,0.268833
2302,0.277012
2303,0.277012
2304,0.277012
2305,0.288078
2306,0.288078
2307,0.288078
2308,0.28943
2309,0.28943
2310,0.28943
2311,0.279947
2312,0.279947
2313,0.279947
2314,0.276522
2315,0.276522
2316,0.276522
2317,0.270801
2318,0.270801
2319,0.270801
2320,0.269147
2321,0.269147
2322,0.269147
2323,0.257305
2324,0.257305
2325,0.257305
2326,0.250933
2327,0.250933
2328,0.250933
2329,0.238044
2330,0.238044
2331,0.238044
2332,0.220261
2333,0.220261
2334,0.220261
2335,0.201741
2336,0.201741
2337,0.201741
2338,0.187915
2339,0.187915
2340,0.187915
2341,0.183534
2342,0.183534
2343,0.183534
2344,0.179608
2345,0.179608
2346,0.179608
2347,0.176673
2348,0.176673
2349,0.176673
2350,0.177139
2351,0.177139
2352,0.177139
2353,0.188429
2354,0.188429
2355,0.188429
2356,0.201537
2357,0.201537
2358,0.201537
2359,0.20689
2360,0.20689
2361,0.20689
2362,0.192524
2363,0.192524
2364,0.192524
2365,0.184545
2366,0.184545
2367,0.184545
2368,0.17737
2369,0.17737
2370,0.17737
2371,0.170971
2372,0.170971
2373,0.170971
2374,0.166492
2375,0.166492
2376,0.166492
2377,0.166445
2378,0.166445
2379,0.166445
2380,0.162169
2381,0.162169
2382,0.162169
2383,0.163055
2384,0.163055
2385,0.163055
2386,0.181771
2387,0.181771
2388,0.181771
2389,0.224234
2390,0.224234
2391,0.224234
2392,0.285668
2393,0.285668
2394,0.285668
2395,0.36322
2396,0.36322
2397,0.36322
2398,0.415457
2399,0.415457
2400,0.415457
2401,0.436783
2402,0.436783
2403,0.436783
2404,0.438343
2405,0.438343
2406,0.438343
2407,0.436179
2408,0.436179
2409,0.436179
2410,0.38948
2411,0.38948
2412,0.38948
2413,0.360293
2414,0.360293
2415,0.360293
2416,0.305074
2417,0.305074
2418,0.305074
2419,0.268924
2420,0.268924
2421,0.268924
2422,0.23188
2423,0.23188
2424,0.23188
2425,0.20294
2426,0.20294
2427,0.20294
2428,0.1827
2429,0.1827
2430,0.1827
2431,0.165986
2432,0.165986
2433,0.165986
2434,0.166405
2435,0.166405
2436,0.166405
2437,0.191148
2438,0.191148
2439,0.191148
2440,0.219195
2441,0.219195
2442,0.219195
2443,0.239909
2444,0.239909
2445,0.239909
2446,0.241336
2447,0.241336
2448,0.241336
2449,0.226527
2450,0.226527
2451,0.226527
2452,0.206306
2453,0.206306
2454,0.206306
2455,0.185807
2456,0.185807
2457,0.185807
2458,0.193621
2459,0.193621
2460,0.193621
2461,0.194656
2462,0.194656
2463,0.194656
2464,0.191572
2465,0.191572
2466,0.191572
2467,0.185991
2468,0.185991
2469,0.185991
2470,0.185239
2471,0.185239
2472,0.185239
2473,0.173428
2474,0.173428
2475,0.173428
2476,0.166535
2477,0.166535
2478,0.166535
2479,0.169525
2480,0.169525
2481,0.169525
2482,0.183185
2483,0.183185
2484,0.183185
2485,0.193331
2486,0.193331
2487,0.193331
2488,0.1877
2489,0.1877
2490,0.1877
2491,0.180066
2492,0.180066
2493,0.180066
2494,0.178601
2495,0.178601
2496,0.178601
2497,0.174043
2498,0.174043
2499,0.174043
2500,0.169791
2501,0.169791
2502,0.169791
2503,0.168404
2504,0.168404
2505,0.168404
2506,0.168808
2507,0.168808
2508,0.168808
2509,0.173675
2510,0.173675
2511,0.173675
2512,0.189679
2513,0.189679
2514,0.189679
2515,0.224897
2516,0.224897
2517,0.224897
2518,0.254154
2519,0.254154
2520,0.254154
2521,0.285461
2522,0.285461
2523,0.285461
2524,0.325835
2525,0.325835
2526,0.325835
2527,0.350688
2528,0.350688
2529,0.350688
2530,0.355489
2531,0.355489
2532,0.355489
2533,0.353898
2534,0.353898
2535,0.353898
2536,0.331823
2537,0.331823
2538,0.331823
2539,0.318229
2540,0.318229
2541,0.318229
2542,0.291641
2543,0.291641
2544,0.291641
2545,0.275284
2546,0.275284
2547,0.275284
2548,0.237464
2549,0.237464
2550,0.237464
2551,0.234897
2552,0.234897
2553,0.234897
2554,0.235183
2555,0.235183
2556,0.235183
2557,0.230692
2558,0.230692
2559,0.230692
2560,0.211914
2561,0.211914
2562,0.211914
2563,0.180944
2564,0.180944
2565,0.180944
2566,0.1655
2567,0.1655
2568,0.1655
2569,0.153717
2570,0.153717
2571,0.153717
2572,0.146588
2573,0.146588
2574,0.146588
2575,0.144398
2576,0.144398
2577,0.144398
2578,0.144417
2579,0.144417
2580,0.144417
2581,0.144613
2582,0.144613
2583,0.144613
2584,0.144551
2585,0.144551
2586,0.144551
2587,0.143673
2588,0.143673
2589,0.143673
2590,0.14417
2591,0.14417
2592,0.14417
2593,0.144284
2594,0.144284
2595,0.144284
2596,0.144339
2597,0.144339
2598,0.144339
2599,0.144386
2600,0.144386
2601,0.144386
2602,0.144186
2603,0.144186
2604,0.144186
2605,0.144527
2606,0.144527
2607,0.144527
2608,0.144555
2609,0.144555
2610,0.144555
2611,0.143038
2612,0.143038
2613,0.143038
2614,0.143285
2615,0.143285
2616,0.143285
2617,0.143206
2618,0.143206
2619,0.143206
2620,0.143289
2621,0.143289
2622,0.143289
2623,0.143442
2624,0.143442
2625,0.143442
2626,0.152212
2627,0.152212
2628,0.152212
2629,0.177872
2630,0.177872
2631,0.177872
2632,0.202536
2633,0.202536
2634,0.202536
2635,0.217651
2636,0.217651
2637,0.217651
2638,0.220711
2639,0.220711
2640,0.220711
2641,0.240764
2642,0.240764
2643,0.240764
2644,0.274249
2645,0.274249
2646,0.274249
2647,0.329934
2648,0.329934
2649,0.329934
2650,0.372543
2651,0.372543
2652,0.372543
2653,0.437939
2654,0.437939
2655,0.437939
2656,0.475888
2657,0.475888
2658,0.475888
2659,0.512763
2660,0.512763
2661,0.512763
2662,0.523446
2663,0.523446
2664,0.523446
2665,0.517117
2666,0.517117
2667,0.517117
2668,0.503515
2669,0.503515
2670,0.503515
2671,0.500004
2672,0.500004
2673,0.500004
2674,0.475625
2675,0.475625
2676,0.475625
2677,0.449064
2678,0.449064
2679,0.449064
2680,0.433276
2681,0.433276
2682,0.433276
2683,0.39486
2684,0.39486
2685,0.39486
2686,0.36025
2687,0.36025
2688,0.36025
2689,0.365842
2690,0.365842
2691,0.365842
2692,0.378938
2693,0.378938
2694,0.378938
2695,0.386309
2696,0.386309
2697,0.386309
2698,0.370537
2699,0.370537
2700,0.370537
2701,0.345433
2702,0.345433
2703,0.345433
2704,0.319593
2705,0.319593
2706,0.319593
2707,0.295975
2708,0.295975
2709,0.295975
2710,0.281248
2711,0.281248
2712,0.281248
2713,0.274817
2714,0.274817
2715,0.274817
2716,0.275535
2717,0.275535
2718,0.275535
2719,0.275664
2720,0.275664
2721,0.275664
2722,0.259487
2723,0.259487
2724,0.259487
2725,0.249099
2726,0.249099
2727,0.249099
2728,0.244443
2729,0.244443
2730,0.244443
2731,0.251971
2732,0.251971
2733,0.251971
2734,0.26439
2735,0.26439
2736,0.26439
2737,0.253166
2738,0.253166
2739,0.253166
2740,0.265883
2741,0.265883
2742,0.265883
2743,0.274183
2744,0.274183
2745,0.274183
2746,0.277345
2747,0.277345
2748,0.277345
2749,0.278493
2750,0.278493
2751,0.278493
2752,0.279061
2753,0.279061
2754,0.279061
2755,0.278991
2756,0.278991
2757,0.278991
2758,0.277353
2759,0.277353
2760,0.277353
2761,0.271302
2762,0.271302
2763,0.271302
2764,0.270287
2765,0.270287
2766,0.270287
2767,0.268806
2768,0.268806
2769,0.268806
2770,0.266937
2771,0.266937
2772,0.266937
2773,0.267822
2774,0.267822
2775,0.267822
2776,0.264331
2777,0.264331
2778,0.264331
2779,0.262015
2780,0.262015
2781,0.262015
2782,0.260161
2783,0.260161
2784,0.260161
2785,0.257497
2786,0.257497
2787,0.257497
2788,0.250204
2789,0.250204
2790,0.250204
2791,0.248574
2792,0.248574
2793,0.248574
2794,0.246438
2795,0.246438
2796,0.246438
2797,0.2448
2798,0.2448
2799,0.2448
2800,0.242727
2801,0.242727
2802,0.242727
2803,0.240834
2804,0.240834
2805,0.240834
2806,0.239694
2807,0.239694
2808,0.239694
2809,0.241104
2810,0.241104
2811,0.241104
2812,0.239635
2813,0.239635
2814,0.239635
2815,0.240325
2816,0.240325
2817,0.240325
2818,0.240936
2819,0.240936
2820,0.240936
2821,0.240572
2822,0.240572
2823,0.240572
2824,0.240301
2825,0.240301
2826,0.240301
2827,0.239631
2828,0.239631
2829,0.239631
2830,0.238616
2831,0.238616
2832,0.238616
2833,0.237766
2834,0.237766
2835,0.237766
2836,0.237777
2837,0.237777
2838,0.237777
2839,0.237919
2840,0.237919
2841,0.237919
2842,0.238483
2843,0.238483
2844,0.238483
2845,0.238557
2846,0.238557
2847,0.238557
2848,0.238471
2849,0.238471
2850,0.238471
2851,0.23889
2852,0.23889
2853,0.23889
2854,0.239345
2855,0.239345
2856,0.239345
2857,0.238687
2858,0.238687
2859,0.238687
2860,0.239588
2861,0.239588
2862,0.239588
2863,0.237985
2864,0.237985
2865,0.237985
2866,0.23922
2867,0.23922
2868,0.23922
2869,0.24018
2870,0.24018
2871,0.24018
2872,0.240289
2873,0.240289
2874,0.240289
2875,0.23967
2876,0.23967
2877,0.23967
2878,0.238502
2879,0.238502
2880,0.238502
2881,0.246117
2882,0.246117
2883,0.246117
2884,0.258492
2885,0.258492
2886,0.258492
2887,0.265248
2888,0.265248
2889,0.265248
2890,0.267544
2891,0.267544
2892,0.267544
2893,0.266913
2894,0.266913
2895,0.266913
2896,0.261298
2897,0.261298
2898,0.261298
2899,0.259248
2900,0.259248
2901,0.259248
2902,0.256819
2903,0.256819
2904,0.256819
2905,0.254001
2906,0.254001
2907,0.254001
2908,0.254401
2909,0.254401
2910,0.254401
2911,0.252696
2912,0.252696
2913,0.252696
2914,0.252786
2915,0.252786
2916,0.252786
2917,0.252532
2918,0.252532
2919,0.252532
2920,0.251517
2921,0.251517
2922,0.251517
2923,0.25268
2924,0.25268
2925,0.25268
2926,0.252641
2927,0.252641
2928,0.252641
2929,0.252778
2930,0.252778
2931,0.252778
2932,0.256744
2933,0.256744
2934,0.256744
2935,0.256811
2936,0.256811
2937,0.256811
2938,0.252782
2939,0.252782
2940,0.252782
2941,0.253566
2942,0.253566
2943,0.253566
2944,0.255122
2945,0.255122
2946,0.255122
2947,0.259671
2948,0.259671
2949,0.259671
2950,0.269739
2951,0.269739
2952,0.269739
2953,0.280711
2954,0.280711
2955,0.280711
2956,0.297115
2957,0.297115
2958,0.297115
2959,0.33265
2960,0.33265
2961,0.33265
2962,0.41869
2963,0.41869
2964,0.41869
2965,0.472345
2966,0.472345
2967,0.472345
2968,0.544446
2969,0.544446
2970,0.544446
2971,0.586393
2972,0.586393
2973,0.586393
2974,0.648332
2975,0.648332
2976,0.648332
2977,0.681532
2978,0.681532
2979,0.681532
2980,0.696262
2981,0.696262
2982,0.696262
2983,0.737954
2984,0.737954
2985,0.737954
2986,0.804784
2987,0.804784
2988,0.804784
2989,0.810129
2990,0.810129
2991,0.810129
2992,0.836831
2993,0.836831
2994,0.836831
2995,0.848176
2996,0.848176
2997,0.848176
2998,0.856931
2999,0.856931
3000,0.856931
3001,0.863855
3002,0.863855
3003,0.863855
3004,0.870486
3005,0.870486
3006,0.870486
3007,0.873542
3008,0.873542
3009,0.873542
3010,0.870548
3011,0.870548
3012,0.870548
3013,0.874753
3014,0.874753
3015,0.874753
3016,0.873644
3017,0.873644
3018,0.873644
3019,0.874882
3020,0.874882
3021,0.874882
3022,0.875031
3023,0.875031
3024,0.875031
3025,0.875803
3026,0.875803
3027,0.875803
3028,0.879154
3029,0.879154
3030,0.879154
3031,0.88156
3032,0.88156
3033,0.88156
3034,0.881674
3035,0.881674
3036,0.881674
3037,0.890793
3038,0.890793
3039,0.890793
3040,0.891502
3041,0.891502
3042,0.891502
3043,0.890197
3044,0.890197
3045,0.890197
3046,0.890604
3047,0.890604
3048,0.890604
3049,0.890389
3050,0.890389
3051,0.890389
3052,0.888931
3053,0.888931
3054,0.888931
3055,0.888359
3056,0.888359
3057,0.888359
3058,0.887936
3059,0.887936
3060,0.887936
3061,0.889315
3062,0.889315
3063,0.889315
3064,0.889241
3065,0.889241
3066,0.889241
3067,0.88308
3068,0.88308
3069,0.88308
3070,0.879522
3071,0.879522
3072,0.879522
3073,0.877641
3074,0.877641
3075,0.877641
3076,0.875376
3077,0.875376
3078,0.875376
3079,0.873186
3080,0.873186
3081,0.873186
3082,0.873664
3083,0.873664
3084,0.873664
3085,0.873507
3086,0.873507
3087,0.873507
3088,0.875247
3089,0.875247
3090,0.875247
3091,0.875141
3092,0.875141
3093,0.875141
3094,0.875709
3095,0.875709
3096,0.875709
3097,0.874608
3098,0.874608
3099,0.874608
3100,0.874177
3101,0.874177
3102,0.874177
3103,0.874538
3104,0.874538
3105,0.874538
3106,0.873926
3107,0.873926
3108,0.873926
3109,0.872343
3110,0.872343
3111,0.872343
3112,0.872896
3113,0.872896
3114,0.872896
3115,0.870905
3116,0.870905
3117,0.870905
3118,0.87065
3119,0.87065
3120,0.87065
3121,0.869749
3122,0.869749
3123,0.869749
3124,0.868464
3125,0.868464
3126,0.868464
3127,0.870055
3128,0.870055
3129,0.870055
3130,0.871015
3131,0.871015
3132,0.871015
3133,0.871281
3134,0.871281
3135,0.871281
3136,0.870674
3137,0.870674
3138,0.870674
3139,0.86719
3140,0.86719
3141,0.86719
3142,0.866508
3143,0.866508
3144,0.866508
3145,0.864882
3146,0.864882
3147,0.864882
3148,0.864125
3149,0.864125
3150,0.864125
3151,0.861351
3152,0.861351
3153,0.861351
3154,0.859901
3155,0.859901
3156,0.859901
3157,0.859164
3158,0.859164
3159,0.859164
3160,0.858608
3161,0.858608
3162,0.858608
3163,0.859086
3164,0.859086
3165,0.859086
3166,0.859023
3167,0.859023
3168,0.859023
3169,0.859031
3170,0.859031
3171,0.859031
3172,0.859043
3173,0.859043
3174,0.859043
3175,0.858341
3176,0.858341
3177,0.858341
3178,0.857906
3179,0.857906
3180,0.857906
3181,0.858181
3182,0.858181
3183,0.858181
3184,0.855097
3185,0.855097
3186,0.855097
3187,0.855508
3188,0.855508
3189,0.855508
3190,0.855222
3191,0.855222
3192,0.855222
3193,0.852365
3194,0.852365
3195,0.852365
3196,0.851476
3197,0.851476
3198,0.851476
3199,0.851147
3200,0.851147
3201,0.851147
3202,0.85023
3203,0.85023
3204,0.85023
3205,0.850167
3206,0.850167
3207,0.850167
3208,0.849089
3209,0.849089
3210,0.849089
3211,0.849971
3212,0.849971
3213,0.849971
3214,0.849873
3215,0.849873
3216,0.849873
3217,0.848858
3218,0.848858
3219,0.848858
3220,0.848392
3221,0.848392
3222,0.848392
3223,0.848486
3224,0.848486
3225,0.848486
3226,0.848008
3227,0.848008
3228,0.848008
3229,0.847443
3230,0.847443
3231,0.847443
3232,0.847189
3233,0.847189
3234,0.847189
3235,0.846287
3236,0.846287
3237,0.846287
3238,0.847259
3239,0.847259
3240,0.847259
3241,0.846534
3242,0.846534
3243,0.846534
3244,0.8457
3245,0.8457
3246,0.8457
3247,0.844975
3248,0.844975
3249,0.844975
3250,0.845124
3251,0.845124
3252,0.845124
3253,0.845374
3254,0.845374
3255,0.845374
3256,0.845739
3257,0.845739
3258,0.845739
3259,0.845147
3260,0.845147
3261,0.845147
3262,0.847271
3263,0.847271
3264,0.847271
3265,0.847287
3266,0.847287
3267,0.847287
3268,0.846809
3269,0.846809
3270,0.846809
3271,0.846456
3272,0.846456
3273,0.846456
3274,0.845825
3275,0.845825
3276,0.845825
3277,0.846926
3278,0.846926
3279,0.846926
3280,0.846679
3281,0.846679
3282,0.846679
3283,0.847706
3284,0.847706
3285,0.847706
3286,0.851754
3287,0.851754
3288,0.851754
3289,0.851973
3290,0.851973
3291,0.851973
3292,0.85164
3293,0.85164
3294,0.85164
3295,0.851147
3296,0.851147
3297,0.851147
3298,0.850817
3299,0.850817
3300,0.850817
3301,0.850414
3302,0.850414
3303,0.850414
3304,0.850367
3305,0.850367
3306,0.850367
3307,0.849853
3308,0.849853
3309,0.849853
3310,0.849665
3311,0.849665
3312,0.849665
3313,0.849418
3314,0.849418
3315,0.849418
3316,0.849755
3317,0.849755
3318,0.849755
3319,0.850578
3320,0.850578
3321,0.850578
3322,0.850735
3323,0.850735
3324,0.850735
3325,0.850782
3326,0.850782
3327,0.850782
3328,0.851962
3329,0.851962
3330,0.851962
3331,0.852354
3332,0.852354
3333,0.852354
3334,0.8526
3335,0.8526
3336,0.8526
3337,0.853666
3338,0.853666
3339,0.853666
3340,0.853423
3341,0.853423
3342,0.853423
3343,0.853721
3344,0.853721
3345,0.853721
3346,0.852189
3347,0.852189
3348,0.852189
3349,0.851535
3350,0.851535
3351,0.851535
3352,0.85126
3353,0.85126
3354,0.85126
3355,0.852377
3356,0.852377
3357,0.852377
3358,0.852373
3359,0.852373
3360,0.852373
3361,0.854391
3362,0.854391
3363,0.854391
3364,0.854094
3365,0.854094
3366,0.854094
3367,0.854376
3368,0.854376
3369,0.854376
3370,0.854148
3371,0.854148
3372,0.854148
3373,0.854387
3374,0.854387
3375,0.854387
3376,0.854121
3377,0.854121
3378,0.854121
3379,0.853901
3380,0.853901
3381,0.853901
3382,0.853745
3383,0.853745
3384,0.853745
3385,0.85405
3386,0.85405
3387,0.85405
3388,0.8534
3389,0.8534
3390,0.8534
3391,0.853619
3392,0.853619
3393,0.853619
3394,0.85313
3395,0.85313
3396,0.85313
3397,0.851554
3398,0.851554
3399,0.851554
3400,0.851464
3401,0.851464
3402,0.851464
3403,0.85168
3404,0.85168
3405,0.85168
3406,0.851597
3407,0.851597
3408,0.851597
3409,0.851456
3410,0.851456
3411,0.851456
3412,0.854407
3413,0.854407
3414,0.854407
3415,0.854023
3416,0.854023
3417,0.854023
3418,0.85387
3419,0.85387
3420,0.85387
3421,0.853913
3422,0.853913
3423,0.853913
3424,0.853854
3425,0.853854
3426,0.853854
3427,0.853612
3428,0.853612
3429,0.853612
3430,0.853286
3431,0.853286
3432,0.853286
3433,0.854129
3434,0.854129
3435,0.854129
3436,0.860893
3437,0.860893
3438,0.860893
3439,0.860403
3440,0.860403
3441,0.860403
3442,0.860348
3443,0.860348
3444,0.860348
3445,0.860414
3446,0.860414
3447,0.860414
3448,0.860489
3449,0.860489
3450,0.860489
3451,0.86043
3452,0.86043
3453,0.86043
3454,0.860603
3455,0.860603
3456,0.860603
3457,0.860191
3458,0.860191
3459,0.860191
3460,0.860246
3461,0.860246
3462,0.860246
3463,0.862139
3464,0.862139
3465,0.862139
3466,0.861755
3467,0.861755
3468,0.861755
3469,0.861304
3470,0.861304
3471,0.861304
3472,0.861132
3473,0.861132
3474,0.861132
3475,0.860697
3476,0.860697
3477,0.860697
3478,0.860759
3479,0.860759
3480,0.860759
3481,0.860748
3482,0.860748
3483,0.860748
3484,0.860293
3485,0.860293
3486,0.860293
3487,0.861261
3488,0.861261
3489,0.861261
3490,0.860473
3491,0.860473
3492,0.860473
3493,0.860559
3494,0.860559
3495,0.860559
3496,0.86016
3497,0.86016
3498,0.86016
3499,0.859881
3500,0.859881
3501,0.859881
3502,0.860379
3503,0.860379
3504,0.860379
3505,0.85958
3506,0.85958
3507,0.85958
3508,0.859654
3509,0.859654
3510,0.859654
3511,0.860599
3512,0.860599
3513,0.860599
3514,0.860501
3515,0.860501
3516,0.860501
3517,0.859913
3518,0.859913
3519,0.859913
3520,0.859854
3521,0.859854
3522,0.859854
3523,0.859646
3524,0.859646
3525,0.859646
3526,0.859525
3527,0.859525
3528,0.859525
3529,0.859533
3530,0.859533
3531,0.859533
3532,0.859333
3533,0.859333
3534,0.859333
3535,0.859298
3536,0.859298
3537,0.859298
3538,0.859192
3539,0.859192
3540,0.859192
3541,0.858976
3542,0.858976
3543,0.858976
3544,0.858545
3545,0.858545
3546,0.858545
3547,0.858835
3548,0.858835
3549,0.858835
3550,0.858502
3551,0.858502
3552,0.858502
3553,0.858091
3554,0.858091
3555,0.858091
3556,0.858106
3557,0.858106
3558,0.858106
3559,0.85764
3560,0.85764
3561,0.85764
3562,0.858443
3563,0.858443
3564,0.858443
3565,0.858263
3566,0.858263
3567,0.858263
3568,0.858298
3569,0.858298
3570,0.858298
3571,0.859568
3572,0.859568
3573,0.859568
3574,0.859811
3575,0.859811
3576,0.859811
3577,0.859266
3578,0.859266
3579,0.859266
3580,0.859274
3581,0.859274
3582,0.859274
3583,0.859317
3584,0.859317
3585,0.859317
3586,0.858863
3587,0.858863
3588,0.858863
3589,0.858933
3590,0.858933
3591,0.858933
3592,0.858643
3593,0.858643
3594,0.858643
3595,0.859074
3596,0.859074
3597,0.859074
3598,0.858878
3599,0.858878
3600,0.858878
3601,0.859168
3602,0.859168
3603,0.859168
3604,0.859031
3605,0.859031
3606,0.859031
3607,0.858769
3608,0.858769
3609,0.858769
3610,0.859337
3611,0.859337
3612,0.859337
3613,0.860175
3614,0.860175
3615,0.860175
3616,0.861931
3617,0.861931
3618,0.861931
3619,0.862315
3620,0.862315
3621,0.862315
3622,0.864204
3623,0.864204
3624,0.864204
3625,0.863702
3626,0.863702
3627,0.863702
3628,0.864212
3629,0.864212
3630,0.864212
3631,0.863851
3632,0.863851
3633,0.863851
3634,0.863107
3635,0.863107
3636,0.863107
3637,0.861962
3638,0.861962
3639,0.861962
3640,0.860955
3641,0.860955
3642,0.860955
3643,0.860003
3644,0.860003
3645,0.860003
3646,0.859074
3647,0.859074
3648,0.859074
3649,0.858988
3650,0.858988
3651,0.858988
3652,0.858526
3653,0.858526
3654,0.858526
3655,0.859062
3656,0.859062
3657,0.859062
3658,0.859047
3659,0.859047
3660,0.859047
3661,0.85891
3662,0.85891
3663,0.85891
3664,0.85898
3665,0.85898
3666,0.85898
3667,0.859117
3668,0.859117
3669,0.859117
3670,0.859176
3671,0.859176
3672,0.859176
3673,0.858953
3674,0.858953
3675,0.858953
3676,0.859254
3677,0.859254
3678,0.859254
3679,0.860642
3680,0.860642
3681,0.860642
3682,0.861378
3683,0.861378
3684,0.861378
3685,0.860994
3686,0.860994
3687,0.860994
3688,0.86092
3689,0.86092
3690,0.86092
3691,0.860967
3692,0.860967
3693,0.860967
3694,0.860461
3695,0.860461
3696,0.860461
3697,0.861343
3698,0.861343
3699,0.861343
3700,0.860634
3701,0.860634
3702,0.860634
3703,0.861574
3704,0.861574
3705,0.861574
3706,0.861531
3707,0.861531
3708,0.861531
3709,0.861233
3710,0.861233
3711,0.861233
3712,0.860332
3713,0.860332
3714,0.860332
3715,0.859305
3716,0.859305
3717,0.859305
3718,0.859047
3719,0.859047
3720,0.859047
3721,0.857687
3722,0.857687
3723,0.857687
3724,0.85715
3725,0.85715
3726,0.85715
3727,0.856598
3728,0.856598
3729,0.856598
3730,0.856735
3731,0.856735
3732,0.856735
3733,0.856656
3734,0.856656
3735,0.856656
3736,0.856398
3737,0.856398
3738,0.856398
3739,0.855861
3740,0.855861
3741,0.855861
3742,0.855665
3743,0.855665
3744,0.855665
3745,0.855014
3746,0.855014
3747,0.855014
3748,0.854701
3749,0.854701
3750,0.854701
3751,0.854254
3752,0.854254
3753,0.854254
3754,0.853996
3755,0.853996
3756,0.853996
3757,0.853298
3758,0.853298
3759,0.853298
3760,0.85271
3761,0.85271
3762,0.85271
3763,0.851656
3764,0.851656
3765,0.851656
3766,0.850218
3767,0.850218
3768,0.850218
3769,0.849716
3770,0.849716
3771,0.849716
3772,0.850986
3773,0.850986
3774,0.850986
3775,0.853114
3776,0.853114
3777,0.853114
3778,0.853204
3779,0.853204
3780,0.853204
3781,0.853094
3782,0.853094
3783,0.853094
3784,0.85273
3785,0.85273
3786,0.85273
3787,0.852299
3788,0.852299
3789,0.852299
3790,0.852044
3791,0.852044
3792,0.852044
3793,0.851864
3794,0.851864
3795,0.851864
3796,0.853486
3797,0.853486
3798,0.853486
3799,0.852675
3800,0.852675
3801,0.852675
3802,0.851648
3803,0.851648
3804,0.851648
3805,0.851198
3806,0.851198
3807,0.851198
3808,0.850469
3809,0.850469
3810,0.850469
3811,0.850896
3812,0.850896
3813,0.850896
3814,0.851464
3815,0.851464
3816,0.851464
3817,0.851613
3818,0.851613
3819,0.851613
3820,0.860105
3821,0.860105
3822,0.860105
3823,0.859972
3824,0.859972
3825,0.859972
3826,0.859462
3827,0.859462
3828,0.859462
3829,0.859599
3830,0.859599
3831,0.859599
3832,0.860391
3833,0.860391
3834,0.860391
3835,0.860559
3836,0.860559
3837,0.860559
3838,0.860536
3839,0.860536
3840,0.860536
3841,0.860712
3842,0.860712
3843,0.860712
3844,0.860861
3845,0.860861
3846,0.860861
3847,0.859454
3848,0.859454
3849,0.859454
3850,0.859654
3851,0.859654
3852,0.859654
3853,0.859544
3854,0.859544
3855,0.859544
3856,0.859176
3857,0.859176
3858,0.859176
3859,0.858675
3860,0.858675
3861,0.858675
3862,0.858823
3863,0.858823
3864,0.858823
3865,0.858898
3866,0.858898
3867,0.858898
3868,0.858439
3869,0.858439
3870,0.858439
3871,0.860269
3872,0.860269
3873,0.860269
3874,0.860967
3875,0.860967
3876,0.860967
3877,0.861441
3878,0.861441
3879,0.861441
3880,0.861676
3881,0.861676
3882,0.861676
3883,0.860932
3884,0.860932
3885,0.860932
3886,0.860849
3887,0.860849
3888,0.860849
3889,0.860497
3890,0.860497
3891,0.860497
3892,0.860399
3893,0.860399
3894,0.860399
3895,0.861488
3896,0.861488
3897,0.861488
3898,0.860481
3899,0.860481
3900,0.860481
3901,0.856907
3902,0.856907
3903,0.856907
3904,0.858953
3905,0.858953
3906,0.858953
3907,0.860144
3908,0.860144
3909,0.860144
3910,0.859584
3911,0.859584
3912,0.859584
3913,0.859807
3914,0.859807
3915,0.859807
3916,0.859356
3917,0.859356
3918,0.859356
3919,0.859196
3920,0.859196
3921,0.859196
3922,0.859979
3923,0.859979
3924,0.859979
3925,0.860179
3926,0.860179
3927,0.860179
3928,0.860183
3929,0.860183
3930,0.860183
3931,0.860081
3932,0.860081
3933,0.860081
3934,0.859576
3935,0.859576
3936,0.859576
3937,0.860136
3938,0.860136
3939,0.860136
3940,0.859972
3941,0.859972
3942,0.859972
3943,0.85967
3944,0.85967
3945,0.85967
3946,0.860877
3947,0.860877
3948,0.860877
3949,0.861324
3950,0.861324
3951,0.861324
3952,0.860685
3953,0.860685
3954,0.860685
3955,0.860693
3956,0.860693
3957,0.860693
3958,0.860873
3959,0.860873
3960,0.860873
3961,0.860505
3962,0.860505
3963,0.860505
3964,0.859458
3965,0.859458
3966,0.859458
3967,0.860046
3968,0.860046
3969,0.860046
3970,0.861535
3971,0.861535
3972,0.861535
3973,0.861668
3974,0.861668
3975,0.861668
3976,0.861614
3977,0.861614
3978,0.861614
3979,0.861751
3980,0.861751
3981,0.861751
3982,0.859607
3983,0.859607
3984,0.859607
3985,0.856656
3986,0.856656
3987,0.856656
3988,0.857001
3989,0.857001
3990,0.857001
3991,0.860638
3992,0.860638
3993,0.860638
3994,0.861069
3995,0.861069
3996,0.861069
3997,0.861465
3998,0.861465
3999,0.861465
4000,0.861284
4001,0.861284
4002,0.861284
4003,0.860959
4004,0.860959
4005,0.860959
4006,0.860653
4007,0.860653
4008,0.860653
4009,0.860744
4010,0.860744
4011,0.860744
4012,0.860928
4013,0.860928
4014,0.860928
4015,0.861002
4016,0.861002
4017,0.861002
4018,0.86052
4019,0.86052
4020,0.86052
4021,0.861347
4022,0.861347
4023,0.861347
4024,0.860567
4025,0.860567
4026,0.860567
4027,0.860516
4028,0.860516
4029,0.860516
4030,0.85849
4031,0.85849
4032,0.85849
4033,0.857957
4034,0.857957
4035,0.857957
4036,0.859556
4037,0.859556
4038,0.859556
4039,0.859321
4040,0.859321
4041,0.859321
4042,0.859881
4043,0.859881
4044,0.859881
4045,0.860579
4046,0.860579
4047,0.860579
4048,0.860987
4049,0.860987
4050,0.860987
4051,0.860712
4052,0.860712
4053,0.860712
4054,0.860277
4055,0.860277
4056,0.860277
4057,0.860399
4058,0.860399
4059,0.860399
4060,0.860124
4061,0.860124
4062,0.860124
4063,0.860101
4064,0.860101
4065,0.860101
4066,0.860661
4067,0.860661
4068,0.860661
4069,0.860818
4070,0.860818
4071,0.860818
4072,0.860336
4073,0.860336
4074,0.860336
4075,0.860595
4076,0.860595
4077,0.860595
4078,0.860548
4079,0.860548
4080,0.860548
4081,0.860109
4082,0.860109
4083,0.860109
4084,0.860281
4085,0.860281
4086,0.860281
4087,0.860364
4088,0.860364
4089,0.860364
4090,0.860352
4091,0.860352
4092,0.860352
4093,0.859881
4094,0.859881
4095,0.859881
4096,0.862342
4097,0.862342
4098,0.862342
4099,0.861594
4100,0.861594
4101,0.861594
4102,0.861171
4103,0.861171
4104,0.861171
4105,0.860834
4106,0.860834
4107,0.860834
4108,0.86032
4109,0.86032
4110,0.86032
4111,0.860113
4112,0.860113
4113,0.860113
4114,0.85911
4115,0.85911
4116,0.85911
4117,0.858804
4118,0.858804
4119,0.858804
4120,0.86003
4121,0.86003
4122,0.86003
4123,0.859717
4124,0.859717
4125,0.859717
4126,0.859682
4127,0.859682
4128,0.859682
4129,0.859447
4130,0.859447
4131,0.859447
4132,0.858345
4133,0.858345
4134,0.858345
4135,0.857993
4136,0.857993
4137,0.857993
4138,0.857769
4139,0.857769
4140,0.857769
4141,0.85802
4142,0.85802
4143,0.85802
4144,0.857746
4145,0.857746
4146,0.857746
4147,0.858506
4148,0.858506
4149,0.858506
4150,0.857957
4151,0.857957
4152,0.857957
4153,0.85842
4154,0.85842
4155,0.85842
4156,0.857209
4157,0.857209
4158,0.857209
4159,0.855786
4160,0.855786
4161,0.855786
4162,0.854564
4163,0.854564
4164,0.854564
4165,0.853251
4166,0.853251
4167,0.853251
4168,0.853294
4169,0.853294
4170,0.853294
4171,0.851053
4172,0.851053
4173,0.851053
4174,0.850092
4175,0.850092
4176,0.850092
4177,0.849336
4178,0.849336
4179,0.849336
4180,0.848846
4181,0.848846
4182,0.848846
4183,0.851111
4184,0.851111
4185,0.851111
4186,0.857965
4187,0.857965
4188,0.857965
4189,0.858557
4190,0.858557
4191,0.858557
4192,0.864078
4193,0.864078
4194,0.864078
4195,0.866826
4196,0.866826
4197,0.866826
4198,0.871751
4199,0.871751
4200,0.871751
4201,0.872641
4202,0.872641
4203,0.872641
4204,0.869083
4205,0.869083
4206,0.869083
4207,0.864247
4208,0.864247
4209,0.864247
4210,0.862879
4211,0.862879
4212,0.862879
4213,0.861931
4214,0.861931
4215,0.861931
4216,0.86257
4217,0.86257
4218,0.86257
4219,0.866692
4220,0.866692
4221,0.866692
4222,0.870631
4223,0.870631
4224,0.870631
4225,0.876744
4226,0.876744
4227,0.876744
4228,0.880051
4229,0.880051
4230,0.880051
4231,0.886784
4232,0.886784
4233,0.886784
4234,0.895903
4235,0.895903
4236,0.895903
4237,0.897243
4238,0.897243
4239,0.897243
4240,0.899304
4241,0.899304
4242,0.899304
4243,0.899661
4244,0.899661
4245,0.899661
4246,0.903254
4247,0.903254
4248,0.903254
4249,0.896341
4250,0.896341
4251,0.896341
4252,0.888257
4253,0.888257
4254,0.888257
4255,0.883323
4256,0.883323
4257,0.883323
4258,0.877249
4259,0.877249
4260,0.877249
4261,0.874663
4262,0.874663
4263,0.874663
4264,0.874107
4265,0.874107
4266,0.874107
4267,0.876015
4268,0.876015
4269,0.876015
4270,0.876368
4271,0.876368
4272,0.876368
4273,0.882743
4274,0.882743
4275,0.882743
4276,0.888065
4277,0.888065
4278,0.888065
4279,0.887328
4280,0.887328
4281,0.887328
4282,0.895115
4283,0.895115
4284,0.895115
4285,0.903462
4286,0.903462
4287,0.903462
4288,0.908411
4289,0.908411
4290,0.908411
4291,0.913506
4292,0.913506
4293,0.913506
4294,0.910425
4295,0.910425
4296,0.910425
4297,0.903752
4298,0.903752
4299,0.903752
4300,0.896341
4301,0.896341
4302,0.896341
4303,0.893465
4304,0.893465
4305,0.893465
4306,0.888253
4307,0.888253
4308,0.888253
4309,0.885353
4310,0.885353
4311,0.885353
4312,0.890463
4313,0.890463
4314,0.890463
4315,0.891772
4316,0.891772
4317,0.891772
4318,0.882465
4319,0.882465
4320,0.882465
4321,0.872273
4322,0.872273
4323,0.872273
4324,0.865474
4325,0.865474
4326,0.865474
4327,0.863487
4328,0.863487
4329,0.863487
4330,0.865916
4331,0.865916
4332,0.865916
4333,0.868056
4334,0.868056
4335,0.868056
4336,0.864702
4337,0.864702
4338,0.864702
4339,0.851778
4340,0.851778
4341,0.851778
4342,0.845598
4343,0.845598
4344,0.845598
4345,0.836831
4346,0.836831
4347,0.836831
4348,0.828888
4349,0.828888
4350,0.828888
4351,0.825063
4352,0.825063
4353,0.825063
4354,0.823868
4355,0.823868
4356,0.823868
4357,0.820537
4358,0.820537
4359,0.820537
4360,0.823465
4361,0.823465
4362,0.823465
4363,0.829029
4364,0.829029
4365,0.829029
4366,0.837227
4367,0.837227
4368,0.837227
4369,0.843403
4370,0.843403
4371,0.843403
4372,0.850422
4373,0.850422
4374,0.850422
4375,0.857875
4376,0.857875
4377,0.857875
4378,0.860701
4379,0.860701
4380,0.860701
4381,0.858134
4382,0.858134
4383,0.858134
4384,0.860857
4385,0.860857
4386,0.860857
4387,0.862621
4388,0.862621
4389,0.862621
4390,0.867386
4391,0.867386
4392,0.867386
4393,0.865803
4394,0.865803
4395,0.865803
4396,0.85425
4397,0.85425
4398,0.85425
4399,0.853474
4400,0.853474
4401,0.853474
4402,0.84936
4403,0.84936
4404,0.84936
4405,0.842079
4406,0.842079
4407,0.842079
4408,0.825867
4409,0.825867
4410,0.825867
4411,0.78262
4412,0.78262
4413,0.78262
4414,0.779551
4415,0.779551
4416,0.779551
4417,0.79505
4418,0.79505
4419,0.79505
4420,0.820624
4421,0.820624
4422,0.820624
4423,0.844857
4424,0.844857
4425,0.844857
4426,0.843274
4427,0.843274
4428,0.843274
4429,0.837662
4430,0.837662
4431,0.837662
4432,0.82591
4433,0.82591
4434,0.82591
4435,0.828104
4436,0.828104
4437,0.828104
4438,0.815369
4439,0.815369
4440,0.815369
4441,0.806136
4442,0.806136
4443,0.806136
4444,0.800959
4445,0.800959
4446,0.800959
4447,0.795211
4448,0.795211
4449,0.795211
4450,0.790763
4451,0.790763
4452,0.790763
4453,0.777274
4454,0.777274
4455,0.777274
4456,0.760855
4457,0.760855
4458,0.760855
4459,0.741637
4460,0.741637
4461,0.741637
4462,0.733189
4463,0.733189
4464,0.733189
4465,0.730144
4466,0.730144
4467,0.730144
4468,0.731151
4469,0.731151
4470,0.731151
4471,0.732832
4472,0.732832
4473,0.732832
4474,0.738475
4475,0.738475
4476,0.738475
4477,0.744467
4478,0.744467
4479,0.744467
4480,0.734176
4481,0.734176
4482,0.734176
4483,0.726907
4484,0.726907
4485,0.726907
4486,0.737613
4487,0.737613
4488,0.737613
4489,0.733549
4490,0.733549
4491,0.733549
4492,0.746838
4493,0.746838
4494,0.746838
4495,0.750008
4496,0.750008
4497,0.750008
4498,0.771428
4499,0.771428
4500,0.771428
4501,0.78175
4502,0.78175
4503,0.78175
4504,0.801347
4505,0.801347
4506,0.801347
4507,0.841655
4508,0.841655
4509,0.841655
4510,0.857272
4511,0.857272
4512,0.857272
4513,0.874898
4514,0.874898
4515,0.874898
4516,0.891713
4517,0.891713
4518,0.891713
4519,0.896718
4520,0.896718
4521,0.896718
4522,0.903423
4523,0.903423
4524,0.903423
4525,0.898375
4526,0.898375
4527,0.898375
4528,0.893089
4529,0.893089
4530,0.893089
4531,0.900648
4532,0.900648
4533,0.900648
4534,0.895903
4535,0.895903
4536,0.895903
4537,0.896729
4538,0.896729
4539,0.896729
4540,0.898795
4541,0.898795
4542,0.898795
4543,0.902047
4544,0.902047
4545,0.902047
4546,0.899045
4547,0.899045
4548,0.899045
4549,0.886733
4550,0.886733
4551,0.886733
4552,0.878746
4553,0.878746
4554,0.878746
4555,0.865897
4556,0.865897
4557,0.865897
4558,0.85099
4559,0.85099
4560,0.85099
4561,0.843576
4562,0.843576
4563,0.843576
4564,0.839159
4565,0.839159
4566,0.839159
4567,0.834147
4568,0.834147
4569,0.834147
4570,0.849332
4571,0.849332
4572,0.849332
4573,0.85023
4574,0.85023
4575,0.85023
4576,0.843199
4577,0.843199
4578,0.843199
4579,0.82506
4580,0.82506
4581,0.82506
4582,0.81424
4583,0.81424
4584,0.81424
4585,0.809365
4586,0.809365
4587,0.809365
4588,0.807265
4589,0.807265
4590,0.807265
4591,0.812559
4592,0.812559
4593,0.812559
4594,0.826588
4595,0.826588
4596,0.826588
4597,0.842729
4598,0.842729
4599,0.842729
4600,0.843842
4601,0.843842
4602,0.843842
4603,0.828637
4604,0.828637
4605,0.828637
4606,0.815478
4607,0.815478
4608,0.815478
4609,0.80949
4610,0.80949
4611,0.80949
4612,0.818688
4613,0.818688
4614,0.818688
4615,0.830679
4616,0.830679
4617,0.830679
4618,0.833548
4619,0.833548
4620,0.833548
4621,0.83265
4622,0.83265
4623,0.83265
4624,0.824644
4625,0.824644
4626,0.824644
4627,0.813687
4628,0.813687
4629,0.813687
4630,0.798769
4631,0.798769
4632,0.798769
4633,0.785508
4634,0.785508
4635,0.785508
4636,0.772078
4637,0.772078
4638,0.772078
4639,0.774061
4640,0.774061
4641,0.774061
4642,0.780037
4643,0.780037
4644,0.780037
4645,0.791786
4646,0.791786
4647,0.791786
4648,0.801465
4649,0.801465
4650,0.801465
4651,0.805297
4652,0.805297
4653,0.805297
4654,0.808048
4655,0.808048
4656,0.808048
4657,0.818989
4658,0.818989
4659,0.818989
4660,0.830213
4661,0.830213
4662,0.830213
4663,0.839849
4664,0.839849
4665,0.839849
4666,0.847189
4667,0.847189
4668,0.847189
4669,0.84673
4670,0.84673
4671,0.84673
4672,0.834245
4673,0.834245
4674,0.834245
4675,0.819291
4676,0.819291
4677,0.819291
4678,0.799956
4679,0.799956
4680,0.799956
4681,0.763931
4682,0.763931
4683,0.763931
4684,0.744541
4685,0.744541
4686,0.744541
4687,0.704688
4688,0.704688
4689,0.704688
4690,0.687284
4691,0.687284
4692,0.687284
4693,0.683385
4694,0.683385
4695,0.683385
4696,0.683425
4697,0.683425
4698,0.683425
4699,0.689424
4700,0.689424
4701,0.689424
4702,0.696991
4703,0.696991
4704,0.696991
4705,0.712792
4706,0.712792
4707,0.712792
4708,0.724752
4709,0.724752
4710,0.724752
4711,0.741492
4712,0.741492
4713,0.741492
4714,0.777988
4715,0.777988
4716,0.777988
4717,0.780519
4718,0.780519
4719,0.780519
4720,0.81366
4721,0.81366
4722,0.81366
4723,0.809545
4724,0.809545
4725,0.809545
4726,0.812304
4727,0.812304
4728,0.812304
4729,0.827231
4730,0.827231
4731,0.827231
4732,0.82843
4733,0.82843
4734,0.82843
4735,0.842588
4736,0.842588
4737,0.842588
4738,0.856629
4739,0.856629
4740,0.856629
4741,0.859388
4742,0.859388
4743,0.859388
4744,0.86139
4745,0.86139
4746,0.86139
4747,0.822164
4748,0.822164
4749,0.822164
4750,0.734693
4751,0.734693
4752,0.734693
4753,0.691987
4754,0.691987
4755,0.691987
4756,0.591115
4757,0.591115
4758,0.591115
4759,0.532388
4760,0.532388
4761,0.532388
4762,0.439181
4763,0.439181
4764,0.439181
4765,0.409407
4766,0.409407
4767,0.409407
4768,0.375878
4769,0.375878
4770,0.375878
4771,0.343744
4772,0.343744
4773,0.343744
4774,0.334006
4775,0.334006
4776,0.334006
4777,0.316795
4778,0.316795
4779,0.316795
4780,0.303495
4781,0.303495
4782,0.303495
4783,0.290767
4784,0.290767
4785,0.290767
4786,0.272705
4787,0.272705
4788,0.272705
4789,0.252242
4790,0.252242
4791,0.252242
4792,0.229721
4793,0.229721
4794,0.229721
4795,0.207866
4796,0.207866
4797,0.207866
4798,0.197234
4799,0.197234
4800,0.197234
4801,0.188256
4802,0.188256
4803,0.188256
4804,0.187139
4805,0.187139
4806,0.187139
4807,0.187813
4808,0.187813
4809,0.187813
4810,0.186493
4811,0.186493
4812,0.186493
4813,0.179502
4814,0.179502
4815,0.179502
4816,0.173906
4817,0.173906
4818,0.173906
4819,0.170947
4820,0.170947
4821,0.170947
4822,0.157659
4823,0.157659
4824,0.157659
4825,0.157667
4826,0.157667
4827,0.157667
4828,0.157882
4829,0.157882
4830,0.157882
4831,0.157663
4832,0.157663
4833,0.157663
4834,0.155989
4835,0.155989
4836,0.155989
4837,0.15617
4838,0.15617
4839,0.15617
4840,0.156209
4841,0.156209
4842,0.156209
4843,0.156209
4844,0.156209
4845,0.156209
4846,0.156083
4847,0.156083
4848,0.156083
4849,0.155872
4850,0.155872
4851,0.155872
4852,0.15595
4853,0.15595
4854,0.15595
4855,0.156189
4856,0.156189
4857,0.156189
4858,0.156185
4859,0.156185
4860,0.156185
4861,0.156577
4862,0.156577
4863,0.156577
4864,0.156264
4865,0.156264
4866,0.156264
4867,0.156056
4868,0.156056
4869,0.156056
4870,0.156424
4871,0.156424
4872,0.156424
4873,0.156221
4874,0.156221
4875,0.156221
4876,0.15617
4877,0.15617
4878,0.15617
4879,0.155923
4880,0.155923
4881,0.155923
4882,0.155707
4883,0.155707
4884,0.155707
4885,0.153458
4886,0.153458
4887,0.153458
4888,0.153619
4889,0.153619
4890,0.153619
4891,0.153873
4892,0.153873
4893,0.153873
4894,0.153869
4895,0.153869
4896,0.153869
4897,0.153356
4898,0.153356
4899,0.153356
4900,0.153172
4901,0.153172
4902,0.153172
4903,0.153235
4904,0.153235
4905,0.153235
4906,0.15343
4907,0.15343
4908,0.15343
4909,0.153767
4910,0.153767
4911,0.153767
4912,0.15434
4913,0.15434
4914,0.15434
4915,0.154218
4916,0.154218
4917,0.154218
4918,0.165073
4919,0.165073
4920,0.165073
4921,0.198037
4922,0.198037
4923,0.198037
4924,0.23429
4925,0.23429
4926,0.23429
4927,0.254934
4928,0.254934
4929,0.254934
4930,0.267301
4931,0.267301
4932,0.267301
4933,0.290872
4934,0.290872
4935,0.290872
4936,0.336118
4937,0.336118
4938,0.336118
4939,0.400092
4940,0.400092
4941,0.400092
4942,0.4483
4943,0.4483
4944,0.4483
4945,0.470958
4946,0.470958
4947,0.470958
4948,0.484799
4949,0.484799
4950,0.484799
4951,0.466405
4952,0.466405
4953,0.466405
4954,0.44504
4955,0.44504
4956,0.44504
4957,0.404908
4958,0.404908
4959,0.404908
4960,0.349281
4961,0.349281
4962,0.349281
4963,0.318296
4964,0.318296
4965,0.318296
4966,0.26747
4967,0.26747
4968,0.26747
4969,0.248103
4970,0.248103
4971,0.248103
4972,0.256533
4973,0.256533
4974,0.256533
4975,0.282784
4976,0.282784
4977,0.282784
4978,0.308844
4979,0.308844
4980,0.308844
4981,0.318441
4982,0.318441
4983,0.318441
4984,0.308973
4985,0.308973
4986,0.308973
4987,0.305125
4988,0.305125
4989,0.305125
4990,0.29155
4991,0.29155
4992,0.29155
4993,0.275005
4994,0.275005
4995,0.275005
4996,0.259072
4997,0.259072
4998,0.259072
4999,0.247073
5000,0.247073
5001,0.247073
5002,0.239917
5003,0.239917
5004,0.239917
5005,0.241042
5006,0.241042
5007,0.241042
5008,0.242398
5009,0.242398
5010,0.242398
5011,0.232464
5012,0.232464
5013,0.232464
5014,0.221773
5015,0.221773
5016,0.221773
5017,0.214849
5018,0.214849
5019,0.214849
5020,0.201737
5021,0.201737
5022,0.201737
5023,0.197109
5024,0.197109
5025,0.197109
5026,0.206592
5027,0.206592
5028,0.206592
5029,0.208261
5030,0.208261
5031,0.208261
5032,0.200342
5033,0.200342
5034,0.200342
5035,0.183338
5036,0.183338
5037,0.183338
5038,0.18056
5039,0.18056
5040,0.18056
5041,0.177225
5042,0.177225
5043,0.177225
5044,0.171018
5045,0.171018
5046,0.171018
5047,0.174404
5048,0.174404
5049,0.174404
5050,0.188362
5051,0.188362
5052,0.188362
5053,0.204139
5054,0.204139
5055,0.204139
5056,0.229991
5057,0.229991
5058,0.229991
5059,0.270871
5060,0.270871
5061,0.270871
5062,0.30123
5063,0.30123
5064,0.30123
5065,0.364521
5066,0.364521
5067,0.364521
5068,0.392913
5069,0.392913
5070,0.392913
5071,0.426234
5072,0.426234
5073,0.426234
5074,0.470515
5075,0.470515
5076,0.470515
5077,0.515769
5078,0.515769
5079,0.515769
5080,0.542577
5081,0.542577
5082,0.542577
5083,0.562096
5084,0.562096
5085,0.562096
5086,0.555991
5087,0.555991
5088,0.555991
5089,0.498977
5090,0.498977
5091,0.498977
5092,0.386161
5093,0.386161
5094,0.386161
5095,0.346299
5096,0.346299
5097,0.346299
5098,0.323947
5099,0.323947
5100,0.323947
5101,0.296982
5102,0.296982
5103,0.296982
5104,0.254863
5105,0.254863
5106,0.254863
5107,0.217216
5108,0.217216
5109,0.217216
5110,0.192579
5111,0.192579
5112,0.192579
5113,0.198147
5114,0.198147
5115,0.198147
5116,0.207697
5117,0.207697
5118,0.207697
5119,0.206835
5120,0.206835
5121,0.206835
5122,0.193464
5123,0.193464
5124,0.193464
5125,0.166688
5126,0.166688
5127,0.166688
5128,0.145942
5129,0.145942
5130,0.145942
5131,0.132387
5132,0.132387
5133,0.132387
5134,0.130839
5135,0.130839
5136,0.130839
5137,0.131305
5138,0.131305
5139,0.131305
5140,0.131713
5141,0.131713
5142,0.131713
5143,0.131705
5144,0.131705
5145,0.131705
5146,0.132018
5147,0.132018
5148,0.132018
5149,0.132261
5150,0.132261
5151,0.132261
5152,0.132371
5153,0.132371
5154,0.132371
5155,0.132528
5156,0.132528
5157,0.132528
5158,0.132559
5159,0.132559
5160,0.132559
5161,0.132414
5162,0.132414
5163,0.132414
5164,0.13234
5165,0.13234
5166,0.13234
5167,0.13281
5168,0.13281
5169,0.13281
5170,0.132771
5171,0.132771
5172,0.132771
5173,0.133045
5174,0.133045
5175,0.133045
5176,0.133139
5177,0.133139
5178,0.133139
5179,0.133057
5180,0.133057
5181,0.133057
5182,0.133151
5183,0.133151
5184,0.133151
5185,0.132199
5186,0.132199
5187,0.132199
5188,0.13245
5189,0.13245
5190,0.13245
5191,0.132457
5192,0.132457
5193,0.132457
5194,0.132438
5195,0.132438
5196,0.132438
5197,0.132857
5198,0.132857
5199,0.132857
5200,0.132982
5201,0.132982
5202,0.132982
5203,0.132814
5204,0.132814
5205,0.132814
5206,0.13281
5207,0.13281
5208,0.13281
5209,0.133163
5210,0.133163
5211,0.133163
5212,0.133124
5213,0.133124
5214,0.133124
5215,0.133198
5216,0.133198
5217,0.133198
5218,0.13321
5219,0.13321
5220,0.13321
5221,0.132183
5222,0.132183
5223,0.132183
5224,0.132332
5225,0.132332
5226,0.132332
5227,0.132736
5228,0.132736
5229,0.132736
5230,0.132904
5231,0.132904
5232,0.132904
5233,0.132818
5234,0.132818
5235,0.132818
5236,0.132869
5237,0.132869
5238,0.132869
5239,0.132888
5240,0.132888
5241,0.132888
5242,0.132869
5243,0.132869
5244,0.132869
5245,0.130565
5246,0.130565
5247,0.130565
5248,0.131035
5249,0.131035
5250,0.131035
5251,0.130784
5252,0.130784
5253,0.130784
5254,0.130886
5255,0.130886
5256,0.130886
5257,0.131274
5258,0.131274
5259,0.131274
5260,0.149735
5261,0.149735
5262,0.149735
5263,0.175293
5264,0.175293
5265,0.175293
5266,0.200283
5267,0.200283
5268,0.200283
5269,0.23378
5270,0.23378
5271,0.23378
5272,0.267689
5273,0.267689
5274,0.267689
5275,0.286836
5276,0.286836
5277,0.286836
5278,0.302252
5279,0.302252
5280,0.302252
5281,0.308734
5282,0.308734
5283,0.308734
5284,0.305944
5285,0.305944
5286,0.305944
5287,0.301241
5288,0.301241
5289,0.301241
5290,0.298044
5291,0.298044
5292,0.298044
5293,0.3077
5294,0.3077
5295,0.3077
5296,0.323037
5297,0.323037
5298,0.323037
5299,0.373358
5300,0.373358
5301,0.373358
5302,0.411307
5303,0.411307
5304,0.411307
5305,0.473415
5306,0.473415
5307,0.473415
5308,0.50859
5309,0.50859
5310,0.50859
5311,0.539458
5312,0.539458
5313,0.539458
5314,0.566007
5315,0.566007
5316,0.566007
5317,0.584829
5318,0.584829
5319,0.584829
5320,0.611453
5321,0.611453
5322,0.611453
5323,0.619032
5324,0.619032
5325,0.619032
5326,0.614482
5327,0.614482
5328,0.614482
5329,0.611951
5330,0.611951
5331,0.611951
5332,0.602483
5333,0.602483
5334,0.602483
5335,0.588822
5336,0.588822
5337,0.588822
5338,0.580542
5339,0.580542
5340,0.580542
5341,0.572226
5342,0.572226
5343,0.572226
5344,0.569389
5345,0.569389
5346,0.569389
5347,0.549533
5348,0.549533
5349,0.549533
5350,0.552746
5351,0.552746
5352,0.552746
5353,0.558573
5354,0.558573
5355,0.558573
5356,0.568155
5357,0.568155
5358,0.568155
5359,0.570827
5360,0.570827
5361,0.570827
5362,0.57569
5363,0.57569
5364,0.57569
5365,0.54032
5366,0.54032
5367,0.54032
5368,0.513128
5369,0.513128
5370,0.513128
5371,0.493934
5372,0.493934
5373,0.493934
5374,0.497661
5375,0.497661
5376,0.497661
5377,0.492351
5378,0.492351
5379,0.492351
5380,0.489564
5381,0.489564
5382,0.489564
5383,0.476237
5384,0.476237
5385,0.476237
5386,0.458548
5387,0.458548
5388,0.458548
5389,0.449346
5390,0.449346
5391,0.449346
5392,0.445471
5393,0.445471
5394,0.445471
5395,0.437629
5396,0.437629
5397,0.437629
5398,0.449288
5399,0.449288
5400,0.449288
5401,0.460421
5402,0.460421
5403,0.460421
5404,0.471954
5405,0.471954
5406,0.471954
5407,0.480802
5408,0.480802
5409,0.480802
5410,0.490391
5411,0.490391
5412,0.490391
5413,0.494471
5414,0.494471
5415,0.494471
5416,0.499071
5417,0.499071
5418,0.499071
5419,0.508033
5420,0.508033
5421,0.508033
5422,0.508606
5423,0.508606
5424,0.508606
5425,0.523042
5426,0.523042
5427,0.523042
5428,0.534783
5429,0.534783
5430,0.534783
5431,0.541147
5432,0.541147
5433,0.541147
5434,0.546037
5435,0.546037
5436,0.546037
5437,0.547719
5438,0.547719
5439,0.547719
5440,0.555987
5441,0.555987
5442,0.555987
5443,0.562245
5444,0.562245
5445,0.562245
5446,0.567959
5447,0.567959
5448,0.567959
5449,0.574934
5450,0.574934
5451,0.574934
5452,0.58611
5453,0.58611
5454,0.58611
5455,0.590543
5456,0.590543
5457,0.590543
5458,0.593799
5459,0.593799
5460,0.593799
5461,0.595625
5462,0.595625
5463,0.595625
5464,0.607577
5465,0.607577
5466,0.607577
5467,0.617143
5468,0.617143
5469,0.617143
5470,0.638375
5471,0.638375
5472,0.638375
5473,0.641325
5474,0.641325
5475,0.641325
5476,0.642681
5477,0.642681
5478,0.642681
5479,0.643908
5480,0.643908
5481,0.643908
5482,0.646784
5483,0.646784
5484,0.646784
5485,0.649194
5486,0.649194
5487,0.649194
5488,0.649606
5489,0.649606
5490,0.649606
5491,0.650695
5492,0.650695
5493,0.650695
5494,0.651224
5495,0.651224
5496,0.651224
5497,0.675669
5498,0.675669
5499,0.675669
5500,0.70031
5501,0.70031
5502,0.70031
5503,0.733604
5504,0.733604
5505,0.733604
5506,0.749279
5507,0.749279
5508,0.749279
5509,0.776361
5510,0.776361
5511,0.776361
5512,0.792957
5513,0.792957
5514,0.792957
5515,0.797299
5516,0.797299
5517,0.797299
5518,0.8019
5519,0.8019
5520,0.8019
5521,0.824433
5522,0.824433
5523,0.824433
5524,0.822058
5525,0.822058
5526,0.822058
5527,0.823414
5528,0.823414
5529,0.823414
5530,0.824719
5531,0.824719
5532,0.824719
5533,0.827932
5534,0.827932
5535,0.827932
5536,0.828073
5537,0.828073
5538,0.828073
5539,0.82589
5540,0.82589
5541,0.82589
5542,0.824613
5543,0.824613
5544,0.824613
5545,0.831745
5546,0.831745
5547,0.831745
5548,0.831522
5549,0.831522
5550,0.831522
5551,0.831925
5552,0.831925
5553,0.831925
5554,0.831749
5555,0.831749
5556,0.831749
5557,0.830859
5558,0.830859
5559,0.830859
5560,0.830134
5561,0.830134
5562,0.830134
5563,0.830585
5564,0.830585
5565,0.830585
5566,0.828653
5567,0.828653
5568,0.828653
5569,0.829331
5570,0.829331
5571,0.829331
5572,0.821552
5573,0.821552
5574,0.821552
5575,0.818523
5576,0.818523
5577,0.818523
5578,0.816615
5579,0.816615
5580,0.816615
5581,0.816164
5582,0.816164
5583,0.816164
5584,0.815631
5585,0.815631
5586,0.815631
5587,0.817986
5588,0.817986
5589,0.817986
5590,0.820526
5591,0.820526
5592,0.820526
5593,0.821509
5594,0.821509
5595,0.821509
5596,0.823445
5597,0.823445
5598,0.823445
5599,0.821881
5600,0.821881
5601,0.821881
5602,0.821576
5603,0.821576
5604,0.821576
5605,0.821282
5606,0.821282
5607,0.821282
5608,0.820145
5609,0.820145
5610,0.820145
5611,0.819189
5612,0.819189
5613,0.819189
5614,0.818468
5615,0.818468
5616,0.818468
5617,0.816407
5618,0.816407
5619,0.816407
5620,0.81156
5621,0.81156
5622,0.81156
5623,0.810309
5624,0.810309
5625,0.810309
5626,0.809502
5627,0.809502
5628,0.809502
5629,0.80931
5630,0.80931
5631,0.80931
5632,0.808417
5633,0.808417
5634,0.808417
5635,0.809267
5636,0.809267
5637,0.809267
5638,0.810842
5639,0.810842
5640,0.810842
5641,0.811528
5642,0.811528
5643,0.811528
5644,0.812292
5645,0.812292
5646,0.812292
5647,0.815788
5648,0.815788
5649,0.815788
5650,0.815396
5651,0.815396
5652,0.815396
5653,0.812974
5654,0.812974
5655,0.812974
5656,0.808895
5657,0.808895
5658,0.808895
5659,0.807993
5660,0.807993
5661,0.807993
5662,0.80857
5663,0.80857
5664,0.80857
5665,0.808758
5666,0.808758
5667,0.808758
5668,0.80833
5669,0.80833
5670,0.80833
5671,0.804655
5672,0.804655
5673,0.804655
5674,0.804945
5675,0.804945
5676,0.804945
5677,0.806003
5678,0.806003
5679,0.806003
5680,0.806246
5681,0.806246
5682,0.806246
5683,0.806124
5684,0.806124
5685,0.806124
5686,0.805184
5687,0.805184
5688,0.805184
5689,0.805203
5690,0.805203
5691,0.805203
5692,0.80574
5693,0.80574
5694,0.80574
5695,0.809729
5696,0.809729
5697,0.809729
5698,0.810646
5699,0.810646
5700,0.810646
5701,0.808287
5702,0.808287
5703,0.808287
5704,0.805964
5705,0.805964
5706,0.805964
5707,0.805062
5708,0.805062
5709,0.805062
5710,0.805685
5711,0.805685
5712,0.805685
5713,0.805129
5714,0.805129
5715,0.805129
5716,0.805924
5717,0.805924
5718,0.805924
5719,0.80614
5720,0.80614
5721,0.80614
5722,0.808907
